502		29.1417		29.2125		29.8383		31.4964		31.1969		31.6438		33.4625
503		43.2049		43.294		44.1186		45.034		45.8609		46.5191		46.8105
504		56.4594		56.5764		57.1405		57.7431		64.403		65.0636		65.6101
505		52.3275		52.3875		53.1047		53.7022		54.225		54.837		55.575
506		44.7697		44.9046		45.4226		45.934		46.4596		47.0503		47.5301
507		41.135		41.1767		41.7636		42.3311		42.9414		43.5433		43.73
508		24.249		24.3365		25.0786		25.9721		27.0673		28.0788		29.7952
509		19.8582		19.954		21.1067		22.6923		24.7549		26.6765		27.7887
510		17.7988		17.9673		19.2862		20.825		23.0436		25.6727		27.3302
511		14.8101		15.4064		18.9438		23.0676		27.5621		32.2995		38.985
512		51.3519		55.4894		53.1293		70.852		85.589		100.443		108.653
513		88.3333		91.5476		114.8214	148.214		180.969		216.339		250.357
514		131.075		131.2625	134.8304	146		164.4688	185.375		207.625
515		19.5536		20.0446		21.761		23.8857		26.1393		29.7929		33.4643
516		18.7188		18.9141		19.888		21.1944		22.6219		24.5469		26.0156
517		35.5083		35.7139		36.4844		37.24		38.0312		38.7792		39.5083
518		44.0429		44.1557		44.623		45.3371		46.0625		46.6964		47.2357
519		54.5286		54.669		55.1583		55.7114		56.3027		56.8357		57.35
520		74.1786		74.2881		74.9386		74.5548		76.0893		76.625		77.15
521		54.3857		54.4464		55.0133		56.5846		56.21		56.8679		57.2071
522		32.5		32.7367		33.882		34.77		35.6887		36.4233		36.705
523		27.86		27.97		28.9763		29.9114		30.6875		31.275		31.81
