1		38.6111		0.597598
2		37.0323		7.71621e-07
3		38.3361		0.393648
4		38.1597		0.0157432
5		37.5088		5.92397e-05
6		37.0275		0.000189951
7		37.5591		1.62968e-05
8		37.8472		0.00150606
9		37.1879		1.39087e-06
10		37.168		0.000454002
11		37.2535		5.25678e-05
12		38.0125		0.161796
13		38.0426		0.0275715
14		38.2287		0.1196
15		38.0841		2.40312e-07
16		37.0516		8.2096e-08
17		37.9148		0.000830376
18		37.4477		0.136568
19		38.9086		0.00151573
20		37.7051		0.52959
21		38.0483		9.54547e-06
22		37.5141		3.18064e-06
23		38.9808		0.6762
24		37.5482		0.0777862
25		36.9026		1.32099e-07
26		37.186		0.433874
27		37.8888		0.000720643
28		37.6897		0.000520537
29		37.7444		0.0681097
30		37.782		0.0368245
31		37.5213		0.000183052
32		38.0434		0.000143905
33		37.9426		0.200997
34		38.1736		2.17382e-05
35		38.372		0.339608
36		37.6689		9.1736e-05
37		38.4375		0.00343846
38		37.5248		2.21499e-05
39		37.3613		2.86711e-06
40		37.4862		0.181128
41		38.3664		1.51197e-05
42		38.3922		1.16929
43		37.4707		1.1359e-05
44		38.0753		2.48086e-05
45		37.9204		0.000291379
46		37.7427		8.66214e-05
47		37.1168		5.37288e-06
48		38.4539		0.189487
49		38.731		0.548905
50		37.8937		5.31529e-05
51		38.1022		0.225089
52		38.4353		0.520985
53		37.7484		1.0989e-05
54		38.8909		0.484773
55		38.4851		0.791314
56		37.5649		0.000203948
57		37.18		2.69805e-07
58		38.5363		0.523178
59		37.3013		1.53364e-06
60		38.6145		0.168983
61		37.1765		3.45231e-07
62		38.2783		0.451702
63		37.7192		7.54189e-05
64		37.8353		0.000238732
65		38.1114		0.378723
66		38.5585		0.514002
67		37.8302		5.93877e-05
68		38.0678		4.7149e-07
69		37.519		0.000465864
70		37.9241		0.172907
71		37.2894		5.99196e-06
72		36.9423		1.13986e-07
73		38.364		0.000616924
74		37.3194		9.04215e-07
75		37.1307		1.31494e-06
76		38.625		0.779465
77		37.4707		1.4608e-06
78		37.4414		0.000938954
79		38.5382		5.64478e-05
80		38.0034		0.174669
81		37.9583		0.497288
82		37.1551		7.894e-09
83		37.4357		0.0290545
84		37.4416		0.0278525
85		38.2489		0.607438
86		38.2474		0.448674
87		37.5885		0.00018547
88		37.6475		1.38621e-05
89		38.3161		0.88625
90		37.2864		3.5405e-06
91		38.5023		0.689398
92		38.068		0.000125361
93		37.4457		7.1843e-05
94		38.5951		1.26563
95		37.7166		0.165734
96		37.0268		3.63726e-06
97		37.9965		0.000361092
98		38.8605		0.000571036
99		38.1433		0.217886
100		37.6846		0.118319
101		37.3928		7.20613e-06
102		37.6255		2.23697e-09
103		38.667		0.399462
104		38.3725		0.000143588
105		38.253		0.648261
106		37.3047		2.80008e-07
107		37.2825		0.000113879
108		37.9961		0.15721
109		37.2995		8.67345e-05
110		38.0064		0.698574
111		38.1453		0.471706
112		38.341		0.29333
113		37.7103		0.000158238
114		37.0391		1.94189e-07
115		37.8405		7.92246e-05
116		37.3007		2.18545e-07
117		36.7977		4.94799e-07
118		37.463		2.4677e-05
119		39.3321		1.16559
120		37.858		0.410333
121		37.154		2.07616e-06
122		37.3208		7.2516e-07
123		37.3243		7.9548e-07
124		38.6537		1.22692
125		37.8282		1.8949e-05
126		37.7468		0.192971
127		38.2888		0.00468368
128		37.9106		3.4718e-06
129		37.4303		0.229091
130		38.5729		1.47381
131		38.4515		0.613996
132		38.3959		0.687492
133		38.35		0.000420107
134		38.157		0.195169
135		37.7835		2.38156e-08
136		37.5729		9.45519e-08
137		38.5212		0.883891
138		38.6836		1.38275
139		37.3767		8.82129e-07
140		38.0246		0.385082
141		38.4249		0.376654
142		38.25		0.00037497
143		38.3517		0.143342
144		38.6947		0.425926
145		37.7103		1.72779e-05
146		38.2067		0.688858
147		37.5919		7.96421e-06
148		37.8374		0.249625
149		38.4864		1.08139
150		37.8111		4.36333e-06
151		38.414		0.581419
152		37.5212		0.434325
153		37.2739		3.77097e-05
154		37.321		8.43494e-07
155		37.6552		2.44678e-05
156		37.2266		1.45028e-07
157		37.9813		0.000494655
158		38.6451		1.12677
159		37.0293		1.29918e-06
160		37.7052		1.38389e-07
161		37.3949		1.11433e-07
162		38.5276		6.25157e-09
163		37.9929		0.000487501
164		37.6996		0.309129
165		38.3511		0.280608
166		37.5569		0.357246
167		38.7957		0.727634
168		38.1606		0.235005
169		37.4546		5.5152e-06
170		37.8547		0.425429
171		37.2737		4.02206e-07
172		38.7853		1.22814
173		37.8792		0.0375824
174		38.2529		0.000656066
175		38.3399		1.77384e-06
176		37.41		1.11334e-07
177		37.6448		1.74485e-06
178		38.5167		0.0396854
179		38.1939		0.00021418
180		38.1013		0.00166125
181		37.4465		9.47177e-07
182		37.4157		5.16317e-07
183		38.5347		0.742606
184		37.7298		1.62105e-05
185		37.6264		3.05349e-06
186		37.8236		0.0370864
187		38.1622		2.67451e-05
188		38.1834		0.000110324
189		37.8512		0.819083
190		38.6279		0.845058
191		37.8812		0.327468
192		37.6968		5.49359e-07
193		38.4252		0.640123
194		37.5885		4.39492e-07
195		37.0419		6.76136e-05
196		37.6794		4.86535e-05
197		37.2046		2.49304e-05
198		37.9153		3.4166e-05
199		38.8061		0.674196
200		38.201		0.031486
201		36.7513		7.03853e-06
202		38.0921		0.373064
203		37.1203		2.91275e-05
204		37.675		4.57648e-06
205		38.7422		0.767134
206		38.1294		0.711759
207		36.8369		2.65485e-05
208		38.0597		0.1907
209		38.137		0.691945
210		37.4732		1.17413e-05
211		38.1269		7.81857e-06
212		38.4472		0.000730362
213		37.0213		9.13661e-06
214		37.4579		0.000416515
215		38.0063		0.000184373
216		38.3635		0.649938
217		37.0013		7.41608e-05
218		37.9532		1.33512e-05
219		39.3742		1.08741
220		38.024		0.173871
221		36.6093		3.55908e-05
222		38.7		1.46995
223		37.5985		7.80697e-07
224		37.8943		3.8096e-05
225		38.0572		2.27809e-06
226		37.8711		0.107985
227		37.884		0.26442
228		38.4051		0.765898
229		37.8612		9.96985e-05
230		37.2654		6.62174e-08
231		37.3821		3.84479e-05
232		37.8793		3.53165e-05
233		37.9066		0.456782
234		37.6212		6.96509e-05
235		36.9606		7.87877e-05
236		37.8255		0.000289895
237		37.4461		0.000185453
238		36.4089		1.81097e-08
239		38.3483		0.798133
240		37.7297		0.823238
241		37.9746		0.537704
242		38.3516		0.798573
243		37.022		3.00933e-06
244		37.6328		5.67407e-05
245		37.8362		1.81382e-07
246		37.2974		2.01946e-06
247		38.0756		0.000339863
248		37.0689		6.09379e-06
249		37.5162		0.0766948
250		37.6387		0.000135367
251		37.3501		0.000799606
252		37.001		1.99057e-07
253		36.8272		3.23809e-05
254		37.6458		2.87203e-06
255		38.7003		0.786241
256		37.8087		1.29477e-06
257		38.4143		1.46083e-06
258		37.8639		6.61142e-05
259		38.6808		0.787815
260		37.7657		5.30554e-05
261		37.7654		3.99948e-07
262		38.1365		0.181819
263		38.3713		0.436429
264		37.9162		0.788688
265		37.9486		0.000118904
266		38.2211		0.000206492
267		37.1976		0.000184774
268		38.2272		0.570819
269		38.8579		0.383606
270		37.3047		0.0746117
271		35.8993		3.70449e-08
272		37.4418		4.04004e-05
273		37.8354		4.81023e-09
274		37.9253		1.85063e-05
275		37.2827		1.64273e-07
276		37.9535		6.85004e-06
277		37.9938		0.346156
278		37.5757		0.0620237
279		37.1897		3.56804e-06
280		37.191		2.22364e-06
281		38.1128		0.194823
282		37.5661		0.112175
283		37.5381		7.35913e-07
284		37.6066		0.111021
285		38.0479		6.73902e-06
286		38.035		0.181647
287		38.8932		1.1712
288		38.5147		0.508984
289		38.1178		0.308924
290		37.4854		3.11429e-07
291		37.9011		6.5928e-06
292		37.1724		6.66003e-08
293		38.0726		0.340108
294		38.1061		0.000743126
295		38.2495		8.40413e-06
296		37.9271		0.575641
297		37.4213		3.98525e-09
298		37.724		1.53663e-05
299		37.2582		1.35899e-05
300		37.2648		0.045596
301		38.4794		0.364826
302		38.0985		7.68524e-06
303		37.9138		4.72787e-06
304		37.1234		1.51738e-06
305		38.9407		0.684061
306		38.6404		1.27317
307		37.3939		7.48975e-08
308		37.5953		0.438188
309		38.851		0.408828
310		38.1632		0.204578
311		37.7085		0.540651
312		37.8405		0.0223045
313		36.8282		8.16018e-05
314		37.5525		1.03671e-08
315		38.9338		0.975645
316		38.2833		0.671046
317		37.5471		0.230289
318		37.983		0.122178
319		37.3755		7.59982e-06
320		37.9241		0.289268
321		38.0511		0.831255
322		37.6841		0.0121044
323		37.3718		2.46138e-07
324		37.1301		1.79374e-05
325		37.3344		7.81207e-07
326		37.9313		0.0624215
327		37.714		7.63139e-05
328		37.8004		3.02645e-05
329		37.3434		0.145619
330		38.6709		0.621778
331		37.1813		5.72146e-05
332		37.6889		5.03505e-07
333		37.9219		0.0304482
334		37.5275		0.000156232
335		37.2828		0.000296223
336		37.7445		0.000167779
337		37.707		2.35988e-05
338		37.8031		4.24808e-06
339		37.4839		0.0465762
340		39.1126		1.2661
341		37.508		8.72567e-05
342		38.1299		0.00314265
343		37.9539		0.105243
344		38.4492		0.707016
345		37.8946		0.139883
346		38.4256		0.161946
347		37.4784		5.98836e-10
348		37.7557		1.21607e-06
349		37.3947		0.000182918
350		37.3686		1.07718e-07
351		39.148		0.917966
352		37.6397		0.0272542
353		37.4514		6.0335e-07
354		38.0965		5.12992e-05
355		38.5239		0.688992
356		37.5275		0.0413628
357		37.3279		1.34401e-07
358		38.3589		0.024055
359		37.5812		0.000374114
360		37.9341		0.181566
361		37.3556		1.01438e-05
362		38.6302		0.497285
363		37.2135		1.66468e-05
364		38.1589		5.37445e-05
365		37.735		0.000660693
366		38.5269		0.425306
367		37.1254		1.16311e-05
368		37.5317		0.0818331
369		38.7111		0.000282923
370		39.4588		1.38398
371		38.0702		0.259835
372		37.4521		0.000597878
373		37.7024		0.0673091
374		37.2528		6.22096e-06
375		37.6617		1.06855e-05
376		36.7574		2.38635e-07
377		38.043		1.05922e-05
378		37.6046		3.93128e-06
379		36.5496		1.36854e-08
380		37.4832		1.15363e-06
381		38.3902		0.632223
382		38.3555		0.389373
383		38.8707		1.46657
384		37.9677		0.994778
385		37.7151		0.14571
386		37.7834		0.262493
387		37.5112		2.73628e-05
388		37.8183		1.15536e-06
389		38.2028		5.04584e-06
390		38.7853		0.636285
391		37.9417		0.591245
392		38.1193		5.7986e-05
393		38.4665		9.64829e-06
394		37.7081		1.83532e-05
395		38.524		7.02658e-06
396		37.2568		1.12806e-05
397		37.167		0.000121093
398		38.5739		0.375316
399		37.9919		0.50892
400		37.5228		0.160262
401		37.5943		0.0832091
402		38.4515		0.556932
403		37.9057		0.551394
404		37.9953		5.23417e-06
405		37.798		0.088851
406		37.4031		1.6846e-05
407		38.2751		0.812862
408		37.0712		1.31568e-07
409		37.4		3.04688e-05
410		37.7475		0.540332
411		38.6303		1.48819
412		37.2883		8.52701e-07
413		37.9556		1.86148e-05
414		37.5385		0.242999
415		38.1067		0.908956
416		37.7544		4.50251e-05
417		37.873		0.0942625
418		37.82		0.263425
419		38.2247		0.225107
420		37.8735		0.194832
421		37.8825		4.67045e-05
422		38.1651		0.763041
423		38.0971		0.711107
424		38.1518		4.70301e-07
425		36.8576		2.84518e-07
426		37.7289		0.310719
427		38.4402		0.213618
428		37.2041		9.37787e-11
429		38.5926		0.70526
430		38.0568		0.543869
431		37.4269		0.00464046
432		38.059		0.508324
433		38.0449		0.207409
434		36.469		5.36589e-07
435		38.431		0.45711
436		38.5346		0.522549
437		38.0837		0.683678
438		38.3614		0.989938
439		37.4963		4.29518e-06
440		38.6517		0.775902
441		37.894		4.39008e-07
442		37.7174		0.502195
443		37.3296		0.000202306
444		38.2428		0.774138
445		37.1195		3.35718e-05
446		38.2614		0.726927
447		38.0945		6.26748e-05
448		37.9569		0.4179
449		38.2106		0.000117185
450		37.4415		0.000310886
451		38.2107		0.457608
452		37.5104		0.000665343
453		37.4419		0.000194059
454		36.9986		1.76294e-06
455		37.6665		0.175548
456		37.8445		0.389709
457		37.6619		0.000318503
458		37.7569		0.412949
459		38.0773		0.248606
460		38.4038		0.518227
461		37.2352		1.22806e-06
462		37.749		0.326207
463		37.7816		0.0354009
464		38.2344		0.372514
465		38.2945		0.848574
466		38.2599		0.248102
467		38.8044		1.47067
468		38.349		0.32182
469		37.1842		0.000268406
470		38.3631		0.0338514
471		38.5064		0.75712
472		37.1055		1.26271e-06
473		38.2339		7.12503e-07
474		37.8309		7.6347e-07
475		37.1654		2.03884e-07
476		37.6646		0.443663
477		38.6291		0.673092
478		38.4043		0.491573
479		38.6708		0.00265891
480		37.7696		0.0013908
481		37.5984		0.794615
482		38.3499		0.496808
483		37.9912		0.367748
484		37.954		3.87875e-06
485		37.5996		0.00012447
486		37.8805		0.184994
487		37.8761		0.0231706
488		37.7293		0.752459
489		38.1161		0.68781
490		37.5958		0.000838982
491		38.5133		0.483878
492		37.2578		2.15292e-05
493		36.9479		7.43083e-07
494		36.6403		6.95711e-06
495		38.3323		4.80154e-05
496		38.7784		0.995422
497		38.2432		0.309422
498		38.2534		0.276704
499		38.6537		0.966873
500		37.9143		0.202747
