1		38.5526		0.688815
2		36.8734		2.522e-05
3		37.6872		8.98195e-06
4		37.8165		0.000334183
5		37.5294		3.17752e-08
6		38.2255		0.505866
7		38.1996		0.666294
8		38.0197		0.104487
9		37.454		5.45058e-06
10		38.5297		0.664287
11		37.8004		0.340223
12		38.0082		0.0072854
13		38.9387		0.469102
14		38.2364		4.02158e-06
15		38.1633		0.305198
16		38.1397		0.539881
17		38.1023		1.55058
18		37.7749		0.000243346
19		37.5659		0.00223379
20		38.0796		3.12544e-06
21		38.8364		1.48375
22		38.0664		3.04191e-06
23		37.4409		4.88391e-05
24		38.0346		0.245039
25		37.785		0.00016076
26		37.74		0.00147806
27		37.7994		0.0671645
28		38.8789		0.693978
29		37.9777		1.76003e-07
30		37.2384		2.32295e-06
31		38.2432		7.9087e-05
32		37.5998		0.693197
33		38.1817		6.00585e-05
34		37.7872		0.000584067
35		37.672		0.472027
36		37.8018		6.63057e-08
37		38.1662		5.60562e-06
38		38.9128		0.44372
39		36.7459		0.000246351
40		37.9115		0.0233722
41		37.7823		2.54205e-07
42		37.2758		5.28936e-05
43		37.6834		5.96032e-07
44		38.1132		0.000254995
45		37.5743		1.95573e-05
46		38.0983		6.08514e-05
47		37.9597		0.335165
48		38.067		0.145287
49		37.8219		0.26691
50		38.6861		0.755559
51		38.5948		0.186366
52		37.8844		0.000536206
53		37.2584		1.7348e-05
54		37.2234		3.02358e-05
55		37.8829		0.0938325
56		37.7172		3.31515e-07
57		37.9679		0.105248
58		38.1945		1.52116e-05
59		38.188		0.268878
60		38.0732		0.519525
61		36.969		4.26335e-05
62		38.0864		0.19182
63		37.6646		5.7812e-05
64		37.1248		0.336904
65		37.4649		6.83035e-06
66		38.1954		4.75348e-06
67		37.2643		4.40116e-08
68		37.712		8.90038e-06
69		38.4064		0.597622
70		38.7929		0.926298
71		37.9028		9.4585e-05
72		38.0177		0.278564
73		37.4875		1.00223e-05
74		37.5694		8.20648e-06
75		39.0915		1.54282
76		36.9814		4.58943e-06
77		38.0799		0.542239
78		37.2892		0.000167351
79		38.0602		9.09659e-05
80		37.9041		0.512269
81		37.17		2.52892e-07
82		37.8443		0.000513087
83		37.5296		8.30569e-05
84		38.0309		0.147443
85		37.7608		1.64158e-05
86		38.794		0.812443
87		37.2025		0.000396689
88		37.5506		0.000134464
89		38.1771		0.091416
90		38.1996		0.371886
91		37.7602		8.76954e-05
92		37.745		0.20891
93		38.3676		0.764537
94		37.7949		0.302809
95		38.1978		0.0190799
96		38.2937		1.00104
97		37.7529		0.0652091
98		38.2655		0.16836
99		37.8903		0.444514
100		37.7506		0.223636
101		37.6525		3.74873e-05
102		37.9252		2.69334e-05
103		37.3165		0.683088
104		37.9685		0.0646545
105		38.0456		0.580684
106		38.04		0.276481
107		37.4559		3.47091e-05
108		37.9579		0.557105
109		38.5878		0.614956
110		37.2616		5.56784e-05
111		37.4994		0.00170387
112		37.9074		6.76423e-06
113		37.7055		8.85898e-05
114		37.8921		3.27227e-07
115		37.4319		9.05619e-06
116		37.7127		0.000247109
117		37.2792		0.000106971
118		38.4785		0.524243
119		37.4061		0.0903618
120		37.4907		9.37399e-07
121		38.6155		1.11144
122		37.8761		8.28004e-08
123		37.2572		0.00051306
124		37.5233		0.000896325
125		37.6186		0.162217
126		37.3616		5.33381e-07
127		38.7012		0.169799
128		38.0413		3.1932e-10
129		38.3247		0.523557
130		37.01		0.000465584
131		38.1191		0.202951
132		37.1111		4.99582e-05
133		38.148		0.54439
134		37.9801		2.71963e-05
135		38.5078		0.331072
136		37.222		0.241445
137		38.3514		0.00241199
138		38.8526		0.451113
139		38.3553		0.329319
140		37.2554		9.37599e-08
141		37.3437		2.81541e-05
142		37.2277		5.23213e-08
143		38.2218		4.83336e-06
144		37.5695		8.52017e-06
145		37.7958		0.000157111
146		37.7373		1.64207e-07
147		37.7535		1.44713e-05
148		38.0755		0.117028
149		38.97		0.577336
150		38.0392		0.485146
151		37.1073		4.39153e-05
152		37.9598		1.5888e-07
153		38.0398		1.11426e-05
154		37.0737		3.63582e-07
155		37.8499		0.0850352
156		37.7191		0.759851
157		37.7313		0.000166916
158		37.9906		0.793302
159		38.2901		0.611979
160		37.3967		2.37971e-07
161		38.2522		0.773511
162		38.3172		0.774213
163		37.0822		8.64417e-07
164		36.9818		8.82809e-07
165		37.4659		4.16553e-07
166		38.097		0.260647
167		37.5882		0.000381491
168		37.7636		0.0947455
169		37.4958		4.16731e-08
170		37.2705		2.67425e-08
171		37.4361		0.000808895
172		37.2656		1.58176e-07
173		37.7567		0.401648
174		38.481		0.605596
175		37.8156		0.00013929
176		37.8739		1.34858e-05
177		37.6432		1.57809e-05
178		37.5212		0.000180243
179		39.2957		1.5434
180		37.745		0.112024
181		38.7395		0.657406
182		37.8582		2.75786e-06
183		38.3941		0.000522054
184		38.4443		0.83349
185		38.3872		0.582108
186		37.5779		6.26767e-05
187		38.1173		5.69734e-05
188		37.9134		2.64046e-05
189		38.9304		0.684981
190		38.6214		1.55413
191		37.6747		0.0275635
192		37.2134		1.13603e-05
193		36.7776		2.23085e-07
194		38.8986		0.271181
195		37.7573		0.172405
196		38.6483		1.17623
197		38.2527		0.306287
198		37.4111		4.01056e-05
199		37.8635		0.00133984
200		38.3246		0.134585
201		37.5581		4.10785e-05
202		37.4058		1.91772e-06
203		36.8117		1.87704e-07
204		37.3859		0.102291
205		38.5649		0.310523
206		37.7913		0.337714
207		38.3289		0.000535362
208		38.1555		0.101688
209		38.0649		2.88113e-05
210		37.7514		6.20676e-05
211		39.0229		1.48462
212		38.2932		1.89316e-06
213		38.8203		0.666908
214		39.2437		0.515255
215		38.1299		0.229499
216		38.5154		0.748699
217		38.6522		0.968726
218		38.4488		0.334008
219		37.0821		0.000234684
220		37.7981		0.408476
221		38.151		0.351972
222		37.7262		0.0338542
223		38.4122		0.17658
224		37.9237		0.257927
225		37.0203		2.188e-06
226		38.164		1.12651e-05
227		38.6954		0.677403
228		37.8182		2.14803e-08
229		37.9122		1.67381e-05
230		37.7526		0.000125395
231		37.8749		0.0722807
232		38.2106		0.177279
233		38.0598		7.39184e-07
234		37.7266		6.63696e-05
235		38.9803		1.06226
236		38.6547		0.692187
237		37.7397		0.00034132
238		37.3358		8.25608e-07
239		38.2525		1.89916e-05
240		37.4299		6.37455e-07
241		38.672		0.386762
242		37.7374		8.25424e-05
243		38.3804		0.761371
244		37.4274		1.84119e-05
245		38.2362		0.544658
246		38.0981		1.77758e-06
247		37.3892		0.00131469
248		38.0309		1.26289e-05
249		37.7407		0.72824
250		38.1522		3.75905e-05
251		36.8258		6.68529e-07
252		38.0805		0.576781
253		37.9435		0.201368
254		37.7935		8.99419e-07
255		38.0498		0.0508653
256		38.1679		0.787563
257		37.9821		7.72379e-06
258		37.3645		0.000130722
259		38.1151		0.562329
260		37.0552		5.91297e-06
261		37.8844		0.395508
262		38.4886		0.0437077
263		37.8911		2.28753e-05
264		38.3824		0.860517
265		38.6042		0.625199
266		37.9931		5.38453e-05
267		38.0007		3.94928e-05
268		38.469		0.322276
269		38.4039		5.21587e-05
270		37.5335		9.93845e-06
271		38.2096		0.586951
272		38.2392		0.760954
273		37.4581		4.9691e-08
274		37.5625		2.75525e-07
275		38.0118		0.0588727
276		37.7702		4.5806e-06
277		37.9245		0.16631
278		37.9957		0.300241
279		38.1774		0.0441235
280		37.506		4.08181e-05
281		38.3257		2.48958e-06
282		37.8772		0.258619
283		38.2782		0.400558
284		37.5943		7.74096e-06
285		38.0238		0.000264351
286		37.3851		2.80468e-07
287		38.4938		0.730289
288		37.7343		8.64398e-07
289		37.4671		0.146053
290		38.1271		0.0565939
291		38.0703		0.218733
292		37.9612		5.45568e-05
293		37.1266		2.99394e-06
294		37.9141		0.00636812
295		37.2323		0.399403
296		38.064		3.21905e-05
297		38.6295		0.0771119
298		38.1988		0.000480901
299		37.3138		1.53028e-05
300		37.9274		3.31443e-07
301		37.3646		0.269345
302		36.899		6.4451e-06
303		38.2265		0.478648
304		37.495		7.43804e-06
305		37.1086		2.37677e-06
306		37.9104		6.31013e-06
307		37.3642		0.00010501
308		38.5702		0.545213
309		37.5441		9.42674e-07
310		37.4205		1.04256e-05
311		37.9464		9.41005e-06
312		38.2001		0.110605
313		38.2934		3.23232e-05
314		37.3496		0.000101992
315		37.2816		3.99266e-08
316		37.7051		1.77532e-06
317		37.8598		0.00012669
318		37.1516		9.42348e-07
319		37.7935		0.296493
320		37.6585		2.45178e-08
321		38.0738		6.77015e-06
322		37.9568		0.358208
323		37.9921		0.583498
324		37.9852		1.07683
325		38.8303		1.54687
326		37.7603		6.89903e-05
327		38.079		1.00576e-05
328		37.8916		0.598229
329		37.9908		0.000619081
330		38.7639		0.19701
331		38.1107		0.772075
332		37.3562		3.34059e-09
333		38.4936		0.539007
334		37.8974		1.09393e-05
335		37.6831		6.60026e-05
336		37.6032		0.00091254
337		37.6242		2.01403e-07
338		38.3021		1.27214
339		37.6344		0.0349584
340		37.8774		0.185811
341		38.3291		0.0851081
342		37.7311		0.00110506
343		38.0613		0.70664
344		37.7909		2.35582e-06
345		36.6486		2.24242e-08
346		38.6995		1.41015
347		37.5056		0.125829
348		38.0119		0.0669507
349		38.6915		0.615149
350		37.643		3.45746e-05
351		38.0545		0.846083
352		37.0276		1.11739e-06
353		37.5866		6.3346e-07
354		37.9695		0.540635
355		38.1682		0.67879
356		37.7828		1.19586e-06
357		36.9392		1.12149e-07
358		38.2954		1.23015e-06
359		36.4347		9.77666e-07
360		38.6994		0.749889
361		37.2115		2.54176e-06
362		38.1958		0.226546
363		37.4857		1.87578e-07
364		38.0021		0.000139108
365		38.2489		0.0113008
366		36.9534		0.000124928
367		38.4941		0.883427
368		38.4703		0.51991
369		37.9881		2.09344e-05
370		38.016		0.337199
371		36.8891		2.72996e-06
372		36.5365		5.47442e-07
373		37.1497		2.16372e-05
374		38.0124		8.7545e-08
375		38.3851		0.54962
376		38.1117		0.289732
377		37.5714		2.15938e-05
378		38.5063		0.350642
379		38.2473		0.000137379
380		38.0648		0.00121626
381		37.4633		1.85147e-08
382		37.5473		5.33826e-05
383		38.6627		0.853871
384		37.6478		4.00647e-06
385		37.7169		3.20493e-06
386		38.1754		1.6913e-05
387		37.3633		2.8093e-06
388		37.1284		2.1425e-05
389		37.9614		0.00119378
390		38.078		0.000214048
391		37.3053		2.22567e-05
392		37.6994		0.000628917
393		37.9276		0.269859
394		37.6435		0.000115599
395		38.0422		6.16425e-06
396		37.6125		1.17397e-08
397		38.4746		0.000267692
398		37.874		4.22155e-05
399		38.5077		0.423749
400		38.0477		0.526093
401		37.4489		2.3004e-08
402		37.6206		0.659119
403		38.7394		1.22981
404		38.6557		0.390646
405		37.7617		0.21751
406		38.2741		3.59966e-05
407		37.7781		0.000528215
408		38.0604		2.69633e-05
409		37.7071		5.61439e-05
410		38.1618		0.75513
411		36.6176		3.28349e-05
412		37.7225		9.02773e-05
413		37.4925		0.000105207
414		36.9309		4.64381e-05
415		39.2821		1.0751
416		37.4188		0.137023
417		38.077		1.55662e-07
418		38.781		0.528084
419		37.6403		7.30874e-06
420		37.7699		6.87033e-07
421		37.6665		3.87728e-06
422		36.7722		0.000156299
423		38.142		2.48255e-07
424		36.7711		3.84499e-05
425		37.3967		0.292075
426		37.9077		0.769786
427		37.663		0.000949606
428		37.9744		0.0194003
429		37.2027		2.38116e-05
430		38.3983		0.394798
431		38.1362		0.00163293
432		38.4847		0.814872
433		38.3983		0.00335495
434		37.4981		1.16785e-06
435		38.4815		0.348866
436		38.5331		0.795054
437		37.765		9.58159e-08
438		38.4446		0.535948
439		37.5838		0.000138988
440		38.3708		0.551686
441		37.8412		0.00215473
442		38.6265		0.452014
443		37.5409		5.77636e-07
444		37.7857		0.00094756
445		38.8892		1.38637
446		37.6634		9.05958e-05
447		37.1444		2.09164e-06
448		38.4205		3.42201e-05
449		38.3553		0.209429
450		38.4064		0.717023
451		38.1182		0.109802
452		37.4865		0.000486656
453		37.6768		3.61126e-06
454		37.7447		3.0217e-05
455		37.9964		0.308018
456		38.1596		0.230346
457		38.7922		0.213458
458		37.9743		0.160762
459		38.2217		9.08875e-07
460		37.1643		2.55527e-07
461		37.9948		0.240956
462		38.6852		1.54307
463		37.5778		0.0389615
464		38.1189		0.0273208
465		37.7298		6.26256e-06
466		38.3105		0.479967
467		37.816		0.404247
468		38.8817		0.675262
469		38.1504		0.635361
470		37.2285		1.69051e-08
471		37.8148		2.05169e-05
472		38.0908		0.000830472
473		37.871		4.99153e-07
474		38.668		0.922313
475		38.141		0.388205
476		37.8237		2.25411e-05
477		39.0815		0.724739
478		38.0192		0.000231364
479		37.5188		6.71352e-05
480		37.9818		0.000186895
481		38.1841		0.0248406
482		37.9092		0.794114
483		39.3141		1.01572
484		37.7239		0.0396523
485		37.6968		1.54111e-05
486		37.4589		6.40786e-06
487		37.8882		5.05007e-05
488		37.3848		0.049353
489		37.6857		0.299934
490		37.3715		2.05612e-05
491		37.4442		0.721925
492		38.0037		0.784018
493		38.0367		0.136662
494		37.5463		6.18839e-06
495		38.0645		0.0755829
496		37.9368		0.000104247
497		37.5128		2.57803e-09
498		37.3125		0.571935
499		37.6795		3.80713e-06
500		38.1651		0.433818
