1		36.9502		4.47856		31.5001		17.8551		13.6658		0.000445278		216.375		14.9731		10.4946		16.527
2		38.0891		4.64525		32.4446		18.4014		14.003		0.524486		186.724		15.4896		10.8444		16.955
3		35.9519		4.25546		30.5514		17.2549		13.3069		2.51567e-07		167.261		14.4074		10.1519		16.144
4		37.9731		4.65148		32.3631		18.385		13.961		1.03728		149.181		15.4911		10.8397		16.8719
5		37.2432		4.50437		31.7358		17.9848		13.729		0.154541		201.32		15.1121		10.6078		16.6236
6		38.1848		4.6266		32.5199		18.4329		14.0993		2.16265e-06		224.127		15.4681		10.8415		17.0518
7		37.7101		4.57322		32.1016		18.2089		13.8912		0.07185		129.036		15.3013		10.7281		16.8003
8		37.86		4.62104		32.2733		18.3154		13.9502		0.604275		178.288		15.3969		10.7758		16.8764
9		37.9757		4.6057		32.3538		18.3436		14.0023		0.0993535		182.733		15.4163		10.8106		16.9375
10		37.1982		4.48144		31.6314		17.9059		13.7462		9.13211e-06		209.25		14.9847		10.5033		16.6467
11		37.9617		4.6152		32.3682		18.3253		13.9859		0.184579		217.931		15.3762		10.761		16.992
12		38.1756		4.64118		32.5527		18.4493		14.0613		0.265935		220.026		15.5139		10.8727		17.0388
13		38.0826		4.64335		32.4285		18.4057		14.0076		0.584549		180.636		15.5023		10.859		16.9262
14		37.2035		4.45112		31.6704		17.9251		13.7677		6.3785e-08		204.294		15.0034		10.5523		16.6669
15		38.6795		4.77033		32.9921		18.7472		14.2054		0.732571		171.491		15.8337		11.0634		17.1584
16		38.1328		4.62892		32.488		18.4185		14.0582		0.0261749		139.365		15.4584		10.8295		17.0295
17		37.3496		4.49089		31.8246		18.0246		13.8012		2.84671e-08		218.391		15.1226		10.6317		16.702
18		37.953		4.64032		32.3477		18.365		13.969		0.689575		170.908		15.4667		10.8263		16.881
19		37.2651		4.52683		31.7453		17.9979		13.7135		0.304102		209.785		15.1243		10.5974		16.621
20		38.1664		4.61443		32.5243		18.4243		14.0624		0.000117601		194.748		15.4816		10.8672		17.0427
21		37.4656		4.49269		31.9526		18.0761		13.8433		5.70918e-05		196.588		15.1434		10.6507		16.8092
22		37.6527		4.56774		32.1244		18.2133		13.9028		0.13116		197.113		15.3083		10.7405		16.8162
23		37.8831		4.60545		32.3223		18.3078		13.9635		0.187716		218.588		15.3839		10.7784		16.9384
24		37.7128		4.57484		32.1449		18.2181		13.8837		0.363687		205.323		15.328		10.7531		16.8169
25		37.9906		4.59829		32.3794		18.3561		14.0139		6.14798e-05		132.742		15.4291		10.8308		16.9503
26		37.9894		4.72312		32.3769		18.4316		13.9282		1.2365		142.084		15.5906		10.8674		16.7864
27		37.6588		4.58689		32.1029		18.212		13.86		0.656999		175.18		15.34		10.7531		16.7629
28		38.1845		4.61416		32.5462		18.4291		14.0728		0.271754		219.46		15.4602		10.8461		17.086
29		37.7803		4.54253		32.1712		18.2021		13.9637		1.12136e-06		216.592		15.2449		10.7024		16.9263
30		38.2756		4.68766		32.6247		18.5276		14.074		0.716857		170.086		15.6091		10.9214		17.0156
31		39.1063		4.78149		33.3341		18.9217		14.3566		0.957022		159.152		15.96		11.1785		17.3741
32		37.8254		4.63322		32.2433		18.3091		13.9164		0.623384		175.193		15.4258		10.7926		16.8175
33		37.0467		4.47492		31.5692		17.8893		13.6725		0.000189957		152.838		15.0242		10.5492		16.545
34		37.2849		4.54098		31.7574		18.0172		13.7449		0.364905		201.526		15.1431		10.6021		16.6143
35		38.0802		4.61657		32.4301		18.3671		14.0107		0.1622		205.336		15.4238		10.8072		17.0063
36		37.0824		4.43793		31.5308		17.8542		13.7003		1.6205e-08		212.167		14.9783		10.5404		16.5524
37		37.7073		4.54651		32.1201		18.2065		13.9202		0.0001251		156.848		15.294		10.7475		16.8261
38		38.1985		4.66099		32.5261		18.457		14.0457		0.507564		188.253		15.5366		10.8756		16.9895
39		38.0687		4.62165		32.4506		18.4085		14.0256		0.577681		181.724		15.4829		10.8613		16.9676
40		38.2591		4.65389		32.6095		18.4865		14.1026		0.350991		211.139		15.5263		10.8724		17.0833
41		38.1287		4.67235		32.5034		18.4586		14.0439		0.438968		198.319		15.5407		10.8683		16.9627
42		37.2505		4.49274		31.7225		17.9769		13.7509		0.000247533		112.443		15.08		10.5873		16.6425
43		37.8075		4.55707		32.2109		18.2346		13.951		1.35343e-05		176.436		15.2878		10.7307		16.9232
44		37.7487		4.60328		32.2171		18.2636		13.9278		0.0249354		147.292		15.3517		10.7484		16.8654
45		37.0867		4.48194		31.6295		17.9125		13.6889		0.000854847		149.991		15.0594		10.5775		16.5701
46		37.8747		4.65007		32.2952		18.3411		13.9347		0.77044		165.318		15.4462		10.7961		16.849
47		37.6028		4.55154		32.0647		18.1648		13.8875		8.11243e-06		177.487		15.2411		10.6895		16.8236
48		36.8051		4.40307		31.327		17.7269		13.5835		5.75089e-06		197.177		14.8709		10.4679		16.4561
49		37.3728		4.50271		31.7979		18.0242		13.7891		6.576e-06		211.581		15.1266		10.6239		16.6713
50		37.8774		4.58759		32.2707		18.2861		13.9844		0.0015753		123.483		15.3489		10.7613		16.9218
51		38.3423		4.71783		32.6982		18.5798		14.0854		1.19264		145.042		15.6739		10.9561		17.0243
52		36.574		4.33065		31.1232		17.593		13.5545		5.41134e-06		174.071		14.7208		10.3902		16.4023
53		38.073		4.63379		32.4585		18.3987		14.0178		0.616026		177.284		15.4777		10.8439		16.9808
54		36.9784		4.41082		31.4347		17.7824		13.6753		6.79084e-08		189.711		14.874		10.4632		16.5607
55		37.535		4.55181		31.9961		18.1282		13.861		8.27217e-05		133.593		15.217		10.6652		16.7791
56		38.3657		4.66968		32.6686		18.5327		14.1072		0.823899		162.584		15.586		10.9163		17.0826
57		37.9055		4.56106		32.3032		18.3025		14.0185		2.20986e-07		221.401		15.3509		10.7899		16.9522
58		37.3296		4.47492		31.7688		17.9812		13.7931		7.42682e-05		206.836		15.0778		10.6029		16.691
59		37.1931		4.54836		31.7319		17.9973		13.7122		0.20471		218.534		15.1351		10.5868		16.5968
60		37.6723		4.55897		32.1128		18.1997		13.8922		0.00036593		114.324		15.2961		10.7371		16.8167
61		36.8725		4.4496		31.4144		17.7965		13.6037		3.31038e-05		112.911		14.9446		10.495		16.4698
62		37.6355		4.55125		32.0892		18.1785		13.8886		0.00818887		220.874		15.2749		10.7236		16.8143
63		37.6922		4.53358		32.1345		18.1915		13.9048		4.3522e-06		175.419		15.2832		10.7496		16.8514
64		36.968		4.41968		31.4675		17.7935		13.6411		1.59366e-05		215.531		14.9112		10.4915		16.5563
65		37.1308		4.45338		31.6766		17.9068		13.7323		5.44216e-06		215.409		15.018		10.5646		16.6585
66		36.9111		4.407		31.4206		17.7696		13.6594		1.95185e-05		201.917		14.8742		10.4672		16.5465
67		37.6851		4.50756		32.1083		18.1511		13.9311		2.95171e-06		219.042		15.2048		10.6973		16.9035
68		37.6037		4.55627		32.0386		18.1496		13.8729		3.10082e-05		168.453		15.236		10.6798		16.8026
69		37.2252		4.50613		31.7181		17.9635		13.75		7.86624e-05		199.833		15.0571		10.551		16.661
70		37.217		4.50597		31.7323		17.9819		13.7382		0.000689502		170.775		15.1029		10.5969		16.6294
71		37.4596		4.5422		31.9072		18.0981		13.7994		0.302892		214.967		15.2218		10.6796		16.6854
72		37.971		4.69618		32.3353		18.4059		13.939		1.487		134.503		15.5485		10.8524		16.7868
73		36.9057		4.42917		31.4226		17.7887		13.6438		3.52971e-05		213.861		14.9154		10.4862		16.5072
74		37.6358		4.5871		32.0829		18.1976		13.8592		0.244875		215.641		15.3121		10.725		16.7708
75		37.7045		4.5568		32.1133		18.2024		13.9308		0.00037077		211.557		15.2757		10.7189		16.8376
76		37.0579		4.50837		31.6042		17.9186		13.6566		0.217152		219.891		15.0594		10.551		16.5448
77		38.3642		4.6556		32.695		18.5232		14.1217		0.265399		220.64		15.5726		10.917		17.1225
78		37.1685		4.46248		31.6319		17.899		13.7438		1.7259e-06		208.97		14.9928		10.5303		16.6392
79		36.9241		4.39928		31.4313		17.7616		13.6517		5.62206e-06		203.109		14.8708		10.4715		16.5605
80		36.9112		4.44809		31.4178		17.8059		13.6253		2.57806e-07		220.409		14.9463		10.4982		16.4715
81		37.8601		4.56992		32.25		18.2665		13.9704		0.000211521		154.494		15.3307		10.7608		16.9193
82		37.6114		4.55328		32.0704		18.1777		13.8719		0.186584		216.332		15.2848		10.7315		16.7856
83		37.7543		4.54894		32.1497		18.2217		13.942		1.78179e-05		178.981		15.2741		10.7252		16.8756
84		37.5483		4.57247		31.967		18.1439		13.8252		0.586828		177.345		15.2588		10.6863		16.7082
85		38.0555		4.64223		32.4469		18.4221		13.9998		0.624343		176.595		15.5358		10.8936		16.9111
86		37.3361		4.48398		31.815		17.9896		13.8045		3.17294e-07		219.985		15.0486		10.5646		16.7664
87		37.0698		4.45021		31.5916		17.8765		13.6857		4.38876e-06		148.695		14.9923		10.5421		16.5993
88		37.043		4.48104		31.5353		17.867		13.6791		0.000516624		143.042		14.982		10.501		16.5533
89		37.3218		4.48876		31.8305		17.9967		13.7945		1.83566e-05		214.617		15.0772		10.5884		16.7534
90		37.7691		4.60538		32.22		18.2894		13.911		0.56908		181.192		15.3933		10.7879		16.8267
91		37.2058		4.49548		31.6864		17.9578		13.7363		0.000198371		115.102		15.0813		10.5858		16.6051
92		36.8266		4.43545		31.3778		17.754		13.6041		0.00010082		151.894		14.8838		10.4484		16.494
93		36.7859		4.41599		31.3206		17.7182		13.579		8.28483e-06		217.084		14.8523		10.4363		16.4683
94		37.1848		4.43054		31.6383		17.8993		13.7527		4.65231e-07		196.591		14.9782		10.5476		16.6601
95		37.2602		4.50642		31.7787		18.0055		13.7651		2.0903e-05		219.851		15.137		10.6306		16.6417
96		37.6755		4.54111		32.1102		18.1682		13.912		1.09407e-08		209.294		15.2333		10.6922		16.8769
97		36.5979		4.31138		31.0253		17.5474		13.5688		3.219e-07		171.913		14.6359		10.3245		16.3894
98		37.355		4.45077		31.7516		17.9736		13.8171		9.24398e-06		205.093		15.0541		10.6034		16.6975
99		37.8815		4.59733		32.2762		18.303		13.9523		0.269041		217.785		15.3789		10.7816		16.8973
100		36.8742		4.50134		31.4278		17.8311		13.5988		0.195652		214.122		14.9907		10.4894		16.4371
101		37.2975		4.50387		31.738		17.9853		13.7622		1.92521e-06		212.615		15.0642		10.5604		16.6738
102		37.02		4.43868		31.5268		17.8322		13.6637		8.68628e-06		217		14.9449		10.5062		16.5819
103		37.4394		4.50542		31.8875		18.0451		13.8339		5.60999e-05		190.703		15.1166		10.6112		16.7709
104		37.4387		4.51672		31.908		18.0655		13.8277		0.000878057		218.647		15.1637		10.6469		16.7443
105		37.9461		4.61746		32.3443		18.3283		13.9797		0.0183623		170.696		15.3886		10.7712		16.9557
106		38.2522		4.71227		32.5907		18.5311		14.0339		1.14695		146.145		15.655		10.9428		16.9357
107		37.6291		4.61647		32.1049		18.2301		13.8386		0.667438		172.139		15.3585		10.742		16.7464
108		37.142		4.47679		31.6903		17.9413		13.7264		7.54305e-06		211.885		15.0652		10.5885		16.625
109		36.6465		4.41516		31.1946		17.6597		13.5303		4.61067e-05		208.23		14.8168		10.4017		16.3778
110		38.9896		4.81031		33.2127		18.8972		14.3041		1.55993		137.073		15.9739		11.1636		17.2388
111		37.861		4.59916		32.2825		18.3208		13.9571		0.519011		186.348		15.4242		10.8251		16.8583
112		37.1707		4.47437		31.6961		17.9424		13.7233		1.36082e-08		200.443		15.0659		10.5915		16.6302
113		36.6892		4.36507		31.2029		17.6462		13.5751		1.20459e-14		190.256		14.7541		10.3891		16.4488
114		36.9018		4.42539		31.3613		17.7808		13.6293		1.854e-05		220.421		14.9095		10.4841		16.4519
115		37.0924		4.44846		31.6026		17.881		13.7178		1.9266e-05		212.988		14.9923		10.5438		16.6103
116		37.1042		4.48861		31.6377		17.921		13.6802		0.0700256		123.586		15.0669		10.5783		16.5708
117		37.4505		4.53835		31.946		18.0898		13.8011		0.0495141		109.54		15.2014		10.663		16.7446
118		37.5743		4.53128		32.0484		18.1337		13.864		0.000230958		149.676		15.2218		10.6905		16.8266
119		37.4315		4.55812		31.877		18.1		13.7675		0.657913		169.389		15.2587		10.7006		16.6183
120		37.4858		4.51709		31.9509		18.0951		13.8272		0.000105133		134.24		15.2023		10.6853		16.7486
121		37.6298		4.51195		32.0525		18.1306		13.9208		4.58451e-05		215.183		15.1756		10.6637		16.8768
122		37.3653		4.5196		31.8512		18.0474		13.7757		4.85053e-08		128.065		15.1773		10.6577		16.6739
123		37.6996		4.5862		32.1435		18.2381		13.8895		0.506596		187.344		15.3493		10.7631		16.7941
124		37.9741		4.63267		32.3399		18.3722		13.9815		0.680884		171.509		15.4792		10.8465		16.8607
125		37.6034		4.56248		32.0189		18.1589		13.8528		0.199881		217.097		15.2691		10.7066		16.7499
126		38.1972		4.65533		32.5381		18.4696		14.0679		0.196		220.451		15.5308		10.8755		17.0073
127		38.2568		4.68398		32.6034		18.5003		14.0669		0.784209		164.909		15.5799		10.8959		17.0235
128		37.4281		4.55632		31.8995		18.0972		13.78		0.634271		172.201		15.226		10.6697		16.6735
129		37.9096		4.58268		32.3117		18.3092		13.9895		0.215724		224.753		15.3789		10.7963		16.9328
130		37.608		4.60008		32.073		18.2002		13.8443		0.486365		190.955		15.3245		10.7244		16.7485
131		36.4989		4.32343		31.0615		17.5315		13.5155		2.95534e-06		172.779		14.6477		10.3243		16.4138
132		38.291		4.68422		32.6033		18.5278		14.0803		0.726947		168.876		15.6258		10.9415		16.9776
133		37.5827		4.58315		32.0408		18.1916		13.8358		0.816196		161.738		15.3355		10.7523		16.7053
134		37.1159		4.46372		31.5724		17.8792		13.7092		9.80305e-07		200.242		14.9934		10.5297		16.579
135		37.4212		4.54217		31.9186		18.1096		13.8159		0.209522		218.686		15.2435		10.7013		16.6751
136		37.982		4.60473		32.3763		18.3485		14.0126		0.233383		220.876		15.4034		10.7987		16.9729
137		38.218		4.61836		32.5924		18.4621		14.0988		0.000233837		120.561		15.501		10.8826		17.0915
138		37.6745		4.52044		32.0729		18.1603		13.9177		7.32991e-06		211.942		15.2237		10.7033		16.8491
139		37.4008		4.51015		31.8727		18.057		13.7847		0.000144517		125.14		15.1618		10.6516		16.7109
140		38.4612		4.72907		32.7777		18.6492		14.1246		1.26913		142.254		15.7594		11.0303		17.0183
141		38.547		4.71208		32.9063		18.6596		14.1704		0.799731		163.031		15.7226		11.0105		17.1837
142		38.2246		4.6344		32.5797		18.4873		14.1125		5.03818e-05		134.519		15.5193		10.8849		17.0604
143		36.8726		4.38349		31.3652		17.7254		13.641		3.42091e-07		173.656		14.8156		10.4321		16.5496
144		38.0952		4.57041		32.4264		18.3625		14.0924		7.22077e-06		214.805		15.3869		10.8165		17.0395
145		37.3502		4.48214		31.8094		17.9983		13.7877		4.30299e-06		200.565		15.0983		10.6162		16.7111
146		37.4191		4.49426		31.9045		18.0618		13.8275		6.63176e-08		218.457		15.1636		10.6694		16.7409
147		36.9363		4.38865		31.4007		17.7541		13.6596		2.59644e-06		208.443		14.8507		10.4621		16.55
148		37.044		4.48354		31.6095		17.8953		13.6782		0.000236171		158.103		15.0269		10.5434		16.5825
149		37.235		4.49392		31.712		17.967		13.7465		0.0644206		122.777		15.0895		10.5956		16.6225
150		37.5322		4.51587		31.9877		18.1195		13.8677		8.06738e-05		193.475		15.2245		10.7086		16.7632
151		37.2199		4.53103		31.7409		17.9976		13.7253		0.210601		218.547		15.1261		10.5951		16.6148
152		37.1193		4.42916		31.5827		17.8655		13.7046		3.1247e-07		215.07		14.9758		10.5466		16.6069
153		37.8509		4.58677		32.284		18.3026		13.9448		0.20421		220.692		15.3995		10.8127		16.8846
154		37.3607		4.5125		31.8008		18.031		13.7607		0.164664		221.335		15.1609		10.6484		16.6399
155		37.9961		4.58227		32.3844		18.3339		14.0246		0.0538436		120.18		15.3692		10.7869		17.0152
156		37.2169		4.43118		31.658		17.9123		13.7633		3.33137e-07		210.508		15.0034		10.5722		16.6546
157		38.004		4.61449		32.3964		18.3618		14.0219		0.0857912		136.497		15.4289		10.8144		16.9674
158		36.7829		4.4191		31.3546		17.7377		13.5871		0.000406434		171.248		14.8778		10.4587		16.4768
159		37.9143		4.59249		32.3109		18.3043		13.999		0.154811		202.35		15.3393		10.7468		16.9716
160		37.0933		4.46266		31.5685		17.8775		13.6861		5.44399e-06		204.036		15.0034		10.5407		16.5651
161		37.8041		4.57125		32.2326		18.2487		13.9432		0.000303396		165.493		15.3318		10.7605		16.9008
162		38.3251		4.69472		32.6671		18.5581		14.0998		0.882801		158.606		15.6441		10.9494		17.023
163		37.2044		4.50801		31.6598		17.9478		13.705		0.000755093		165.295		15.0674		10.5594		16.5923
164		37.8091		4.55541		32.1928		18.242		13.9439		0.000728013		110.836		15.3111		10.7557		16.8817
165		37.5745		4.48373		31.9614		18.1051		13.8776		9.07984e-06		214.287		15.1842		10.7004		16.7772
166		37.0911		4.44357		31.5837		17.8634		13.7068		1.59003e-06		212.125		14.9756		10.5321		16.6081
167		38.4241		4.75527		32.7583		18.6252		14.0931		1.2153		145.907		15.7252		10.97		17.033
168		37.5912		4.56409		32.052		18.1807		13.8491		0.405833		202.376		15.2982		10.7341		16.7539
169		38.401		4.69158		32.7261		18.5952		14.1203		0.876674		158.787		15.6934		11.0018		17.0327
170		37.3401		4.54025		31.8288		18.0407		13.7553		0.00222818		219.206		15.1568		10.6165		16.672
171		39.0592		4.80798		33.3268		18.9284		14.3236		1.46408		139.066		16.0012		11.1932		17.3256
172		38.8683		4.75605		33.1952		18.8314		14.2992		0.787293		164.888		15.8829		11.1269		17.3123
173		38.6353		4.72344		32.9345		18.7136		14.2044		0.858612		162.72		15.7992		11.0758		17.1352
174		36.8664		4.35622		31.3356		17.7066		13.6639		2.65125e-05		174.14		14.7888		10.4326		16.5468
175		37.1769		4.46668		31.6877		17.9377		13.7354		1.31484e-07		207.73		15.0566		10.59		16.6311
176		36.9558		4.42937		31.4797		17.8231		13.6798		3.47398e-07		203.727		14.9375		10.5081		16.5422
177		38.1067		4.63927		32.4786		18.413		14.0295		0.285397		217.981		15.494		10.8547		16.9846
178		37.6347		4.55361		32.0367		18.156		13.8666		0.0284644		209.64		15.2401		10.6865		16.7966
179		37.6846		4.53115		32.1167		18.1882		13.9215		8.06273e-05		153.012		15.262		10.7308		16.8547
180		37.002		4.44319		31.5687		17.873		13.666		1.02624e-06		217.984		15.0231		10.58		16.5456
181		38.1333		4.56363		32.4476		18.3765		14.0818		0.000185545		121.765		15.4098		10.8462		17.0378
182		38.1956		4.66822		32.5584		18.4975		14.0767		0.553532		184.125		15.5816		10.9134		16.9768
183		36.8119		4.37141		31.3106		17.688		13.6357		2.69336e-07		190.041		14.7858		10.4143		16.5249
184		37.8018		4.58009		32.1958		18.2509		13.9418		2.63556e-05		111.147		15.3333		10.7532		16.8625
185		37.5311		4.50649		31.9914		18.0919		13.8614		1.82071e-05		123.445		15.1836		10.6771		16.8078
186		37.9533		4.61426		32.37		18.3664		13.9756		0.544647		184.175		15.4542		10.8399		16.9158
187		37.3687		4.52667		31.8417		18.0462		13.7834		0.000676446		161.851		15.1568		10.6301		16.6849
188		37.2561		4.45821		31.7278		17.952		13.7507		0.000151383		208.858		15.074		10.6158		16.6538
189		37.4423		4.50354		31.8634		18.0424		13.7982		2.73833e-05		110.747		15.1431		10.6396		16.7202
190		37.9027		4.61333		32.3159		18.3241		13.941		0.353284		206.53		15.4404		10.8271		16.8755
191		37.8167		4.57842		32.2187		18.2623		13.9497		0.000248237		131.433		15.3447		10.7662		16.874
192		37.1414		4.47032		31.6326		17.899		13.7214		3.02204e-05		204.173		14.9956		10.5253		16.6371
193		38.6656		4.76969		32.9971		18.762		14.1915		1.47423		139.043		15.8622		11.0925		17.1349
194		37.813		4.5543		32.2187		18.2333		13.9467		0.000469291		142.86		15.3055		10.7512		16.9132
195		37.5976		4.55051		32.0331		18.1619		13.881		2.70623e-05		154.538		15.2555		10.7049		16.7777
196		37.2741		4.5417		31.7958		18.0356		13.7463		0.34823		207.726		15.1689		10.6272		16.6269
197		36.8783		4.4455		31.4391		17.793		13.6209		4.63704e-06		213.971		14.9194		10.4739		16.5197
198		38.118		4.67012		32.5029		18.4604		14.013		0.516007		186.848		15.5735		10.9034		16.9294
199		36.586		4.34192		31.06		17.5641		13.5367		1.10299e-06		185.223		14.698		10.3561		16.3619
200		38.0111		4.59763		32.4115		18.3688		14.0292		5.77686e-05		188.105		15.4529		10.8553		16.9586
201		38.0082		4.60268		32.402		18.3548		14.0201		0.238697		220.81		15.4077		10.805		16.9944
202		38.8372		4.73508		33.0835		18.7829		14.2858		0.687127		176.105		15.8104		11.0753		17.2731
203		37.3706		4.50468		31.8559		18.0155		13.8026		3.11037e-05		208.082		15.0957		10.591		16.7603
204		37.7068		4.54588		32.1743		18.2313		13.9374		0.000263585		154.08		15.3162		10.7703		16.858
205		37.4831		4.47057		31.8877		18.0354		13.8536		1.7782e-06		205.237		15.1083		10.6378		16.7793
206		36.6163		4.31827		31.1263		17.5754		13.5798		6.10761e-06		170.479		14.6719		10.3537		16.4544
207		38.3817		4.65191		32.6954		18.5267		14.1379		0.363404		208.487		15.5487		10.8968		17.1467
208		36.9874		4.39583		31.4359		17.7686		13.68		1.37632e-07		181.456		14.8552		10.4594		16.5807
209		37.2086		4.41131		31.6693		17.9073		13.7898		1.84045e-05		193.146		14.9895		10.5782		16.6798
210		37.2076		4.53446		31.7035		17.9887		13.695		0.28068		217.871		15.1582		10.6237		16.5453
211		38.472		4.75124		32.7896		18.6622		14.1025		1.55032		134.806		15.793		11.0418		16.9966
212		38.2531		4.65004		32.6148		18.4834		14.0896		0.634945		176.505		15.5409		10.8909		17.0739
213		37.7779		4.5519		32.2212		18.2453		13.9455		0.00154419		219.33		15.3309		10.779		16.8903
214		37.7922		4.54778		32.1983		18.2221		13.9289		8.34713e-05		123.445		15.3041		10.7563		16.8942
215		37.6445		4.57732		32.0984		18.2042		13.9016		0.175481		217.339		15.2959		10.7186		16.8024
216		36.9536		4.44259		31.4694		17.8116		13.6475		5.12694e-09		218.885		14.9346		10.492		16.5348
217		37.5921		4.54626		31.9868		18.1256		13.8706		0.000427234		192.792		15.2072		10.6609		16.7797
218		37.4683		4.49895		31.942		18.0616		13.8562		5.46563e-05		209.85		15.1324		10.6334		16.8096
219		37.1998		4.5245		31.7271		17.9935		13.7246		0.188541		218.059		15.1373		10.6127		16.5899
220		37.7263		4.6314		32.2278		18.286		13.8654		0.972924		154.575		15.4097		10.7783		16.8181
221		37.791		4.5718		32.2219		18.2534		13.9551		6.87717e-06		110.721		15.3134		10.7416		16.9086
222		37.9155		4.6473		32.3253		18.3452		13.9607		0.492609		191.219		15.4323		10.785		16.893
223		37.3863		4.5191		31.8085		18.0169		13.7686		5.12219e-06		191.536		15.1277		10.6086		16.6808
224		37.3773		4.50224		31.8331		18.0351		13.782		0.0419953		112.397		15.1636		10.6613		16.6695
225		38.3482		4.72287		32.6891		18.5926		14.0921		1.30931		140.505		15.6956		10.9727		16.9935
226		37.289		4.52065		31.7655		17.9975		13.743		0.000737626		127.456		15.1358		10.6151		16.6297
227		36.9182		4.37822		31.4042		17.7327		13.6592		3.39194e-08		186.711		14.8137		10.4355		16.5904
228		37.348		4.55706		31.8414		18.058		13.7533		0.22178		219.871		15.1852		10.6281		16.6562
229		38.2754		4.70391		32.6204		18.5235		14.0676		0.546942		185.439		15.6086		10.9047		17.0118
230		37.2872		4.46748		31.7781		17.9682		13.7699		3.92484e-05		219.974		15.0663		10.5988		16.7119
231		37.8114		4.54622		32.2233		18.2398		13.9641		8.57938e-05		174.778		15.293		10.7468		16.9303
232		37.7786		4.53858		32.2174		18.232		13.9583		1.27937e-05		221.204		15.2926		10.7541		16.9248
233		38.5008		4.69006		32.7848		18.5935		14.1582		0.712344		171.828		15.645		10.9549		17.1398
234		37.3369		4.5283		31.81		18.0359		13.7571		0.157236		203.62		15.1636		10.6353		16.6464
235		38.1211		4.66824		32.5699		18.4995		14.0471		0.565216		184.091		15.6115		10.9433		16.9584
236		37.6587		4.53995		32.1176		18.1844		13.9104		5.11183e-07		220.786		15.2503		10.7103		16.8673
237		37.467		4.54205		31.929		18.0964		13.8045		0.10088		167.566		15.2061		10.6641		16.7229
238		38.0184		4.53693		32.3307		18.3036		14.0813		3.87127e-06		213.292		15.3226		10.7857		17.0081
239		37.6196		4.53809		32.0189		18.148		13.886		1.86137e-06		126.199		15.2377		10.6996		16.7812
240		38.6085		4.71698		32.9393		18.693		14.2038		1.05128		152.255		15.7484		11.0314		17.191
241		37.3163		4.53808		31.7951		18.0206		13.7462		6.76924e-07		173.769		15.1275		10.5895		16.6675
242		37.5246		4.53993		31.9963		18.1309		13.8612		0.000236757		131.882		15.2178		10.6779		16.7785
243		37.261		4.51238		31.7317		17.9866		13.7684		7.95323e-05		216.257		15.0809		10.5686		16.6508
244		38.0185		4.61076		32.3499		18.3534		13.9892		0.436659		195.459		15.4435		10.8327		16.9064
245		37.8852		4.56969		32.2687		18.2942		13.9778		5.16983e-07		195.735		15.3608		10.7911		16.9079
246		37.8648		4.59279		32.2711		18.2821		13.9574		0.194482		216.699		15.3611		10.7684		16.91
247		37.679		4.57604		32.1571		18.2288		13.8892		0.358405		207.123		15.3417		10.7656		16.8155
248		37.8919		4.58281		32.2797		18.3071		13.98		0.00085586		162.358		15.39		10.8072		16.8897
249		37.2949		4.47081		31.7507		17.9645		13.79		1.02547e-05		216.682		15.0561		10.5852		16.6946
250		37.1548		4.47837		31.648		17.9325		13.7015		0.000136571		152.526		15.0781		10.5997		16.5699
251		36.9813		4.40614		31.4505		17.7906		13.6727		2.10177e-06		205.307		14.9002		10.4941		16.5503
252		36.9033		4.40995		31.3906		17.7699		13.6487		0.000104833		217.327		14.8899		10.4799		16.5007
253		37.8654		4.6641		32.251		18.3352		13.9199		0.696167		167.824		15.4508		10.7867		16.8002
254		38.4571		4.68513		32.8022		18.6089		14.1582		0.439902		200.654		15.6569		10.9718		17.1453
255		37.6622		4.54083		32.0596		18.1674		13.9137		0.000194454		151.012		15.2337		10.6929		16.8259
256		37.4818		4.54258		31.9321		18.1022		13.8141		5.07698e-07		213.171		15.2246		10.682		16.7075
257		37.6092		4.58148		32.113		18.1982		13.8474		0.516612		186.524		15.3208		10.7394		16.7921
258		37.422		4.51057		31.9192		18.0741		13.8197		0.0280486		133.922		15.1631		10.6525		16.7561
259		37.6056		4.55301		32.0321		18.1595		13.872		0.00893083		127.739		15.2415		10.6885		16.7906
260		37.6442		4.53036		32.0431		18.1415		13.8928		0.000228246		176.913		15.2119		10.6816		16.8311
261		37.151		4.51777		31.6844		17.9665		13.6974		0.200941		217.656		15.1119		10.5941		16.5725
262		36.9071		4.39707		31.335		17.7124		13.6325		1.73228e-08		195.603		14.8076		10.4105		16.5274
263		36.7322		4.37364		31.2413		17.6641		13.5676		5.61614e-06		196.323		14.7911		10.4175		16.4502
264		37.9086		4.61026		32.3627		18.3426		13.9575		0.536172		187.044		15.4395		10.8292		16.9233
265		37.6284		4.60702		32.0859		18.2137		13.8344		0.846277		158.771		15.3489		10.7419		16.737
266		37.3775		4.56399		31.8707		18.0661		13.7735		0.317248		208.823		15.181		10.617		16.6897
267		37.8523		4.61657		32.2476		18.302		13.9366		0.499369		188.599		15.4053		10.7887		16.8423
268		37.23		4.49267		31.6987		17.9595		13.7249		0.0328307		132.689		15.0999		10.6073		16.5988
269		38.3179		4.63776		32.6287		18.5112		14.0994		0.357482		206.764		15.5883		10.9506		17.0403
270		38.0164		4.67142		32.4312		18.3898		13.9863		0.763092		167.162		15.4714		10.8		16.9597
271		37.6745		4.56182		32.0822		18.1957		13.9014		0.235159		217.637		15.2889		10.7271		16.7933
272		37.3283		4.48091		31.8034		17.9939		13.7899		4.97501e-06		217.991		15.0745		10.5936		16.729
273		37.3035		4.49307		31.7788		17.9917		13.7709		1.70714e-05		216.524		15.0993		10.6062		16.6795
274		37.4203		4.50234		31.8924		18.0609		13.7965		0.00228057		167.329		15.1821		10.6797		16.7103
275		37.2628		4.48982		31.7471		17.9941		13.7581		3.95971e-05		190.586		15.1196		10.6298		16.6275
276		36.5303		4.36033		31.0477		17.5707		13.5084		9.56429e-06		192.484		14.7138		10.3534		16.3339
277		37.3305		4.49065		31.7725		17.977		13.7717		4.64174e-06		206.024		15.0562		10.5656		16.7163
278		37.4235		4.47426		31.8366		17.9971		13.8249		3.46878e-06		222.606		15.0633		10.589		16.7733
279		37.8268		4.58081		32.1868		18.2355		13.9169		0.0626596		114.748		15.3117		10.7309		16.8751
280		37.2508		4.48508		31.7317		17.9602		13.7648		0.00199953		109.388		15.0227		10.5376		16.709
281		37.1333		4.46566		31.587		17.8884		13.692		0.0451093		112.42		15.0116		10.5459		16.5754
282		37.3018		4.54743		31.8255		18.0527		13.72		0.515653		183.394		15.2197		10.6723		16.6058
283		37.3868		4.45544		31.8246		17.9789		13.8198		9.51908e-09		210.823		15.0495		10.5941		16.7751
284		38.5616		4.6682		32.8699		18.6339		14.2269		0.00035357		206.836		15.6676		10.9994		17.2023
285		37.2362		4.44944		31.6753		17.9184		13.7582		5.26958e-08		201.681		14.9868		10.5373		16.6885
286		36.7535		4.37928		31.3032		17.7014		13.6027		5.01382e-05		189.478		14.8205		10.4413		16.4827
287		38.1182		4.63435		32.4779		18.4245		14.0351		0.339204		210.973		15.5054		10.871		16.9726
288		37.5603		4.51842		32.0227		18.1118		13.8807		2.63713e-07		220.461		15.1851		10.6666		16.8376
289		37.8771		4.58416		32.2919		18.2906		13.9444		0.418319		198.005		15.3891		10.8049		16.9028
290		37.6622		4.5094		32.1058		18.1606		13.9255		0.000119616		174.288		15.214		10.7046		16.8918
291		37.2339		4.4754		31.7369		17.9612		13.7525		1.40299e-06		200.533		15.0689		10.5935		16.668
292		37.4459		4.53296		31.9318		18.0953		13.8176		0.169275		209.794		15.2028		10.6698		16.7291
293		37.5565		4.54077		32		18.1373		13.8643		2.35855e-05		185.295		15.2482		10.7074		16.7518
294		38.2913		4.66911		32.6151		18.5088		14.0848		0.6003		180.945		15.5742		10.9051		17.0409
295		37.2963		4.51667		31.8181		18.0303		13.745		0.024929		156.567		15.1573		10.6406		16.6608
296		37.8295		4.51538		32.2323		18.2246		13.973		1.08222e-05		206.658		15.2753		10.76		16.957
297		38.5364		4.75235		32.8657		18.6814		14.1393		1.04202		153.757		15.7733		11.0209		17.0924
298		38.166		4.70807		32.5371		18.5002		14.0025		1.00417		150.817		15.6342		10.9261		16.903
299		37.6511		4.59231		32.0787		18.2158		13.8547		0.55079		179.678		15.3482		10.7558		16.7305
300		38.188		4.64202		32.538		18.4569		14.0576		0.517665		188.492		15.5253		10.8833		17.0127
301		37.5147		4.52426		31.9573		18.0981		13.8479		0.000232273		174.405		15.1967		10.6725		16.7606
302		38.2171		4.61768		32.5878		18.4422		14.1136		2.37467e-05		120.893		15.461		10.8433		17.1268
303		37.1313		4.49165		31.6435		17.924		13.6796		0.328391		205.799		15.054		10.5624		16.5895
304		37.8739		4.58888		32.2752		18.3051		13.9604		0.344737		209.761		15.3835		10.7947		16.8917
305		37.2901		4.48351		31.7832		17.9837		13.7794		1.90595e-06		210.407		15.0648		10.5813		16.7184
306		37.5409		4.55174		31.9846		18.1234		13.8278		0.228618		217.807		15.2114		10.6596		16.7732
307		37.4841		4.54627		31.9016		18.086		13.7935		0.355886		201.529		15.2042		10.658		16.6974
308		37.079		4.4495		31.5809		17.8722		13.7063		8.86053e-08		202.402		14.9778		10.5283		16.6032
309		37.6409		4.50245		32.0519		18.1196		13.8983		1.57332e-05		221.961		15.1817		10.6793		16.8702
310		37.655		4.56052		32.0789		18.195		13.896		0.000512867		140.994		15.3062		10.7457		16.7726
311		37.6905		4.55605		32.1509		18.2097		13.9194		1.73237e-05		111.537		15.2864		10.7304		16.8644
312		37.7073		4.53766		32.1151		18.208		13.9098		0.000139335		150.015		15.2983		10.7606		16.8168
313		37.9878		4.60462		32.3447		18.3486		13.997		0.0574913		114.405		15.4417		10.8371		16.903
314		37.0333		4.40957		31.5354		17.8296		13.7102		3.50846e-08		188.775		14.9224		10.5128		16.613
315		37.3426		4.48063		31.8381		17.997		13.7831		0.000195092		218.099		15.0738		10.5932		16.7643
316		37.7088		4.57803		32.1262		18.2155		13.8976		0.170151		214.399		15.3059		10.7279		16.8202
317		37.2966		4.49295		31.7776		17.9895		13.7635		2.19349e-05		116.294		15.0853		10.5924		16.6923
318		37.3233		4.45125		31.7429		17.9486		13.8073		9.03959e-07		199.104		14.9983		10.547		16.7446
319		38.4437		4.69992		32.7718		18.5941		14.1331		0.683594		174.398		15.6676		10.9677		17.1042
320		37.8512		4.61334		32.2714		18.3027		13.9371		0.635111		174.101		15.4042		10.7909		16.8671
321		37.5601		4.51931		31.9932		18.1196		13.8517		0.000119358		135.28		15.2209		10.7016		16.7723
322		36.8185		4.34553		31.2966		17.6693		13.6516		4.32882e-08		174.246		14.7436		10.3981		16.553
323		37.4215		4.50159		31.8896		18.0575		13.819		0.000152379		120.903		15.154		10.6524		16.7356
324		36.978		4.45229		31.4862		17.8361		13.6542		2.11266e-05		133.427		14.9759		10.5236		16.5103
325		38.3126		4.70661		32.6652		18.553		14.067		1.03393		152.423		15.6506		10.944		17.0146
326		36.9684		4.42829		31.43		17.7968		13.6449		9.38494e-09		218.844		14.9291		10.5008		16.5009
327		37.0927		4.47492		31.649		17.9165		13.7085		0.198908		217.445		15.0421		10.5672		16.6069
328		37.8122		4.61738		32.2101		18.2835		13.9028		0.822364		159.352		15.3854		10.7681		16.8247
329		37.5301		4.58098		31.994		18.1568		13.8051		0.577648		178.306		15.3008		10.7199		16.6932
330		36.9487		4.38339		31.4024		17.7505		13.6527		6.34072e-06		202.632		14.8647		10.4813		16.5377
331		37.1459		4.48188		31.6449		17.9092		13.7026		7.59894e-05		188.659		15.0251		10.5432		16.6198
332		37.7181		4.56453		32.1064		18.2112		13.8845		0.103839		164.019		15.3168		10.7523		16.7895
333		36.9811		4.4284		31.4567		17.7926		13.6521		7.17905e-06		206.78		14.9036		10.4752		16.5531
334		37.9629		4.62657		32.362		18.3771		13.9663		0.718081		168.997		15.4887		10.8621		16.8733
335		36.8121		4.40414		31.2779		17.7265		13.5965		1.35425e-05		216.135		14.8708		10.4667		16.4071
336		37.6299		4.54088		32.0669		18.1434		13.866		0.201272		218.26		15.2156		10.6747		16.8513
337		37.3666		4.54571		31.8702		18.0754		13.7598		0.63302		171.076		15.2098		10.6641		16.6604
338		37.9903		4.58345		32.3774		18.3356		14.0116		0.000213801		118.176		15.403		10.8196		16.9744
339		37.293		4.50895		31.8065		17.9993		13.7637		1.74448e-06		189.018		15.1052		10.5962		16.7013
340		38.1973		4.68975		32.5506		18.4827		14.0259		0.767483		165.917		15.5827		10.8929		16.968
341		38.0597		4.59066		32.4101		18.3595		14.0586		2.09429e-05		223.536		15.4024		10.8118		17.0077
342		37.7916		4.60823		32.2742		18.3046		13.9221		0.56786		183.125		15.4191		10.8109		16.8551
343		37.4681		4.59266		31.9512		18.1388		13.7889		0.354298		206.54		15.2833		10.6907		16.6679
344		38.1907		4.63953		32.4942		18.4499		14.0687		0.265346		216.118		15.503		10.8635		16.9912
345		37.4		4.4662		31.8136		17.9862		13.8021		8.32014e-06		224.63		15.0662		10.6		16.7473
346		38.0092		4.64594		32.4161		18.3958		13.9852		0.618376		177.366		15.5058		10.8598		16.9103
347		37.8156		4.61294		32.1867		18.2673		13.9153		0.496375		187.999		15.3611		10.7481		16.8257
348		37.2224		4.49116		31.7318		17.9808		13.7277		0.310369		209.016		15.1158		10.6246		16.6161
349		37.5951		4.55773		32.0596		18.1753		13.8785		0.0465702		111.104		15.2793		10.7216		16.7803
350		37.1024		4.50646		31.6092		17.928		13.6791		0.151695		206.864		15.0609		10.5544		16.5484
351		37.3904		4.49966		31.8749		18.0445		13.831		4.77554e-05		214.987		15.1138		10.6141		16.7612
352		38.6331		4.75196		32.9419		18.7202		14.195		1.05224		151.409		15.7993		11.0474		17.1425
353		38.0905		4.59542		32.4666		18.3847		14.0523		5.05213e-05		147.432		15.4337		10.8383		17.0329
354		38.3149		4.69642		32.6729		18.5503		14.0707		0.760805		167.389		15.6491		10.9526		17.0238
355		37.2584		4.50517		31.7352		17.9779		13.7595		1.1232e-06		187.928		15.0769		10.5718		16.6583
356		36.9495		4.43011		31.4914		17.8		13.6532		3.62803e-06		214.952		14.9149		10.4848		16.5765
357		37.9719		4.58016		32.3607		18.338		14.0049		6.39068e-06		207.611		15.4191		10.8389		16.9416
358		37.9983		4.61595		32.4222		18.363		13.9978		0.162985		209.354		15.4385		10.8225		16.9837
359		37.1536		4.50732		31.6519		17.946		13.6969		0.322484		205.713		15.0737		10.5663		16.5782
360		37.4291		4.51543		31.8719		18.06		13.8099		0.000129738		109.866		15.145		10.6296		16.7269
361		38.268		4.62103		32.6027		18.4584		14.0856		0.352776		209.914		15.4923		10.8713		17.1103
362		37.1648		4.4597		31.647		17.9142		13.7314		7.29222e-05		213.57		15.0207		10.561		16.6263
363		37.882		4.57387		32.2902		18.284		13.98		0.00170189		158.029		15.3571		10.7833		16.9331
364		37.5449		4.5598		32.0446		18.1654		13.8355		0.245624		219.823		15.2972		10.7373		16.7475
365		37.7029		4.54249		32.1121		18.1794		13.9133		0.0228887		156.694		15.2499		10.7074		16.8622
366		37.5415		4.57695		32.0002		18.1576		13.8186		0.698572		167.087		15.2996		10.7227		16.7005
367		37.8043		4.59299		32.2107		18.2662		13.9282		0.172205		212.378		15.3518		10.7588		16.859
368		38.1268		4.67231		32.4947		18.4275		14.0043		0.79494		163.406		15.5135		10.8412		16.9812
369		37.3711		4.44646		31.8452		17.9852		13.8376		1.1493e-07		216.395		15.0423		10.5958		16.8029
370		37.8764		4.59492		32.2676		18.2977		13.9312		0.554917		182.528		15.3848		10.7899		16.8827
371		37.5133		4.45542		31.9784		18.0694		13.8907		0.000115764		214.271		15.1414		10.686		16.8371
372		37.4586		4.47982		31.8677		18.0448		13.8533		1.4396e-07		218.626		15.1141		10.6342		16.7537
373		37.4648		4.55723		31.9287		18.1069		13.7999		0.383038		200.058		15.2137		10.6564		16.7151
374		37.9518		4.59352		32.3346		18.3283		13.9924		0.00325673		221.658		15.4088		10.8153		16.9257
375		36.7317		4.38734		31.2484		17.6777		13.5879		4.6297e-05		201.581		14.8032		10.4159		16.4452
376		38.0006		4.56201		32.3484		18.311		14.0555		7.1581e-07		207.943		15.3496		10.7876		16.9987
377		37.4555		4.50744		31.9172		18.0538		13.8376		3.91706e-06		211.394		15.1295		10.622		16.7878
378		37.2862		4.50559		31.7642		17.996		13.7454		0.319465		206.824		15.1155		10.6099		16.6487
379		37.4684		4.53487		31.9322		18.0958		13.8028		0.17948		212.867		15.2092		10.6743		16.723
380		38.807		4.75184		33.0453		18.7662		14.2662		0.661383		174.541		15.8017		11.0498		17.2436
381		38.0709		4.64663		32.4575		18.4207		14.0122		0.589992		180.698		15.5212		10.8746		16.9363
382		37.4579		4.52537		31.8962		18.0728		13.8326		0.000429823		120.673		15.1559		10.6305		16.7404
383		37.6054		4.56066		32.0906		18.176		13.8617		0.250082		217.737		15.2658		10.7052		16.8247
384		37.5075		4.55427		32.0047		18.1362		13.8349		0.0696744		127.568		15.2457		10.6915		16.759
385		37.8617		4.6076		32.2344		18.2959		13.9249		0.722785		167.204		15.3994		10.7917		16.835
386		37.7104		4.52065		32.1348		18.1756		13.9176		0.000121106		119.749		15.2288		10.7081		16.906
387		37.7396		4.57842		32.1775		18.2303		13.9124		0.000367331		150.339		15.3179		10.7395		16.8595
388		37.2036		4.44805		31.6992		17.9318		13.7533		8.38928e-06		214.921		15.0165		10.5685		16.6827
389		37.7655		4.50008		32.1043		18.1479		13.9768		9.59705e-07		187.647		15.1671		10.6671		16.9372
390		37.1648		4.47		31.6669		17.9266		13.7349		0.000128659		217.748		15.0498		10.5799		16.617
391		37.7		4.56269		32.1394		18.2011		13.9		0.000479148		126.104		15.2833		10.7206		16.8562
392		37.844		4.53832		32.1956		18.2192		13.9895		2.81853e-05		222.953		15.2666		10.7282		16.9291
393		37.0568		4.43844		31.5672		17.8568		13.7078		4.00165e-05		205.868		14.9602		10.5218		16.607
394		36.5849		4.35251		31.1479		17.6084		13.5246		1.45942e-06		210.282		14.7462		10.3937		16.4017
395		37.8785		4.63246		32.3436		18.3364		13.9462		0.57631		181.332		15.4327		10.8003		16.9108
396		37.1352		4.47786		31.6166		17.9024		13.6937		5.37155e-05		118.654		15.0188		10.5409		16.5978
397		37.1626		4.52322		31.6812		17.9706		13.7018		0.374571		202.685		15.1087		10.5854		16.5725
398		37.8466		4.65836		32.3		18.3545		13.9041		1.22964		145.227		15.4944		10.8361		16.8056
399		37.9172		4.5707		32.2848		18.2706		14.0054		3.37639e-06		190.689		15.3058		10.7351		16.979
400		37.6567		4.56778		32.1022		18.1902		13.8613		0.185198		215.184		15.293		10.7252		16.8092
401		37.2349		4.49395		31.7151		17.9727		13.7304		1.9234e-07		197.7		15.1034		10.6094		16.6117
402		38.2456		4.59743		32.5902		18.4519		14.0819		0.0837981		146.073		15.5054		10.908		17.0849
403		36.6034		4.39618		31.1574		17.6326		13.5044		3.08464e-06		203.929		14.7727		10.3765		16.3847
404		38.1085		4.6546		32.4735		18.4267		14.0083		0.524119		187.093		15.5176		10.863		16.956
405		37.9242		4.56811		32.3076		18.2824		13.9868		8.11361e-05		119.693		15.3379		10.7698		16.9697
406		37.3246		4.49469		31.7723		17.9782		13.7731		7.94731e-06		218.538		15.0524		10.5577		16.7199
407		37.4155		4.48732		31.8181		18.0088		13.8088		3.57734e-05		199.161		15.0848		10.5975		16.7333
408		37.0703		4.43928		31.5976		17.8846		13.7012		4.7663e-05		215.167		15.0069		10.5676		16.5907
409		36.6239		4.35035		31.129		17.6155		13.552		4.88461e-06		183.503		14.7622		10.4119		16.3668
410		38.0959		4.64564		32.4435		18.4041		14.0163		0.359259		208.393		15.4788		10.8332		16.9647
411		37.7952		4.54113		32.2079		18.2329		13.9434		1.68484e-05		182.173		15.3001		10.759		16.9078
412		36.3006		4.33488		30.8829		17.4714		13.4219		1.52378e-07		195.06		14.6261		10.2912		16.2567
413		37.1093		4.44277		31.5797		17.8705		13.737		4.64001e-06		204.464		14.9678		10.5251		16.6119
414		37.4814		4.51382		31.9513		18.0797		13.8267		0.000890329		109.787		15.1654		10.6516		16.7859
415		37.8669		4.61892		32.2919		18.3149		13.9301		0.772026		164.576		15.4331		10.8142		16.8589
416		37.5532		4.46785		31.9759		18.0741		13.8742		2.90587e-06		217.543		15.1473		10.6795		16.8286
417		37.2691		4.46194		31.7475		17.9535		13.7663		3.19235e-05		203.655		15.0495		10.5875		16.698
418		38.1754		4.63881		32.5176		18.4591		14.0583		0.460639		194.87		15.5339		10.8951		16.9837
419		38.2509		4.65677		32.6072		18.5088		14.0943		0.568321		184.188		15.5783		10.9215		17.0289
420		38.0909		4.70929		32.4835		18.4729		13.9947		1.06268		149.074		15.5966		10.8873		16.8869
421		37.0177		4.48308		31.5539		17.8876		13.6763		4.45955e-05		204.572		15.0223		10.5392		16.5316
422		36.8934		4.45412		31.4259		17.8087		13.6189		0.000234495		209.683		14.937		10.4829		16.4889
423		36.8196		4.38197		31.2878		17.6999		13.6217		6.78259e-06		202.752		14.8196		10.4377		16.4682
424		37.8872		4.57484		32.2886		18.277		13.971		0.000355636		219.364		15.3505		10.7757		16.9381
425		37.6742		4.57341		32.0918		18.1955		13.8862		0.344508		208.717		15.2818		10.7084		16.81
426		37.5035		4.52904		31.9494		18.1121		13.8464		7.7517e-05		109.364		15.2005		10.6715		16.7489
427		36.6632		4.4047		31.2557		17.6959		13.5617		7.30177e-05		213.797		14.8391		10.4344		16.4166
428		36.9063		4.47221		31.436		17.8077		13.6076		0.0347236		188.176		14.9416		10.4694		16.4944
429		38.1375		4.62339		32.5446		18.4331		14.0393		0.437612		197.966		15.5134		10.89		17.0312
430		37.1762		4.45037		31.6539		17.9058		13.7517		1.94178e-06		207.815		14.9961		10.5457		16.6578
431		36.5965		4.40878		31.1747		17.6431		13.5289		0.000167094		203.762		14.7932		10.3844		16.3815
432		37.9729		4.62722		32.3137		18.3403		13.9813		0.250333		218.918		15.4134		10.7862		16.9002
433		36.921		4.45965		31.4632		17.8247		13.6141		0.000208027		131.718		14.9733		10.5136		16.49
434		38.6393		4.73264		32.9687		18.7177		14.2103		0.874597		161.746		15.7873		11.0547		17.1814
435		38.0376		4.65306		32.4249		18.413		13.9981		0.707625		169.582		15.5011		10.848		16.9238
436		38.897		4.76102		33.1518		18.8234		14.2934		0.777381		169.336		15.8739		11.1129		17.2779
437		38.1157		4.57404		32.4419		18.3743		14.0637		3.92118e-07		203.548		15.4373		10.8633		17.0045
438		37.4328		4.57108		31.8909		18.1012		13.7755		0.661575		170.181		15.2329		10.6618		16.6581
439		37.6046		4.56852		32.051		18.1769		13.8691		0.119051		189.535		15.2802		10.7117		16.7708
440		37.737		4.59761		32.2167		18.2755		13.9012		0.667076		174.236		15.3908		10.7931		16.826
441		38.9183		4.79198		33.1767		18.865		14.2875		1.40138		140.825		15.9364		11.1445		17.2402
442		37.4848		4.5096		31.9121		18.0762		13.8436		0.000203933		171.06		15.1608		10.6512		16.7512
443		37.8458		4.65572		32.3429		18.3599		13.9024		1.31274		143.714		15.5146		10.8589		16.8283
444		37.8527		4.56682		32.2632		18.2734		13.9717		0.00022703		112.424		15.3624		10.7955		16.9008
445		38.0766		4.6057		32.4483		18.4024		14.0311		0.32611		211.888		15.4955		10.8898		16.9527
446		38.0566		4.61973		32.4452		18.3816		14.0178		0.12001		184.569		15.4501		10.8304		16.9951
447		36.5226		4.32376		31.0387		17.5402		13.5231		1.47971e-05		176.213		14.6567		10.3329		16.382
448		37.4743		4.50091		31.9344		18.0795		13.8215		0.0686083		121.935		15.1743		10.6733		16.7601
449		36.9518		4.42807		31.4535		17.7812		13.6352		0.00042439		192.242		14.8927		10.4646		16.5608
450		37.9623		4.65415		32.3779		18.4082		13.9493		0.724545		166.527		15.5548		10.9006		16.8231
451		37.7962		4.60471		32.2222		18.2849		13.9388		0.0745627		121.86		15.3811		10.7764		16.8411
452		37.3615		4.54092		31.811		18.0496		13.774		0.195671		222.256		15.1824		10.6415		16.6286
453		37.064		4.43441		31.5806		17.8615		13.7039		4.41878e-05		217.636		14.9845		10.5501		16.5961
454		37.4843		4.49856		31.9282		18.0614		13.8198		3.10448e-05		209.236		15.1589		10.6604		16.7693
455		37.968		4.61063		32.3309		18.3371		13.985		0.439664		196.099		15.3972		10.7866		16.9337
456		37.9401		4.58266		32.3146		18.3054		14.0037		1.76162e-06		212.374		15.3531		10.7704		16.9615
457		37.5425		4.50312		31.9628		18.0931		13.8647		5.43398e-06		222.953		15.1692		10.6661		16.7936
458		37.1026		4.44991		31.5415		17.8622		13.7099		3.1365e-07		203.766		14.9655		10.5156		16.5759
459		37.5962		4.53168		32.0469		18.1614		13.8613		0.0046042		172.466		15.2872		10.7555		16.7597
460		37.7255		4.59911		32.1297		18.2269		13.8863		0.526757		185.016		15.3328		10.7337		16.7969
461		38.0201		4.61084		32.3474		18.338		14.0123		0.129217		190.548		15.398		10.7872		16.9494
462		38.5391		4.72269		32.8538		18.6576		14.1372		0.991647		154.066		15.7553		11.0326		17.0985
463		37.6744		4.53022		32.0963		18.1633		13.9007		3.54895e-06		220.944		15.2322		10.702		16.8641
464		37.74		4.58054		32.1615		18.243		13.8846		0.434707		194.928		15.3758		10.7952		16.7857
465		37.3377		4.47869		31.8182		17.9909		13.8056		5.42979e-05		219.805		15.0563		10.5776		16.7619
466		37.6997		4.53955		32.1287		18.1944		13.9299		1.88735e-05		193.814		15.2695		10.7299		16.8593
467		37.2986		4.48665		31.7636		17.9957		13.7788		1.04504e-06		163.893		15.111		10.6244		16.6525
468		37.9441		4.64406		32.3479		18.3626		13.9499		0.70728		169.605		15.4613		10.8172		16.8865
469		38.0458		4.56113		32.449		18.3474		14.0786		4.16569e-05		220.676		15.357		10.7959		17.092
470		37.5685		4.53278		31.996		18.1285		13.8588		1.55058e-07		139.321		15.2266		10.6938		16.7694
471		38.7797		4.76758		33.0391		18.7739		14.2393		0.789747		167.905		15.8334		11.0659		17.2056
472		37.441		4.52834		31.9134		18.0894		13.8157		0.00357522		213.433		15.1992		10.6709		16.7142
473		37.4092		4.5516		31.8743		18.0778		13.7966		0.0567277		216.936		15.1942		10.6426		16.6801
474		37.3716		4.45332		31.8381		18.0021		13.8314		7.54694e-06		218.995		15.0764		10.6231		16.7616
475		37.2796		4.54203		31.8089		18.0311		13.7417		0.213589		216.288		15.1604		10.6183		16.6485
476		37.2846		4.5101		31.7622		18.0119		13.7588		7.18715e-08		155.24		15.1591		10.649		16.6031
477		37.2439		4.48879		31.7575		17.985		13.7363		5.45865e-05		206.643		15.1181		10.6293		16.6394
478		37.6327		4.618		32.0693		18.2151		13.8606		0.435884		194.847		15.3199		10.7019		16.7494
479		37.8064		4.62078		32.2327		18.3075		13.9138		0.650415		172.912		15.4257		10.8049		16.807
480		37.4929		4.53142		31.9259		18.0883		13.8253		0.0135414		161.782		15.1888		10.6574		16.737
481		37.274		4.5082		31.7352		18.0014		13.7549		8.38933e-05		170.902		15.119		10.6108		16.6162
482		36.6797		4.4111		31.2299		17.6738		13.556		8.92833e-06		215.143		14.8001		10.389		16.4298
483		37.7839		4.57507		32.2271		18.2527		13.9426		9.67661e-06		197.372		15.3152		10.7401		16.9119
484		37.694		4.57277		32.1295		18.2076		13.8947		0.288729		214.791		15.3059		10.7331		16.8235
485		36.439		4.3038		30.941		17.4894		13.4792		7.73421e-11		184.645		14.626		10.3222		16.3151
486		37.5344		4.56147		32.0064		18.1497		13.8219		0.177762		218.368		15.2842		10.7227		16.7222
487		37.2776		4.48688		31.7657		17.9874		13.763		0.000415148		203.674		15.0992		10.6124		16.6665
488		37.7313		4.55414		32.1825		18.209		13.9442		2.85727e-05		220.111		15.2706		10.7165		16.9118
489		37.0833		4.42197		31.5225		17.8284		13.6862		7.64542e-07		208.451		14.9267		10.5047		16.5958
490		37.4614		4.51904		31.9154		18.0695		13.8308		1.84808e-05		218.71		15.1492		10.6302		16.7661
491		38.5863		4.69251		32.8872		18.6665		14.1847		0.788589		167.047		15.7421		11.0496		17.145
492		38.0429		4.63936		32.3826		18.3806		13.9918		0.595058		177.072		15.4601		10.8208		16.9225
493		37.9066		4.61392		32.3177		18.3329		13.9563		0.489851		189.998		15.4445		10.8306		16.8733
494		37.9134		4.58494		32.2283		18.2945		13.9883		2.9055e-06		207.046		15.3706		10.7857		16.8576
495		37.981		4.57892		32.3769		18.3257		13.9944		1.98798e-07		164.016		15.391		10.8121		16.9858
496		37.8602		4.61676		32.27		18.308		13.9202		0.367561		205.818		15.4264		10.8096		16.8436
497		37.2139		4.48895		31.7377		17.9752		13.7232		2.86656e-05		130.875		15.1025		10.6135		16.6353
498		36.9624		4.43916		31.4349		17.8016		13.6447		4.56139e-05		220.541		14.9423		10.5032		16.4926
499		37.2377		4.47267		31.7046		17.9443		13.7677		2.53737e-05		217.11		15.0349		10.5622		16.6697
500		37.0376		4.4907		31.5689		17.8942		13.6511		0.180363		214.858		15.0605		10.5698		16.5084
