1		37.5072		4.58799		31.9779		18.1618		13.7949		0.829924		157.471		15.3267		10.7387		16.6512
2		37.6332		4.55514		32.0857		18.1722		13.8858		1.19844e-07		113.538		15.2427		10.6876		16.843
3		37.644		4.5735		32.0625		18.1929		13.8594		0.33377		209.278		15.31		10.7365		16.7524
1		38.1672		4.62953		32.4869		18.4318		14.0586		0.14947		189.891		15.497		10.8675		16.9899
2		37.7821		4.63618		32.217		18.2779		13.878		0.766033		163.495		15.3939		10.7577		16.8231
3		37.3198		4.5449		31.8386		18.0554		13.7475		0.20584		216.533		15.1819		10.637		16.6567
4		38.2866		4.66151		32.618		18.5166		14.0864		0.453453		195.137		15.6047		10.9432		17.0134
5		37.5728		4.47189		31.9794		18.0551		13.8824		1.15338e-07		195.265		15.0904		10.6185		16.889
6		37.7659		4.56452		32.1383		18.2157		13.9222		4.13502e-05		120.481		15.3004		10.7359		16.8379
7		37.455		4.54221		31.8975		18.0926		13.8027		3.84117e-05		110.524		15.2009		10.6586		16.6966
8		37.607		4.58489		32.0985		18.1992		13.8463		0.630202		177.379		15.3256		10.7407		16.773
9		37.7094		4.54126		32.1249		18.1871		13.9133		0.000626756		172.57		15.2606		10.7194		16.8643
10		37.1688		4.476		31.6843		17.9237		13.7347		7.67062e-06		218.875		15.0163		10.5403		16.668
11		37.6881		4.54475		32.1133		18.184		13.907		8.62669e-05		177.756		15.2496		10.7049		16.8637
12		38.386		4.70515		32.7311		18.6075		14.1109		1.00065		153.535		15.7227		11.0176		17.0084
13		38.1384		4.67965		32.5149		18.4692		14.0299		0.732888		167.983		15.5718		10.8921		16.9432
14		38.1398		4.62227		32.4922		18.4304		14.0566		0.0257692		176.474		15.4941		10.8719		16.9981
15		38.1629		4.60989		32.499		18.4301		14.0736		0.23906		218.677		15.4932		10.8833		17.0059
16		37.4271		4.54173		31.9062		18.1043		13.7989		0.278825		216.915		15.24		10.6983		16.6662
17		38.1176		4.63656		32.4776		18.4033		14.0354		0.189373		217.751		15.4532		10.8167		17.0243
18		37.8597		4.59767		32.2228		18.27		13.9539		9.94294e-05		131.742		15.3186		10.7209		16.9042
19		37.3196		4.51459		31.812		18.0136		13.7419		0.0206538		169.057		15.1394		10.6248		16.6727
20		37.3683		4.53442		31.83		18.0357		13.7696		2.95157e-05		125.109		15.14		10.6056		16.69
21		37.6179		4.5558		32.0502		18.1523		13.8742		9.79903e-05		159.081		15.2242		10.6684		16.8261
22		36.9224		4.50249		31.4786		17.8534		13.6258		9.45501e-06		127.885		14.9982		10.4957		16.4805
23		37.7638		4.61194		32.177		18.2471		13.9012		0.33905		208.132		15.3515		10.7395		16.8256
24		37.8502		4.5913		32.2741		18.2786		13.9615		0.000522871		110.534		15.3424		10.7511		16.9317
25		36.9712		4.46461		31.4841		17.8523		13.6686		1.09694e-05		217.774		14.9835		10.5189		16.5006
26		38.5626		4.75265		32.8777		18.6999		14.1598		1.33468		141.626		15.7966		11.044		17.081
27		36.7053		4.33374		31.1767		17.6263		13.6014		3.02791e-07		181.308		14.7276		10.3938		16.4492
28		38.0256		4.62611		32.4099		18.3921		14.0008		0.392179		201.868		15.4882		10.8621		16.9217
29		37.2527		4.47304		31.7681		17.9496		13.7692		6.45129e-07		214.879		15.0221		10.5491		16.7459
30		37.3622		4.4739		31.8048		18.0011		13.8161		4.47737e-05		219.92		15.0822		10.6083		16.7226
31		38.4393		4.74122		32.7323		18.6312		14.1172		1.17021		145.518		15.7369		10.9957		16.9954
32		37.9878		4.56355		32.295		18.2919		14.0078		1.12244e-08		214.71		15.3455		10.7819		16.9496
33		37.4221		4.46668		31.8945		18.0379		13.8457		3.93177e-07		220		15.1211		10.6544		16.7734
34		36.9237		4.42673		31.5084		17.8231		13.6473		6.35295e-06		200.637		14.9509		10.5242		16.5575
35		37.8704		4.57302		32.2525		18.2644		13.958		0.177403		217.423		15.3293		10.7563		16.9231
36		36.7032		4.4389		31.275		17.7209		13.5553		9.75135e-06		215.996		14.8621		10.4232		16.4129
37		37.5623		4.52782		32.0133		18.1238		13.8675		0.000734512		196.159		15.2072		10.6794		16.8061
38		36.948		4.41895		31.4015		17.7928		13.6374		4.93458e-07		219.821		14.9334		10.5144		16.4681
39		36.8345		4.38973		31.3915		17.7302		13.6328		6.26218e-07		199.654		14.8225		10.4328		16.5689
40		36.7545		4.3648		31.2318		17.6534		13.614		1.17566e-09		186.295		14.7578		10.393		16.4741
41		37.8202		4.55041		32.2057		18.2369		13.9664		1.78022e-05		219.857		15.2868		10.7364		16.9189
42		37.775		4.56388		32.1479		18.2253		13.9177		0.171533		207.467		15.3171		10.7532		16.8308
43		37.6244		4.54107		32.0596		18.1633		13.888		0.0365215		117.158		15.2527		10.7116		16.8069
44		37.1833		4.47278		31.7055		17.9401		13.7303		2.24773e-07		218.986		15.0561		10.5833		16.6494
45		36.9325		4.44975		31.456		17.8102		13.6525		3.32407e-07		216.368		14.9155		10.4658		16.5404
46		37.3036		4.53643		31.806		18.0457		13.7619		0.0996999		150.035		15.1808		10.6444		16.6252
47		38.0107		4.70529		32.4286		18.4453		13.9539		1.47491		137.545		15.5929		10.8876		16.8357
48		36.7198		4.3678		31.2243		17.6579		13.5908		2.85838e-05		195.752		14.7727		10.4049		16.4515
49		37.08		4.46583		31.5849		17.8757		13.7055		4.39574e-05		216.19		14.9811		10.5153		16.6038
50		38.1311		4.63876		32.5066		18.4348		14.0406		0.295199		217.298		15.5087		10.87		16.9979
51		36.4922		4.37124		31.0956		17.5802		13.4981		1.13019e-08		208.74		14.721		10.3497		16.3746
52		38.5579		4.69913		32.8478		18.657		14.1855		0.73398		169.889		15.7263		11.0272		17.1215
53		37.2017		4.43943		31.6864		17.9226		13.7536		1.39039e-08		216.644		15.0266		10.5871		16.6599
54		37.0434		4.43867		31.5303		17.8496		13.6854		2.62107e-06		216.207		14.9588		10.5201		16.5715
55		37.0726		4.48022		31.5899		17.8882		13.6883		0.000261767		217.464		15.0029		10.5227		16.587
56		37.8439		4.56491		32.237		18.277		13.943		0.00415132		212.106		15.3667		10.8018		16.8703
57		37.6048		4.53711		32.0527		18.1604		13.8623		0.0111176		163.791		15.2654		10.7283		16.7873
58		38.1515		4.65171		32.5023		18.4668		14.0512		0.570624		180.831		15.5613		10.9096		16.941
59		37.4117		4.53104		31.9007		18.0845		13.7903		0.231095		217.661		15.2216		10.6906		16.679
60		37.6893		4.56282		32.0857		18.1826		13.8919		0.000872046		153.982		15.2626		10.6997		16.8232
61		37.8205		4.58833		32.2064		18.2534		13.9136		0.0639348		151.66		15.3462		10.7578		16.8602
62		37.4434		4.5262		31.8799		18.0542		13.7971		0.0938905		159.395		15.1519		10.6257		16.7279
63		37.1823		4.48849		31.7047		17.9602		13.7055		0.137925		202.799		15.0988		10.6103		16.6058
64		37.4817		4.53536		31.9235		18.0873		13.8284		2.02573e-05		136.784		15.2001		10.6648		16.7234
65		37.7803		4.59902		32.1802		18.2552		13.8976		0.463272		190.654		15.3749		10.7759		16.8052
66		36.9277		4.42896		31.4315		17.7926		13.6338		6.95825e-05		210.387		14.9228		10.4938		16.5088
67		36.5986		4.39701		31.1733		17.6517		13.5216		0.000107102		217.958		14.8153		10.4183		16.358
68		37.1255		4.52166		31.6367		17.9415		13.6862		0.2773		211.446		15.0835		10.5619		16.5532
69		37.4874		4.50264		31.9293		18.0765		13.8452		3.92781e-05		197.46		15.1626		10.6599		16.7668
70		37.8081		4.56139		32.1999		18.2449		13.9759		3.43292e-10		219.923		15.2946		10.7332		16.9053
71		36.6118		4.33105		31.1194		17.5783		13.5648		6.60125e-06		175.136		14.6714		10.3404		16.448
72		37.4322		4.50062		31.8701		18.0501		13.8318		2.20811e-05		219.303		15.1334		10.6327		16.7368
73		38.1176		4.68772		32.4736		18.4611		14.0088		0.754749		167.12		15.5688		10.8811		16.9048
74		36.7916		4.44015		31.307		17.7384		13.5636		0.000113235		178.077		14.8957		10.4556		16.4113
75		37.4464		4.52278		31.9239		18.08		13.8231		0.000171418		189.662		15.173		10.6502		16.7509
76		37.4034		4.5531		31.8715		18.0715		13.7654		0.191844		215.362		15.184		10.6309		16.6875
77		37.4566		4.50292		31.9542		18.0724		13.8274		2.13886e-09		198.484		15.1603		10.6574		16.7939
78		37.5385		4.54913		31.9912		18.1362		13.8489		0.00115387		153.018		15.2416		10.6925		16.7496
79		38.1796		4.61684		32.5225		18.4248		14.0922		0.277273		218.645		15.4695		10.8526		17.053
80		38.4102		4.74208		32.7304		18.6284		14.0926		1.49118		136.121		15.7524		11.0103		16.9781
81		37.3599		4.53415		31.8545		18.0382		13.7731		0.170502		210.819		15.1254		10.5912		16.7291
82		37.1368		4.47557		31.6288		17.9145		13.7		5.1225e-05		217.905		15.0418		10.5663		16.5869
83		36.4947		4.32192		31.0025		17.5282		13.5078		8.64021e-05		186.07		14.6499		10.328		16.3526
84		38.9768		4.81959		33.2464		18.9111		14.3143		1.39564		139.482		15.9944		11.1748		17.2519
85		37.54		4.52548		31.933		18.1074		13.8536		4.94959e-05		119.328		15.2061		10.6807		16.7268
86		37.3923		4.4954		31.8582		18.0247		13.7949		6.49527e-05		134.614		15.1125		10.6171		16.7456
87		36.9789		4.42597		31.4911		17.8226		13.6839		3.63633e-05		215.255		14.9374		10.5114		16.5537
88		36.9427		4.43516		31.4495		17.7949		13.656		7.82334e-07		215.907		14.8967		10.4616		16.5528
89		37.2032		4.47572		31.6976		17.9366		13.7427		4.55544e-07		217.338		15.033		10.5572		16.6647
90		37.3808		4.54507		31.8483		18.0702		13.7596		0.594121		175.705		15.2057		10.6607		16.6425
91		37.8105		4.59362		32.2217		18.2779		13.9122		0.580334		176.46		15.3918		10.7981		16.83
92		37.6468		4.62504		32.0839		18.2423		13.8302		1.15274		144.1		15.3962		10.7712		16.6877
93		37.4573		4.50995		31.8904		18.0638		13.8106		1.09601e-05		199.174		15.1566		10.6467		16.7338
94		37.9188		4.569		32.2557		18.2737		13.9916		0.000164728		195.407		15.3089		10.7399		16.9467
95		37.1518		4.45976		31.6753		17.9289		13.7553		1.40701e-06		191.584		15.0218		10.5621		16.6534
96		37.1875		4.50811		31.6943		17.9554		13.7133		0.00376185		133.717		15.0811		10.573		16.6132
97		37.0396		4.44035		31.5786		17.8601		13.6936		4.37118e-05		216.841		14.9587		10.5184		16.6199
98		37.9093		4.63257		32.3178		18.3604		13.9632		0.67704		171.482		15.4644		10.8318		16.8534
99		37.1561		4.47519		31.6588		17.9204		13.7249		3.04067e-05		220		15.0271		10.5519		16.6317
100		38.4273		4.68823		32.7392		18.5922		14.1315		0.484325		191.998		15.6738		10.9855		17.0655
101		38.2338		4.7234		32.5938		18.5405		14.0455		0.766727		165.543		15.646		10.9226		16.9478
102		37.3203		4.52696		31.8175		18.0223		13.7646		0.255219		220.096		15.1338		10.6068		16.6837
103		38.1963		4.67139		32.5425		18.4616		14.0713		0.568858		183.198		15.5102		10.8388		17.0324
104		37.5118		4.5431		31.9617		18.1364		13.8249		0.351665		205.423		15.268		10.7249		16.6937
105		36.5125		4.33884		31.0362		17.5504		13.5021		1.41425e-06		178.788		14.6721		10.3332		16.3642
106		38.3304		4.69125		32.6801		18.5686		14.0974		0.877187		160.443		15.6787		10.9874		17.0014
107		37.43		4.52143		31.8837		18.0795		13.7891		0.35018		203.727		15.2109		10.6895		16.6728
108		36.9256		4.39261		31.4295		17.7688		13.6606		2.10704e-05		190.423		14.8779		10.4853		16.5517
109		37.5782		4.58177		32.0205		18.1666		13.856		0.411254		197.683		15.2662		10.6845		16.7543
110		38.2917		4.6645		32.593		18.5041		14.1016		0.711148		169.284		15.5702		10.9057		17.0227
111		38.6582		4.72873		32.8983		18.7019		14.2365		0.604702		180.216		15.7338		11.005		17.1645
112		37.3347		4.45191		31.7839		17.9703		13.8311		4.16207e-05		203.87		15.021		10.5691		16.7629
113		37.2913		4.49028		31.7292		17.975		13.7445		0.00114072		153.042		15.0893		10.599		16.64
114		38.1288		4.68085		32.5056		18.4665		14.0079		0.970853		153.844		15.5829		10.902		16.9227
115		38.1929		4.67944		32.5329		18.4861		14.0687		0.306854		216.675		15.5425		10.863		16.9905
116		37.7528		4.52182		32.1436		18.1642		13.9557		2.3091e-05		207.637		15.2023		10.6804		16.9413
117		36.8352		4.36411		31.3523		17.7276		13.6713		4.08644e-07		172.32		14.8128		10.4487		16.5395
118		39.0459		4.7766		33.2735		18.8833		14.35		0.775497		168.391		15.9163		11.1397		17.3572
119		37.4225		4.51791		31.9182		18.0772		13.8206		0.000136889		133.228		15.1732		10.6553		16.745
120		37.7014		4.57366		32.1247		18.1946		13.9027		0.000440051		178.264		15.2673		10.6937		16.8574
121		37.8362		4.63743		32.2292		18.322		13.9183		0.771929		164.111		15.447		10.8096		16.7822
122		37.0211		4.45305		31.5239		17.8399		13.6836		7.45125e-05		215.504		14.9325		10.4794		16.5914
123		37.5017		4.59069		31.9924		18.1602		13.8215		0.389577		200.863		15.2584		10.6677		16.734
124		37.4124		4.48027		31.8619		18.0265		13.8431		2.76807e-05		215.358		15.1126		10.6324		16.7493
125		37.53		4.56823		32.007		18.1604		13.8255		0.557059		180.686		15.2866		10.7184		16.7204
126		37.6698		4.56668		32.103		18.2057		13.9001		0.190985		216.808		15.2971		10.7304		16.806
127		37.7291		4.5749		32.1497		18.2318		13.926		0.244739		219.207		15.3182		10.7434		16.8315
128		37.1908		4.49402		31.6901		17.9738		13.7316		2.6102e-06		157.894		15.1024		10.6084		16.5877
129		38.1237		4.60449		32.4555		18.3898		14.0434		0.029141		173.055		15.4664		10.8619		16.9891
130		37.5743		4.51106		32.0028		18.109		13.8674		3.55212e-06		216.964		15.1986		10.6875		16.8042
131		38.1376		4.63253		32.4428		18.4243		14.0538		0.458402		193.316		15.5028		10.8703		16.9399
132		36.8961		4.42964		31.4191		17.7985		13.6192		4.56736e-05		155.822		14.9525		10.5229		16.4666
133		37.5361		4.53523		31.9797		18.1211		13.87		8.02026e-07		220.927		15.2081		10.6729		16.7716
134		37.3492		4.52043		31.8427		18.0391		13.7649		0.217331		216.861		15.1701		10.6497		16.6725
135		38.0235		4.62776		32.4422		18.3874		14.0023		0.34944		209.764		15.4641		10.8363		16.9781
136		37.9882		4.61563		32.4068		18.3695		14.0025		0.234999		220.861		15.4476		10.832		16.9591
137		37.2358		4.50082		31.7486		18.0004		13.7474		0.193505		215.752		15.1348		10.634		16.6138
138		37.6332		4.51652		32.0319		18.1222		13.8862		2.8928e-06		199.114		15.1836		10.6671		16.8483
139		37.4215		4.49157		31.8536		18.0371		13.8361		5.87898e-06		209.362		15.1267		10.6351		16.7269
140		37.5291		4.52104		31.9855		18.1181		13.8357		0.0422365		112.804		15.2311		10.7101		16.7543
141		38.0927		4.67506		32.488		18.4548		14.0171		0.892663		157.758		15.5461		10.871		16.9419
142		36.8949		4.40496		31.3965		17.7574		13.6549		6.90731e-05		204.385		14.856		10.451		16.5404
143		38.1441		4.65735		32.5335		18.4664		14.0346		0.548222		185.472		15.5477		10.8903		16.9859
144		37.2599		4.48146		31.7609		17.9882		13.7635		0.000127765		151.486		15.0951		10.6136		16.6658
145		38.5465		4.71623		32.8051		18.6395		14.1564		0.702396		172.812		15.7056		10.9894		17.0995
146		39.0997		4.82804		33.3583		18.9637		14.3549		1.24009		147.736		16.0244		11.1964		17.3339
147		38.8062		4.76896		33.0833		18.8069		14.254		1.15331		148.878		15.8842		11.1153		17.1991
148		37.3601		4.46665		31.7963		17.9899		13.8156		2.17891e-06		207.865		15.0679		10.6013		16.7284
149		37.2793		4.47225		31.7527		17.9783		13.7825		1.73574e-06		219.999		15.0749		10.6027		16.6778
150		37.0265		4.41946		31.5185		17.8237		13.6877		3.35862e-06		208.136		14.9368		10.5173		16.5817
151		38.2149		4.64012		32.546		18.4566		14.0796		0.429346		198.041		15.5031		10.863		17.0429
152		37.5529		4.55127		32.0145		18.1441		13.859		0.000207715		125.913		15.2396		10.6883		16.7748
153		36.7312		4.38897		31.2729		17.6912		13.5663		6.41502e-06		197.987		14.8364		10.4474		16.4365
154		38.0123		4.5861		32.3653		18.333		14.0109		4.24256e-06		183.677		15.382		10.7959		16.9834
155		37.8714		4.57458		32.2548		18.281		13.9647		0.0450694		110.17		15.3585		10.7839		16.8963
156		36.775		4.36776		31.2796		17.6783		13.6051		5.2452e-08		183.199		14.7857		10.418		16.4938
157		38.0216		4.60612		32.4109		18.3724		14.0013		0.0294204		153.765		15.4553		10.8491		16.9556
158		37.5724		4.56611		32.0256		18.1733		13.8522		0.0906916		154.501		15.2925		10.7264		16.7331
159		37.9837		4.64133		32.4054		18.3824		13.9938		0.350295		208.448		15.4819		10.8406		16.9234
160		37.3831		4.52638		31.8397		18.053		13.7924		0.0126071		136.327		15.1681		10.6417		16.6716
161		37.2504		4.46963		31.7538		17.9815		13.7824		7.68436e-06		215.938		15.0802		10.6106		16.6736
162		37.6861		4.57636		32.114		18.2034		13.8854		0.262641		217.536		15.301		10.7246		16.813
163		37.3659		4.4784		31.8361		18.0256		13.796		1.18964e-06		214.74		15.1285		10.6501		16.7076
164		38.0066		4.63247		32.4282		18.3836		13.9941		0.300559		214.949		15.4666		10.8342		16.9615
165		37.2359		4.46824		31.6868		17.9425		13.7706		1.11687e-05		208.369		15.0253		10.5571		16.6615
166		37.8288		4.52953		32.1895		18.2201		13.9913		8.34937e-06		221.314		15.2645		10.735		16.925
167		38.149		4.67723		32.5008		18.4612		14.0275		0.690964		171.791		15.5495		10.8723		16.9513
168		37.8914		4.55407		32.286		18.2809		13.9859		1.63543e-05		190.181		15.3342		10.7802		16.9518
169		37.2802		4.47665		31.7375		17.9659		13.7644		2.75289e-06		210.077		15.0598		10.5831		16.6777
170		37.5358		4.55765		31.98		18.1377		13.8185		0.625732		173.658		15.2586		10.701		16.7214
171		36.6992		4.37144		31.2707		17.678		13.5737		1.88314e-05		204.649		14.8198		10.4484		16.4509
172		37.867		4.58383		32.2708		18.2767		13.9441		0.0445919		118.668		15.3519		10.7681		16.9189
173		36.4535		4.3067		30.9708		17.4907		13.497		8.75855e-08		176.256		14.6101		10.3034		16.3607
174		38.3237		4.65628		32.6484		18.5335		14.1306		0.25076		217.331		15.5958		10.9395		17.0526
175		38.3722		4.68903		32.7055		18.5737		14.0996		0.775173		166.329		15.6793		10.9903		17.0262
176		38.776		4.75351		33.0351		18.7635		14.2648		0.565932		183.764		15.7968		11.0433		17.2382
177		37.6818		4.55806		32.0686		18.1694		13.9104		3.14827e-06		215.812		15.2268		10.6688		16.8418
178		37.4104		4.46804		31.8232		18.0101		13.8272		5.18137e-05		213.265		15.1012		10.6332		16.722
179		36.5677		4.30353		31.0407		17.5337		13.5605		2.48045e-07		169.103		14.6194		10.3159		16.4213
180		38.6208		4.7151		32.8826		18.6766		14.1852		0.6041		179.691		15.7569		11.0418		17.1256
181		37.1004		4.41972		31.5313		17.8155		13.7312		7.40052e-08		183.348		14.8599		10.4402		16.6714
182		36.9018		4.35205		31.365		17.7279		13.6742		4.66405e-07		178.592		14.8134		10.4614		16.5515
183		37.2467		4.50927		31.7352		17.9796		13.7295		0.0854526		147.264		15.0905		10.5812		16.6447
184		38.409		4.7537		32.7617		18.6436		14.0868		1.55385		136.323		15.7765		11.0228		16.9852
185		38.0172		4.61585		32.389		18.3805		14.0072		0.42445		197.437		15.4806		10.8648		16.9083
186		37.8807		4.59097		32.2864		18.2984		13.9691		8.83598e-05		146.097		15.368		10.7771		16.9183
187		37.44		4.56829		31.9352		18.1132		13.8016		0.241268		217.39		15.2372		10.6689		16.698
188		37.9979		4.60404		32.3745		18.3462		14.0114		0.0352184		199.819		15.3917		10.7877		16.9828
189		37.5719		4.54414		32.0219		18.133		13.8521		0.0001232		109.731		15.2237		10.6796		16.7982
190		36.9929		4.46314		31.5292		17.8628		13.668		0.000168673		198.367		14.9961		10.533		16.533
191		37.8912		4.61512		32.2919		18.31		13.9534		0.241095		219.655		15.3992		10.7841		16.8927
192		38.3321		4.69983		32.6847		18.5566		14.1006		0.784447		166.018		15.6405		10.9407		17.0442
193		36.9641		4.44386		31.4886		17.8322		13.6579		1.8514e-05		169.612		14.9495		10.5057		16.539
194		37.5601		4.59731		31.9926		18.1912		13.8125		0.67298		169.202		15.3596		10.7623		16.6329
195		38.2758		4.65946		32.596		18.4964		14.1036		0.432604		195.594		15.557		10.8975		17.039
196		37.9299		4.62712		32.3284		18.3328		13.9698		0.380502		204.015		15.4087		10.7815		16.9197
197		37.4498		4.54301		31.8876		18.0646		13.805		2.17733e-06		145.449		15.1456		10.6025		16.742
198		37.19		4.48967		31.6801		17.9429		13.7355		0.000136942		204.521		15.0299		10.5403		16.6502
199		38.4379		4.75964		32.806		18.6686		14.1095		1.48457		136.914		15.7987		11.039		17.0073
200		37.3476		4.50986		31.8079		18.0227		13.7695		0.0943014		161.613		15.1345		10.6246		16.6735
201		37.1801		4.43848		31.6358		17.8984		13.7439		4.65764e-06		209.623		14.9908		10.5524		16.6449
202		36.8849		4.46492		31.4175		17.8124		13.6425		6.22909e-07		211.51		14.9393		10.4744		16.4782
203		38.0424		4.62954		32.4334		18.3975		14.0156		0.400405		202.822		15.4839		10.8543		16.9495
204		36.9888		4.41275		31.4838		17.8188		13.682		4.69321e-06		204.259		14.9259		10.5131		16.5579
205		37.7529		4.57251		32.1888		18.25		13.9368		0.000992318		114.16		15.3346		10.7621		16.8542
206		37.5368		4.48567		31.9803		18.0903		13.8708		3.93024e-06		203.172		15.153		10.6673		16.8273
207		38.2039		4.64146		32.5352		18.4584		14.0672		0.210831		215.028		15.5461		10.9047		16.9891
208		37.3457		4.51975		31.8061		18.0115		13.7484		0.12931		187.819		15.1173		10.5975		16.6889
209		38.061		4.60323		32.386		18.3715		14.0197		0.234273		217.79		15.445		10.8418		16.941
210		38.0519		4.604		32.4112		18.3688		14.031		0.000171142		129.017		15.42		10.816		16.9911
211		38.5738		4.67256		32.867		18.6062		14.1985		0.101843		206.329		15.6414		10.9689		17.2256
212		37.6082		4.56285		32.0893		18.1744		13.8821		0.0172995		182.874		15.252		10.6892		16.8373
213		38.4438		4.6868		32.7459		18.5911		14.1413		0.5869		178.987		15.6753		10.9885		17.0707
214		37.0247		4.45129		31.5503		17.8424		13.6853		5.22091e-05		217.619		14.9487		10.4974		16.6016
215		37.5679		4.55663		32.0321		18.1605		13.8651		0.00104394		184.798		15.2621		10.7055		16.77
216		37.0531		4.43048		31.5602		17.8548		13.7206		1.20135e-09		201.164		14.9461		10.5156		16.6141
217		37.9858		4.62299		32.3891		18.3598		13.9973		0.29685		216.063		15.4374		10.8144		16.9517
218		38.126		4.5976		32.5239		18.4173		14.0766		0.0656423		119.491		15.4714		10.8738		17.0525
219		37.678		4.5436		32.0856		18.1712		13.9177		8.99446e-05		131.863		15.2324		10.6888		16.8532
220		37.5357		4.54658		31.9793		18.1298		13.8295		0.178967		213.982		15.2392		10.6926		16.74
221		38.0107		4.59881		32.3747		18.3365		14.0202		0.000458815		144.735		15.3786		10.7798		16.9961
222		37.6987		4.55158		32.1007		18.1828		13.898		4.68645e-06		121.388		15.2537		10.7021		16.847
223		37.2052		4.51331		31.7168		17.9652		13.7137		0.0598607		213.155		15.0843		10.571		16.6325
224		37.3493		4.50295		31.83		18.035		13.7966		4.23976e-06		118.288		15.1354		10.6325		16.6946
225		37.0534		4.45127		31.5649		17.8683		13.6709		7.42391e-07		167.568		14.9949		10.5437		16.57
226		37.3327		4.51699		31.8047		18.0234		13.7593		0.00281816		177.513		15.1388		10.6218		16.6659
227		38.2643		4.64984		32.5996		18.4837		14.1113		0.200454		214.079		15.5219		10.8721		17.0777
228		38.2599		4.68328		32.5818		18.5057		14.0693		0.655472		175.051		15.573		10.8897		17.0088
229		38.0136		4.65039		32.4136		18.3842		13.9879		0.336195		210.754		15.4663		10.8159		16.9473
230		37.3166		4.5245		31.798		18.0244		13.7559		0.0528048		108.825		15.1371		10.6126		16.6609
231		37.1126		4.48373		31.6156		17.9058		13.7159		8.58236e-07		216.997		15.0223		10.5386		16.5932
232		37.666		4.56299		32.0431		18.1648		13.8701		0.0001176		168.222		15.2469		10.6839		16.7962
233		37.9604		4.62592		32.3577		18.3626		13.9757		0.432861		195.812		15.4652		10.8393		16.8925
234		37.4894		4.55488		31.9433		18.1177		13.8091		0.470508		189.565		15.2422		10.6873		16.7011
235		36.8683		4.41259		31.3781		17.7397		13.6244		4.69107e-06		199.783		14.8407		10.4281		16.5374
236		36.5211		4.34401		31.0485		17.5568		13.5203		5.15657e-07		181.953		14.6781		10.3341		16.3704
237		37.6611		4.57687		32.0915		18.2041		13.8862		0.424595		196.977		15.3041		10.7272		16.7874
238		38.0652		4.67471		32.4309		18.4221		13.9705		1.18405		143.819		15.537		10.8623		16.8939
239		37.607		4.60656		32.0594		18.2019		13.8498		0.616224		176.166		15.3043		10.6978		16.7551
240		37.5413		4.51089		31.9955		18.1273		13.8528		1.38431e-05		136.654		15.224		10.7131		16.7715
241		37.2994		4.53341		31.7811		18.0213		13.7313		0.233964		215.517		15.1617		10.6283		16.6193
242		37.9078		4.62921		32.3207		18.3397		13.9466		0.401189		201.321		15.4481		10.8189		16.8726
243		37.9481		4.59289		32.3593		18.3523		14.0172		0.02773		136.657		15.4268		10.8339		16.9325
244		37.9171		4.60823		32.3035		18.3231		13.9487		0.613903		177.428		15.4271		10.8188		16.8765
245		37.9531		4.65073		32.3872		18.3859		13.9623		0.567071		182.342		15.4913		10.8406		16.8959
246		37.3688		4.46829		31.8375		18.0148		13.8182		6.54156e-05		213.482		15.1063		10.638		16.7312
247		37.22		4.46372		31.7251		17.946		13.7663		4.30507e-06		217.177		15.0339		10.5701		16.6913
248		36.531		4.37986		31.0999		17.6026		13.5153		3.54727e-06		200.826		14.7466		10.3668		16.3532
249		37.4912		4.52531		31.9341		18.0865		13.82		0.000441831		216.403		15.1766		10.6513		16.7575
250		37.6114		4.56516		32.1053		18.1873		13.8475		0.274821		216.737		15.306		10.7408		16.7994
251		36.6343		4.40102		31.168		17.6573		13.5368		9.31578e-09		206.884		14.8113		10.4103		16.3567
252		37.7039		4.52885		32.1498		18.2097		13.9094		0.0638363		118.175		15.3081		10.7793		16.8417
253		37.8977		4.63485		32.3181		18.3343		13.9266		0.788337		162.914		15.4443		10.8094		16.8738
254		37.7523		4.60759		32.1917		18.2712		13.9041		0.381632		203.822		15.3801		10.7725		16.8116
255		37.9248		4.6131		32.3004		18.3376		13.9658		0.391926		202.34		15.4354		10.8223		16.865
256		37.0849		4.44289		31.5875		17.8573		13.7046		2.63816e-05		219.716		14.9538		10.5109		16.6337
257		38.2755		4.67536		32.6432		18.5119		14.0715		0.581968		182.687		15.5855		10.9101		17.0577
258		36.9798		4.4335		31.5022		17.8293		13.6662		3.02852e-05		204.623		14.9581		10.5246		16.544
259		37.5129		4.55516		31.965		18.1179		13.8071		0.536359		183.363		15.2372		10.6821		16.7278
260		37.8876		4.56861		32.2755		18.2829		13.9776		0.000113917		179.037		15.3479		10.7793		16.9276
261		37.2687		4.44576		31.6773		17.9347		13.7814		8.6634e-08		201.058		15.0237		10.5779		16.6536
262		36.9857		4.45497		31.4847		17.8255		13.6627		7.46547e-11		208.235		14.9412		10.4863		16.5435
263		37.3615		4.47989		31.8351		18.0184		13.7741		0.0566985		111.786		15.1346		10.6548		16.7005
264		38.1607		4.64154		32.5081		18.4573		14.0602		0.372611		204.824		15.5204		10.8788		16.9877
265		38.0136		4.65864		32.3741		18.4063		13.9751		0.5953		178.629		15.5066		10.8479		16.8675
266		37.9232		4.5764		32.3035		18.3054		13.9596		0.164326		207.09		15.4005		10.8241		16.9031
267		37.9215		4.65225		32.3451		18.3526		13.9419		0.508473		187.528		15.4528		10.8005		16.8923
268		37.5246		4.5528		31.9831		18.1307		13.8319		0.175371		213.438		15.2402		10.6874		16.7429
269		37.542		4.50821		31.9888		18.0993		13.8694		5.03682e-05		219.695		15.1678		10.6596		16.821
270		38.4064		4.68448		32.7435		18.5837		14.1226		0.587766		178.552		15.6638		10.9793		17.0797
271		37.6471		4.57575		32.1253		18.2111		13.8652		0.381665		206.313		15.3248		10.749		16.8005
272		36.6632		4.41269		31.2368		17.6784		13.5491		0.000138551		215.85		14.8189		10.4063		16.4179
273		38.2223		4.67748		32.5942		18.4975		14.0852		0.578754		182.852		15.5687		10.8913		17.0255
274		38.3692		4.71239		32.7379		18.6086		14.0802		1.34369		140.562		15.7381		11.0257		16.9998
275		37.3827		4.48757		31.8438		18.0205		13.7874		0.040544		115.48		15.1288		10.6412		16.715
276		37.2998		4.47845		31.7759		17.9867		13.7759		0.000163078		218.053		15.0887		10.6102		16.6872
277		38.6526		4.7268		32.9389		18.7062		14.2168		0.55126		184.644		15.7792		11.0524		17.1598
278		36.8096		4.41367		31.3676		17.7519		13.6043		6.19198e-07		210.674		14.8927		10.479		16.4749
279		38.0566		4.6796		32.4784		18.4418		14.0095		0.556258		183.281		15.5497		10.8701		16.9287
280		37.4024		4.5294		31.8469		18.0542		13.792		5.75756e-09		212.576		15.1524		10.6231		16.6945
281		37.6693		4.60336		32.1337		18.2344		13.8755		0.251081		218.564		15.3522		10.7488		16.7815
282		37.4747		4.57196		31.9684		18.1217		13.8013		0.162173		210.475		15.2551		10.6831		16.7133
283		36.8277		4.3536		31.2651		17.675		13.6297		2.37622e-08		187.298		14.7701		10.4165		16.4949
284		37.7357		4.54027		32.1191		18.1892		13.9321		2.37087e-05		219.925		15.2507		10.7105		16.8683
285		37.7672		4.56276		32.1542		18.2211		13.926		0.000817237		152.553		15.3076		10.7449		16.8466
286		37.9528		4.58854		32.3146		18.3239		13.9876		0.272441		215.105		15.4062		10.8177		16.9084
287		37.7528		4.55621		32.1406		18.2		13.9181		0.000324526		167.813		15.2734		10.7172		16.8672
288		37.5212		4.50768		31.9407		18.0834		13.8528		1.88869e-06		217.991		15.1703		10.6626		16.7704
289		37.1877		4.44736		31.6269		17.9044		13.7407		4.00082e-07		207.249		15.0147		10.5673		16.6123
290		37.5523		4.5404		32.0249		18.1362		13.8588		1.89852e-05		172.903		15.2315		10.6911		16.7934
291		37.1318		4.43239		31.603		17.879		13.7392		7.0543e-05		211.314		14.9686		10.5362		16.6344
292		37.0789		4.4673		31.6053		17.9015		13.6879		1.41648e-05		219.988		15.0426		10.5753		16.5627
293		37.6995		4.53018		32.0932		18.1666		13.9346		5.55361e-10		219.992		15.2004		10.6702		16.8929
294		38.5662		4.7095		32.8761		18.6561		14.1788		0.66407		173.85		15.7054		10.9959		17.1707
295		38.193		4.7116		32.5506		18.51		14.0316		1.26926		142.891		15.6147		10.9031		16.9359
296		37.0885		4.44135		31.5318		17.8588		13.7157		6.08099e-06		208.547		14.9593		10.518		16.5725
297		38.008		4.61459		32.3932		18.3733		14.009		0.454432		195.531		15.4487		10.8341		16.9445
298		36.8126		4.35981		31.2905		17.6607		13.6299		4.74859e-08		174.111		14.7164		10.3566		16.5741
299		37.6798		4.58239		32.1361		18.2363		13.8851		0.55493		181.606		15.3568		10.7744		16.7793
300		36.934		4.42244		31.4674		17.8068		13.6501		2.40968e-08		216.87		14.933		10.5106		16.5344
301		38.4849		4.74547		32.8365		18.66		14.1324		1.17601		146.626		15.7583		11.0129		17.0782
302		37.5088		4.54348		31.9294		18.0935		13.8209		0.000109713		165.756		15.1957		10.6523		16.7337
303		36.7631		4.41848		31.3047		17.721		13.5918		1.7544e-07		216		14.8454		10.4269		16.4593
304		37.5033		4.54995		31.9481		18.116		13.819		0.356512		203.672		15.2241		10.6742		16.724
305		36.926		4.44948		31.4398		17.8104		13.6485		6.24903e-06		215.462		14.928		10.4786		16.5118
306		37.5237		4.56087		31.9637		18.1171		13.8079		0.178482		212.659		15.2374		10.6766		16.7263
307		37.5499		4.60084		32.0152		18.1756		13.8074		0.58847		177.939		15.3305		10.7297		16.6847
308		37.5833		4.55291		32.0031		18.1412		13.8716		0.000308869		116.654		15.2332		10.6803		16.7699
309		36.9324		4.41005		31.4478		17.7868		13.6497		4.22348e-06		208.36		14.9041		10.4941		16.5437
310		38.364		4.69563		32.6735		18.5588		14.1061		0.866122		160.41		15.611		10.9154		17.0625
311		37.0707		4.47031		31.5758		17.898		13.6917		6.71076e-06		195.181		15.0383		10.5679		16.5376
312		37.5265		4.5552		31.9803		18.1165		13.8256		2.90257e-05		169.007		15.2299		10.6747		16.7504
313		37.3156		4.56384		31.8194		18.0639		13.7234		0.62325		172.881		15.2249		10.6611		16.5944
314		37.9143		4.56509		32.2725		18.2774		14.0012		8.11739e-06		204.428		15.3136		10.7485		16.959
315		37.8686		4.61976		32.2619		18.3148		13.9105		0.590019		177.779		15.4512		10.8314		16.8107
316		37.6754		4.54596		32.1307		18.1925		13.9017		4.52628e-05		116.679		15.2752		10.7292		16.8556
317		38.3074		4.64063		32.6191		18.5038		14.1325		2.43584e-05		117.325		15.5515		10.9108		17.0676
318		37.8248		4.60988		32.2235		18.2863		13.9161		0.417171		198.45		15.3952		10.7853		16.8283
319		37.3492		4.53869		31.815		18.0384		13.7562		0.176634		212.485		15.1629		10.6243		16.6521
320		38.5502		4.7113		32.8556		18.6449		14.1754		0.785241		166.947		15.7039		10.9926		17.1517
321		37.531		4.51925		31.9947		18.1291		13.8509		0.0366148		117.487		15.2337		10.7145		16.7609
322		37.5094		4.51519		31.9504		18.0826		13.8402		3.20449e-05		214.339		15.1648		10.6496		16.7857
323		37.5521		4.52612		31.9978		18.1149		13.8627		0.0340398		126.517		15.1835		10.6574		16.8143
324		37.2367		4.50851		31.7398		17.9915		13.7241		2.26633e-05		137.55		15.1351		10.6266		16.6047
325		37.2633		4.53386		31.736		18.0054		13.7178		0.47594		187.467		15.1372		10.6033		16.5988
326		38.0839		4.62674		32.4682		18.4055		14.0153		0.57325		181.524		15.4717		10.845		16.9965
327		37.0967		4.45876		31.5988		17.9044		13.6919		2.42306e-05		112.419		15.0327		10.5739		16.5661
328		37.6477		4.57807		32.1161		18.2148		13.8672		0.343993		207.852		15.3388		10.7607		16.7773
329		36.6815		4.40864		31.2731		17.7067		13.5523		0.000106558		186.853		14.8726		10.464		16.4005
330		37.8423		4.63938		32.2713		18.3278		13.9241		0.779546		163.297		15.4575		10.8181		16.8138
331		37.8627		4.61445		32.2637		18.2992		13.9599		5.54926e-05		172.278		15.3797		10.7653		16.8839
332		37.6269		4.52965		32.0388		18.1397		13.8911		1.79998e-06		209.988		15.2147		10.685		16.8241
333		38.1021		4.54986		32.4398		18.3442		14.0886		1.74601e-06		215.4		15.352		10.8022		17.0878
334		38.0085		4.60427		32.3749		18.3427		13.9929		7.73042e-05		112.199		15.4135		10.8092		16.9614
335		38.0806		4.61229		32.3917		18.3731		14.021		0.0118694		160.536		15.4448		10.8325		16.9468
336		37.3816		4.56324		31.8903		18.0826		13.7616		0.609406		177.359		15.2294		10.6662		16.6608
337		37.7665		4.57438		32.1771		18.2435		13.9003		0.535459		183.297		15.3474		10.773		16.8297
338		37.8562		4.58641		32.2253		18.271		13.9613		2.86501e-06		200.874		15.3351		10.7487		16.8902
339		37.165		4.48521		31.6768		17.9219		13.7102		0.000493502		136.173		15.0154		10.5302		16.6614
340		38.4839		4.69194		32.7777		18.5935		14.1614		0.736964		169.489		15.6303		10.9384		17.1474
341		37.1395		4.48257		31.6442		17.9359		13.7271		4.28111e-05		212.944		15.0506		10.568		16.5937
342		38.3432		4.69256		32.671		18.5492		14.1045		0.730135		169.684		15.6398		10.9472		17.0312
343		38.0142		4.67558		32.3771		18.4042		13.9628		1.12666		145.792		15.5031		10.8275		16.874
344		37.6571		4.54328		32.0924		18.1912		13.9193		0.00056049		157.456		15.2498		10.7065		16.8426
345		37.7225		4.59281		32.1873		18.2454		13.8892		0.293024		218.985		15.35		10.7572		16.8373
346		38.1235		4.62335		32.4804		18.42		14.0364		0.569305		183.168		15.4971		10.8738		16.9833
347		37.6093		4.56016		31.9945		18.1624		13.8387		0.00120001		107.012		15.3148		10.7546		16.6797
348		38.1294		4.64396		32.4889		18.4343		14.0508		0.183863		216.294		15.4965		10.8526		16.9923
349		37.3489		4.46481		31.786		17.9762		13.8003		1.26189e-05		209.108		15.0516		10.5868		16.7345
350		37.3633		4.53363		31.863		18.0645		13.7751		0.245711		216.926		15.1864		10.6527		16.6766
351		38.01		4.58434		32.3569		18.3175		14.0029		0.000284118		183.332		15.3621		10.7778		16.9947
352		37.0901		4.46529		31.5938		17.8709		13.699		5.10325e-06		215.327		14.9684		10.5031		16.6253
353		37.7564		4.47618		32.162		18.1708		14.0138		8.65534e-06		189.199		15.182		10.7059		16.98
354		37.4429		4.485		31.8429		18.0315		13.8303		1.75993e-06		208.356		15.0989		10.6139		16.744
355		36.9469		4.44302		31.4797		17.8196		13.6444		1.63621e-06		209.672		14.9573		10.5143		16.5224
356		37.7311		4.6123		32.1362		18.2558		13.8914		0.534407		184.029		15.3676		10.7553		16.7686
357		39.1561		4.81921		33.3783		18.972		14.3716		1.14078		151.324		16.0096		11.1904		17.3686
358		38.1373		4.63396		32.5158		18.446		14.0281		0.725178		168.413		15.5507		10.9167		16.9651
359		37.5724		4.5503		31.9675		18.1398		13.8445		0.0284069		205.429		15.2496		10.6993		16.7179
360		37.3762		4.47108		31.85		18.0122		13.813		5.97072e-06		203.464		15.0908		10.6197		16.7592
361		37.8078		4.61222		32.226		18.2858		13.9129		0.712944		168.036		15.3913		10.7791		16.8347
362		37.4904		4.53662		31.9999		18.12		13.8251		3.31753e-06		136.991		15.2331		10.6965		16.7668
363		37.8384		4.61307		32.2584		18.2941		13.9316		0.671991		171.425		15.3894		10.7763		16.869
364		37.6153		4.52489		32.087		18.1544		13.8996		3.68183e-05		206.089		15.226		10.7011		16.861
365		37.6591		4.56126		32.1128		18.2113		13.9001		0.00127911		216.044		15.311		10.7497		16.8018
366		37.3634		4.50969		31.827		18.0208		13.7736		0.000340867		184.875		15.1221		10.6124		16.7048
367		37.0469		4.43078		31.5367		17.8428		13.7144		1.14989e-05		216.291		14.9311		10.5003		16.6057
368		37.5801		4.52795		31.9948		18.1302		13.8497		8.96772e-05		211.616		15.2344		10.7065		16.7604
369		37.8132		4.53776		32.1807		18.2161		13.9628		2.13759e-06		211.05		15.265		10.7272		16.9157
370		36.7871		4.37899		31.2808		17.7006		13.6144		3.90957e-10		184.189		14.8203		10.4413		16.4605
371		37.1491		4.48409		31.6568		17.9299		13.6962		0.00104716		195.288		15.0551		10.571		16.6017
372		37.9113		4.60355		32.2452		18.2992		13.9584		0.367541		205.814		15.3886		10.7851		16.8565
373		37.1391		4.46565		31.6573		17.911		13.728		5.81831e-05		200.311		15.0185		10.5528		16.6389
374		36.7151		4.418		31.2782		17.7116		13.5695		1.08561e-06		215.69		14.8471		10.4291		16.4311
375		37.7621		4.6428		32.1704		18.2986		13.8676		1.04487		148.363		15.4666		10.8238		16.7038
376		38.3611		4.68607		32.6921		18.5572		14.1176		0.605559		180.077		15.6342		10.9481		17.0579
377		37.6303		4.53263		32.0636		18.1534		13.8905		0.000368264		154.655		15.2309		10.6983		16.8326
378		37.1021		4.43284		31.6352		17.8911		13.7039		5.92579e-07		218.955		15.0168		10.584		16.6184
379		37.6678		4.58571		32.0913		18.2115		13.8654		0.423715		196.274		15.3318		10.7461		16.7595
380		37.1059		4.51524		31.6029		17.94		13.6783		0.347156		207.539		15.1066		10.5914		16.4963
381		37.758		4.56424		32.1906		18.2446		13.9387		0.0588534		115.99		15.328		10.7638		16.8626
382		37.3069		4.48676		31.7809		17.987		13.7503		0.0754503		135.132		15.1033		10.6166		16.6776
383		37.5773		4.54892		32.0433		18.1483		13.8566		0.369104		203.544		15.251		10.702		16.7923
384		37.6783		4.52672		32.1183		18.1709		13.9125		1.68065e-06		220.111		15.2362		10.7095		16.8822
385		38.577		4.74414		32.9003		18.7039		14.1806		0.966285		156.251		15.7981		11.054		17.1022
386		36.515		4.32298		31.0245		17.5309		13.5271		2.86082e-07		176.266		14.6413		10.3183		16.3832
387		37.9396		4.60725		32.3216		18.3399		13.9826		0.214962		219.611		15.4184		10.8112		16.9032
388		37.3434		4.45347		31.7622		17.9777		13.8191		2.62087e-07		203.525		15.0447		10.5912		16.7175
389		36.309		4.31492		30.8497		17.4437		13.429		2.56753e-07		181.938		14.5879		10.273		16.2618
390		36.6689		4.33197		31.1929		17.6221		13.6152		5.62582e-08		169.678		14.7074		10.3754		16.4855
391		37.8498		4.6435		32.2922		18.3251		13.9254		0.579343		181.151		15.4297		10.7861		16.8626
392		37.5957		4.57463		32.0617		18.184		13.8573		0.246532		218.175		15.3117		10.737		16.75
393		37.6805		4.55387		32.1131		18.1836		13.8975		3.26039e-06		192.665		15.2826		10.7288		16.8304
394		37.6171		4.53149		32.0287		18.1458		13.9102		1.28794e-05		214.893		15.2165		10.685		16.8122
395		38.2496		4.7057		32.5969		18.5231		14.0777		0.637732		174.57		15.6058		10.9001		16.9911
396		38.1634		4.62831		32.4756		18.4287		14.0544		0.186384		212.568		15.4912		10.8629		16.9844
397		37.8799		4.65968		32.322		18.3662		13.9376		0.882694		157.564		15.4904		10.8307		16.8316
398		36.9809		4.44348		31.4968		17.8298		13.6543		6.92314e-06		214.879		14.9459		10.5024		16.551
399		36.9137		4.41803		31.4367		17.7874		13.6455		5.66102e-07		212.42		14.9007		10.4827		16.536
400		37.2417		4.49246		31.72		17.9634		13.7449		1.96771e-06		213.91		15.0848		10.5923		16.6352
401		37.8219		4.5625		32.2449		18.2532		13.9618		0.000625004		156.496		15.3065		10.744		16.9384
402		37.4177		4.55019		31.8732		18.0681		13.7909		0.00972619		217.917		15.1778		10.6276		16.6954
403		37.6021		4.56373		32.0345		18.1577		13.864		0.000374939		159.352		15.2416		10.6779		16.7929
404		36.751		4.41065		31.257		17.7018		13.5668		1.22305e-05		219.597		14.8512		10.4406		16.4058
405		36.9415		4.46937		31.4908		17.8356		13.6079		1.32538e-05		113.376		15.0018		10.5324		16.489
406		38.0243		4.61639		32.3908		18.3769		13.9925		0.306156		211.993		15.4739		10.8575		16.9169
407		36.8245		4.36748		31.2898		17.6873		13.6325		1.59198e-05		184.286		14.7801		10.4126		16.5098
408		36.4691		4.35048		31.004		17.533		13.478		2.29961e-05		213.24		14.6804		10.3299		16.3237
409		37.5322		4.50215		31.985		18.109		13.8711		7.94094e-05		213.867		15.2078		10.7056		16.7772
410		36.9242		4.43864		31.4928		17.8249		13.6409		2.04697e-06		215.272		14.9612		10.5226		16.5316
411		38.1831		4.62833		32.529		18.4331		14.0548		0.247342		219.51		15.4889		10.8606		17.0401
412		37.8891		4.6171		32.3307		18.3294		13.9373		0.536358		185.752		15.4383		10.8213		16.8923
413		38.7253		4.68407		32.922		18.6875		14.2562		0.419736		201.855		15.708		11.024		17.214
414		37.8002		4.52055		32.1678		18.203		13.9808		3.38547e-06		210.218		15.2307		10.7101		16.9372
415		37.3412		4.56322		31.8816		18.0868		13.7567		0.524066		182.673		15.2166		10.6534		16.665
416		37.6274		4.5687		32.0623		18.1765		13.8718		0.000104831		134.797		15.2853		10.7166		16.777
417		37.9375		4.66769		32.3663		18.3888		13.9413		0.971732		152.922		15.5286		10.8609		16.8377
418		38.7665		4.78386		33.0905		18.7972		14.243		1.22952		143.739		15.8664		11.0825		17.2241
419		37.674		4.54899		32.1315		18.206		13.9002		4.22491e-05		187.87		15.2948		10.7459		16.8367
420		38.1141		4.73955		32.5072		18.5191		13.9655		1.47499		134.982		15.6738		10.9342		16.8334
421		38.0681		4.64405		32.4071		18.4045		14.0211		0.0548726		109.046		15.4925		10.8484		16.9147
422		37.708		4.54965		32.1127		18.1926		13.912		6.40269e-08		209.982		15.2744		10.7248		16.8383
423		37.9319		4.5749		32.2864		18.2908		14.0046		7.71006e-07		110.187		15.3299		10.755		16.9565
424		36.3394		4.27201		30.8268		17.4214		13.4766		1.18599e-09		172.548		14.5295		10.2574		16.2973
425		37.3663		4.47971		31.8108		18.019		13.7863		3.69315e-05		130.848		15.1432		10.6635		16.6676
426		36.8193		4.39746		31.3529		17.7437		13.5936		3.09765e-06		215.716		14.893		10.4955		16.4599
427		38.0052		4.62749		32.3874		18.381		13.9809		0.752562		166.34		15.4893		10.8618		16.898
428		37.8625		4.60773		32.243		18.2952		13.9489		0.285439		214.932		15.3938		10.7861		16.8492
429		37.6528		4.59898		32.089		18.2026		13.8541		0.496926		186.396		15.3064		10.7074		16.7825
430		37.6912		4.52976		32.0855		18.1624		13.8957		0.000173736		125.175		15.2245		10.6948		16.861
431		36.8938		4.40566		31.4042		17.7772		13.651		1.75131e-06		202.002		14.9057		10.5001		16.4985
432		37.4008		4.50784		31.8303		18.0402		13.7951		0.00102249		189.878		15.1521		10.6443		16.6782
433		37.1897		4.46886		31.6767		17.9255		13.7664		2.68797e-05		207.711		15.0018		10.533		16.6748
434		38.4727		4.70382		32.7865		18.6292		14.1568		0.48101		194.47		15.721		11.0172		17.0655
435		37.77		4.54629		32.191		18.2141		13.9424		0.000120892		160.046		15.2747		10.7284		16.9163
436		36.7082		4.3582		31.1683		17.6273		13.5944		7.11828e-07		175.248		14.7322		10.374		16.4361
437		37.5156		4.50818		31.971		18.0918		13.8714		1.17836e-07		176.658		15.1592		10.651		16.8118
438		38.0597		4.65754		32.4754		18.4188		13.9993		0.338915		211.114		15.5208		10.8632		16.9546
439		38.3564		4.68924		32.6897		18.559		14.1239		0.787779		165.031		15.6217		10.9325		17.068
440		38.2324		4.63733		32.6051		18.4678		14.0815		0.527447		189.176		15.5239		10.8866		17.0812
441		37.8364		4.57619		32.2208		18.2581		13.954		1.50063e-06		196.064		15.3298		10.7536		16.8909
442		37.2744		4.50112		31.7603		17.9871		13.7448		7.02065e-05		172.565		15.1035		10.6024		16.6568
443		37.6926		4.55935		32.1013		18.2109		13.9132		0.0324371		123.887		15.2765		10.7172		16.8247
444		37.2539		4.44744		31.7266		17.9388		13.7901		9.30451e-07		200.391		15.0216		10.5741		16.705
445		37.6148		4.58899		32.0757		18.213		13.8543		0.445358		195.661		15.3451		10.7561		16.7306
446		38.0849		4.65717		32.4991		18.4392		14.0172		0.833502		161.684		15.532		10.8748		16.9671
447		37.9141		4.51845		32.2227		18.2316		14.015		2.22075e-05		199.417		15.26		10.7416		16.9627
448		37.579		4.52815		32.0172		18.1311		13.8634		0.000253811		134.117		15.2078		10.6797		16.8094
449		38.4854		4.67184		32.7509		18.5888		14.1639		0.322458		212.63		15.6442		10.9724		17.1067
450		37.4136		4.49901		31.8836		18.0421		13.8157		4.19807e-05		169.925		15.1335		10.6345		16.75
451		37.0727		4.43634		31.576		17.8713		13.7153		1.60554e-06		213.938		14.9677		10.5314		16.6082
452		37.5656		4.54513		31.979		18.1185		13.8403		1.24139e-07		158.973		15.2007		10.6555		16.7784
453		37.5511		4.58643		32.001		18.1622		13.829		0.357044		203.78		15.2919		10.7054		16.7091
454		37.1907		4.47307		31.6589		17.9179		13.7253		3.93983e-06		217.212		15.0169		10.5438		16.642
455		37.4963		4.53873		31.905		18.0782		13.8025		2.04832e-06		110.209		15.1659		10.6272		16.7391
456		38.0342		4.66042		32.4312		18.4156		13.9953		0.98193		153.597		15.5126		10.8522		16.9186
457		37.9558		4.6044		32.3396		18.3321		13.9998		0.212302		220.239		15.4		10.7956		16.9396
458		37.2187		4.46574		31.7129		17.9336		13.742		9.32043e-05		211.654		15.0288		10.5631		16.6841
459		37.4878		4.5283		31.9186		18.0957		13.8366		0.000672777		139.544		15.1984		10.6701		16.7202
460		36.6259		4.39041		31.1786		17.6448		13.5551		3.3449e-06		205.1		14.7683		10.3779		16.4103
461		38.0082		4.57226		32.3265		18.3076		14.0084		1.7575e-06		121.284		15.3636		10.7914		16.9629
462		38.0891		4.62552		32.4426		18.4014		14.0282		0.623378		177.15		15.469		10.8435		16.9736
463		37.049		4.5416		31.6038		17.9481		13.6404		0.627384		170.646		15.1353		10.5937		16.4685
464		36.5914		4.36751		31.1481		17.6113		13.5389		4.75712e-06		203.894		14.7369		10.3694		16.4111
465		37.4418		4.53978		31.917		18.084		13.8007		0.00147115		178.257		15.1792		10.6394		16.7378
466		37.4482		4.52099		31.8899		18.0629		13.7996		8.04405e-06		114.701		15.1685		10.6475		16.7214
467		37.6511		4.50412		32.0588		18.1188		13.9015		0.000104877		216.282		15.184		10.6799		16.8748
468		37.1154		4.46028		31.6115		17.8993		13.7204		1.07731e-07		207.109		15.0103		10.55		16.6012
469		37.2896		4.48233		31.7577		17.9883		13.7865		1.0718e-06		216.906		15.0762		10.5939		16.6815
470		38.5051		4.69162		32.8344		18.6201		14.1688		0.65758		172.492		15.6824		10.9908		17.152
471		38.3175		4.721		32.7003		18.5801		14.0852		1.02986		152.15		15.6807		10.9597		17.0196
472		38.2698		4.68191		32.5976		18.51		14.0663		0.798162		163.913		15.5761		10.8942		17.0215
473		37.8329		4.5862		32.2351		18.2655		13.9652		1.14707e-05		171.142		15.3211		10.7349		16.914
474		38.2417		4.6175		32.5922		18.465		14.0901		0.401852		202.013		15.5349		10.9174		17.0573
475		37.0413		4.43583		31.5402		17.8609		13.6975		6.15523e-06		208.504		14.9824		10.5466		16.5578
476		37.6501		4.56638		32.0747		18.1726		13.8809		0.0012035		208.095		15.2442		10.6778		16.8305
477		37.3745		4.51509		31.8534		18.0537		13.7961		0.0276263		137.294		15.1571		10.642		16.6963
478		37.1739		4.479		31.6671		17.9212		13.7222		5.82835e-06		216.797		15.0412		10.5622		16.626
479		37.159		4.45194		31.6536		17.9016		13.7504		1.03871e-06		207.194		14.9838		10.5319		16.6697
480		37.6137		4.57286		32.0574		18.1812		13.8743		0.0835142		143.337		15.2784		10.7055		16.779
481		36.5872		4.40706		31.175		17.6532		13.5174		5.67291e-05		214.998		14.8081		10.401		16.3669
482		36.5453		4.32167		31.063		17.5527		13.5391		9.39597e-09		170.231		14.6693		10.3476		16.3937
483		36.7342		4.42916		31.3066		17.7287		13.5466		0.0012794		209.595		14.8815		10.4523		16.4251
484		38.2418		4.63336		32.6339		18.4923		14.0841		0.215494		222.84		15.5547		10.9213		17.0792
485		37.5281		4.51753		31.9801		18.1044		13.8608		0.000263236		214.282		15.1791		10.6616		16.8011
486		38.1246		4.61764		32.4826		18.4168		14.0488		0.231553		220.859		15.4726		10.855		17.01
487		37.0777		4.47594		31.5672		17.8879		13.6746		2.44651e-05		163.645		15.0153		10.5394		16.5519
488		38.1221		4.65192		32.4805		18.4323		14.0348		0.515887		187.864		15.5181		10.8662		16.9625
489		37.6006		4.55872		32.0442		18.1667		13.8713		0.000122798		155.061		15.2668		10.7081		16.7774
490		37.6187		4.53969		32.0651		18.1724		13.8861		0.245854		218.378		15.2693		10.7296		16.7958
491		37.3755		4.51879		31.8687		18.0603		13.8186		4.28667e-06		216.13		15.1558		10.637		16.7129
492		37.0586		4.49257		31.5784		17.8991		13.6651		0.000429744		112.972		15.0484		10.5559		16.5299
493		37.1336		4.50469		31.6441		17.9264		13.6861		0.207391		215.604		15.0572		10.5525		16.5869
494		37.0739		4.46233		31.6003		17.8978		13.6943		1.24557e-06		194.881		15.0273		10.5649		16.5731
495		37.675		4.56551		32.1223		18.2056		13.8904		0.0891475		147.361		15.313		10.7475		16.8093
496		38.8254		4.77276		33.072		18.7963		14.2504		1.24234		145.762		15.8582		11.0854		17.2138
497		37.4132		4.51929		31.8746		18.0655		13.8223		8.35826e-05		174.369		15.1705		10.6512		16.7041
498		36.8229		4.39168		31.3604		17.7355		13.5999		0.000236652		107.509		14.8784		10.4868		16.4819
499		37.7008		4.51244		32.0924		18.1657		13.9356		2.05983e-07		218.803		15.2245		10.7121		16.8679
500		38.1207		4.64996		32.5218		18.4447		14.0426		0.262765		220.173		15.5232		10.8733		16.9986
