1		37.6371		4.55526		32.0764		18.173		13.905		1.39993e-05		215.854		15.2444		10.6891		16.832
2		38.2552		4.65943		32.5757		18.4899		14.0892		0.643087		176.28		15.5477		10.8883		17.028
3		38.0856		4.65328		32.4362		18.4133		14.0082		0.452605		195.148		15.4993		10.8461		16.9369
4		38.1492		4.6207		32.4746		18.4127		14.0361		0.1839		214.907		15.491		10.8703		16.9836
5		37.9882		4.60039		32.3595		18.3577		13.9865		0.387818		199.874		15.4667		10.8664		16.8928
6		37.8622		4.57471		32.2107		18.2561		13.9602		0.0755435		130.782		15.331		10.7563		16.8797
7		36.7214		4.33137		31.2226		17.6341		13.6056		6.27001e-08		173.761		14.7308		10.3995		16.4918
8		38.0486		4.64851		32.4655		18.4005		14.0177		0.290813		216.674		15.4725		10.824		16.993
9		37.7744		4.54192		32.1973		18.2088		13.9393		0.000278153		190.014		15.2678		10.7259		16.9295
10		37.2518		4.4848		31.7565		17.9749		13.7436		0.000892411		126.605		15.0933		10.6085		16.6632
11		37.9858		4.58132		32.3686		18.3303		14.0183		0.0380011		119.154		15.3885		10.8072		16.98
12		37.4188		4.49668		31.8988		18.0406		13.8211		5.36408e-06		218.311		15.1125		10.6158		16.7864
13		37.3715		4.48907		31.8237		18.01		13.7953		7.28794e-06		186.898		15.1044		10.6154		16.7193
14		37.1254		4.4895		31.648		17.9161		13.7106		1.27652e-05		209.335		15.0133		10.5238		16.6347
15		37.665		4.54787		32.0624		18.1706		13.8868		1.82179e-05		165.087		15.2649		10.717		16.7975
16		36.7704		4.3968		31.3171		17.7112		13.5908		5.58809e-06		215.162		14.8303		10.4335		16.4868
17		37.1777		4.51008		31.6812		17.939		13.7082		6.08105e-05		109.23		15.0471		10.5371		16.6341
18		38.0417		4.62777		32.4017		18.3865		14.0092		0.606115		178.827		15.4789		10.8511		16.9229
19		36.9531		4.39303		31.4592		17.7715		13.6669		4.43305e-08		189.041		14.8741		10.4811		16.5851
20		37.9333		4.61232		32.3026		18.3093		13.9649		0.39949		200.483		15.3818		10.7694		16.9208
21		37.9571		4.62575		32.3232		18.3303		13.9665		0.443548		196.026		15.4005		10.7747		16.9227
22		38.5941		4.71687		32.9226		18.6915		14.1994		0.781049		167.854		15.7763		11.0595		17.1462
23		37.6369		4.55275		32.0607		18.1711		13.9031		8.4988e-05		187.328		15.2523		10.6996		16.8084
24		37.4167		4.50655		31.8473		18.0463		13.8266		1.16637e-05		216.709		15.1337		10.6272		16.7136
25		38.3395		4.63338		32.6461		18.5132		14.1318		0.0464817		146.586		15.5629		10.9295		17.0833
26		38.0251		4.57596		32.3706		18.3469		14.0492		6.45026e-05		201.635		15.4017		10.8257		16.9689
27		36.9798		4.39742		31.4676		17.7946		13.6821		8.82415e-09		200.711		14.875		10.4776		16.5926
28		38.3892		4.70573		32.7208		18.5888		14.1025		1.06905		150.469		15.6881		10.9824		17.0327
29		37.4134		4.52966		31.8665		18.053		13.7819		8.2069e-05		184.901		15.1677		10.6381		16.6988
30		37.0448		4.44441		31.5481		17.8454		13.6898		3.22605e-06		213.2		14.9553		10.5109		16.5927
31		37.6966		4.57197		32.105		18.1964		13.862		0.228624		217.807		15.2962		10.7242		16.8088
32		36.9647		4.43934		31.508		17.8228		13.6605		1.74523e-07		214.917		14.9427		10.5033		16.5653
33		37.4408		4.49196		31.8979		18.052		13.83		1.79843e-06		217.703		15.143		10.651		16.755
34		38.1894		4.68464		32.5886		18.4956		14.0338		0.718124		170.042		15.587		10.9024		17.0016
35		37.6109		4.51666		32.0561		18.1438		13.8765		3.08247e-05		111.505		15.2391		10.7225		16.817
36		37.5096		4.53882		31.9589		18.1031		13.8191		3.20006e-05		109.859		15.2123		10.6735		16.7465
37		37.0519		4.50032		31.5906		17.9054		13.6476		0.447326		188.503		15.0544		10.5541		16.5362
38		37.2163		4.47054		31.7021		17.9415		13.7505		4.49981e-05		184.786		15.0417		10.5712		16.6604
39		37.1374		4.50262		31.655		17.9378		13.6874		0.0138154		190.499		15.077		10.5743		16.5781
40		37.3769		4.48058		31.8003		17.9955		13.8054		5.07556e-07		215.863		15.0713		10.5907		16.729
41		37.207		4.47229		31.7087		17.9342		13.7392		9.84276e-05		176.397		15.0255		10.5532		16.6832
42		37.7643		4.57068		32.154		18.2201		13.9179		0.000196622		176.774		15.3178		10.7471		16.8363
43		37.9376		4.5929		32.3352		18.3302		13.9893		0.000964008		198.651		15.4081		10.8152		16.9271
44		37.656		4.48916		32.0309		18.1117		13.9145		5.70003e-07		209.884		15.1634		10.6742		16.8676
45		36.754		4.37606		31.2151		17.6531		13.598		1.26176e-05		193.333		14.7456		10.3695		16.4695
46		37.7106		4.56478		32.1352		18.2018		13.8982		0.183651		220.797		15.2959		10.7311		16.8393
47		36.9521		4.41431		31.4535		17.7824		13.642		1.66087e-06		206.165		14.9164		10.5021		16.537
48		37.8438		4.61039		32.2334		18.2965		13.9225		0.597455		177.975		15.4087		10.7983		16.8247
49		37.759		4.57028		32.1457		18.2279		13.9012		0.180515		217.72		15.3357		10.7655		16.8099
50		37.5983		4.55275		32.0659		18.1597		13.8731		0.196051		215.545		15.2437		10.6909		16.8222
51		37.6106		4.55556		32.0498		18.1554		13.8699		0.197279		216.151		15.247		10.6915		16.8027
52		36.5352		4.37869		31.1068		17.6046		13.5054		1.03692e-05		200.465		14.7424		10.3637		16.3644
53		37.982		4.62172		32.3984		18.3612		13.9813		0.563669		182.28		15.4621		10.8403		16.9363
54		37.5189		4.52208		31.943		18.0892		13.8523		1.41704e-06		216.949		15.1711		10.649		16.7719
55		36.5454		4.36264		31.0878		17.575		13.5069		4.74451e-08		187.95		14.7096		10.347		16.3781
56		37.6369		4.54775		32.0599		18.1564		13.894		7.57927e-05		188.399		15.2153		10.6675		16.8446
57		37.7063		4.5577		32.1409		18.188		13.908		0.000322181		202.501		15.2631		10.7054		16.8778
58		37.0638		4.43085		31.563		17.8567		13.704		3.08381e-07		204.996		14.9712		10.5404		16.5918
59		36.4121		4.31092		31.0014		17.5042		13.458		1.71983e-06		188.899		14.6554		10.3444		16.346
60		37.0805		4.44558		31.5664		17.8532		13.7056		2.44629e-07		207.573		14.9493		10.5037		16.617
61		37.8688		4.59313		32.268		18.2813		13.9613		0.00118711		157.03		15.3597		10.7666		16.9083
62		37.444		4.53746		31.9037		18.0867		13.8056		0.00100533		174.098		15.1922		10.6548		16.7114
63		37.3559		4.49703		31.8584		18.0459		13.7938		0.000446869		110.593		15.1672		10.6701		16.6912
64		37.1064		4.45282		31.5964		17.891		13.7031		0.00041363		133.123		15.0083		10.5554		16.5881
65		37.6976		4.55521		32.1421		18.2102		13.9035		0.191513		217.046		15.298		10.7428		16.844
66		38.0108		4.62387		32.4013		18.3692		14.0014		0.117089		180.933		15.4288		10.8049		16.9725
67		37.6588		4.55137		32.0907		18.1749		13.8739		0.0938		155.04		15.2779		10.7265		16.8128
68		38.1839		4.65922		32.5537		18.4627		14.0517		0.604833		179.178		15.5449		10.8857		17.0088
69		37.337		4.48193		31.8118		18.0147		13.7967		2.78951e-05		141.572		15.1234		10.6414		16.6885
70		37.7117		4.60584		32.1328		18.244		13.8885		0.599294		176.573		15.3452		10.7394		16.7876
71		37.4729		4.57037		31.9582		18.126		13.8091		0.0733367		111.088		15.2489		10.6785		16.7094
72		37.5829		4.49462		31.9943		18.1057		13.9009		5.50611e-05		220.999		15.1617		10.6671		16.8326
73		37.8035		4.55605		32.1678		18.2276		13.9567		0.000185188		111.418		15.285		10.7289		16.8828
74		38.2275		4.64384		32.5542		18.4642		14.0951		0.170952		214.617		15.516		10.8721		17.0382
75		37.9454		4.61797		32.3442		18.3301		13.9678		0.188228		218.383		15.4279		10.8099		16.9163
76		38.8341		4.79928		33.1534		18.8379		14.2488		1.53937		135.854		15.9046		11.1054		17.2488
77		37.7248		4.5276		32.1		18.1681		13.9254		4.81252e-06		208.09		15.2149		10.6873		16.8852
78		37.2969		4.45579		31.7723		17.9742		13.7746		6.84265e-06		207.685		15.0788		10.623		16.6935
79		38.2568		4.68474		32.5909		18.5008		14.0715		0.570542		182.832		15.576		10.8912		17.0149
80		38.2244		4.63315		32.5059		18.4543		14.0614		0.258698		215.965		15.5253		10.8921		16.9806
81		37.5646		4.50306		31.9877		18.0974		13.8703		1.0149e-06		207.183		15.1797		10.6767		16.808
82		37.6276		4.53737		32.0603		18.1496		13.8952		6.4084e-05		219.999		15.2271		10.6898		16.8331
83		37.8532		4.62112		32.2685		18.322		13.9478		0.425904		196.947		15.4329		10.8118		16.8356
84		37.5333		4.52299		32.0044		18.1128		13.8458		1.58636e-06		216.607		15.1933		10.6703		16.8111
85		37.321		4.50102		31.7813		17.9957		13.775		3.90976e-05		186.378		15.1036		10.6026		16.6778
86		37.5953		4.5249		32.0314		18.1368		13.8725		0.000266061		159.506		15.2315		10.7066		16.7999
87		37.1457		4.49089		31.6369		17.9148		13.6907		0.121204		186.238		15.0491		10.5582		16.5878
88		37.5685		4.48668		31.9747		18.0967		13.8914		0.000188567		217.339		15.1682		10.6815		16.8065
89		37.4859		4.56628		31.9818		18.1414		13.8251		0.254454		220.818		15.2659		10.6997		16.7158
90		37.5278		4.49762		31.946		18.0801		13.8654		5.51713e-06		210.407		15.1611		10.6635		16.7849
91		38.0989		4.62169		32.4818		18.4076		14.0431		0.279998		218.086		15.4762		10.8546		17.0056
92		38.1432		4.65394		32.5357		18.4678		14.0466		0.643104		175.76		15.5473		10.8934		16.9885
93		38.193		4.71946		32.6065		18.5342		14.0114		1.35523		137.31		15.6737		10.9542		16.9329
94		37.943		4.6308		32.3493		18.3746		13.9492		0.788325		163.463		15.5174		10.8866		16.8319
95		37.3719		4.49079		31.8384		18.0131		13.8005		3.65673e-05		219.076		15.111		10.6202		16.7274
96		37.2855		4.5035		31.7835		18.0025		13.7715		8.56853e-06		210.236		15.1019		10.5984		16.6816
97		37.6322		4.56238		32.0731		18.1806		13.879		0.125817		186.252		15.2797		10.7174		16.7934
98		36.8114		4.38065		31.3154		17.7144		13.61		4.45963e-05		201.998		14.8339		10.4533		16.4815
99		37.0907		4.43223		31.574		17.8715		13.7026		0.000185216		219.44		15.0078		10.5756		16.5662
100		37.8478		4.5927		32.2246		18.2903		13.9388		0.397264		199.587		15.3971		10.8044		16.8276
101		38.1284		4.67691		32.4971		18.4586		14.0134		0.779154		166.372		15.5486		10.8717		16.9485
102		37.6321		4.58563		32.0441		18.1877		13.864		0.277633		214.995		15.2823		10.6967		16.7618
103		36.7819		4.41283		31.2881		17.6948		13.5818		2.12681e-07		203.1		14.8178		10.4049		16.4703
104		38.0572		4.63137		32.4443		18.3817		13.9931		0.594297		179.528		15.4572		10.8258		16.9871
105		37.082		4.48095		31.6073		17.9114		13.6992		1.84574e-07		126.264		15.0326		10.5517		16.5747
106		37.3576		4.47719		31.8117		18.0056		13.8133		0.000140263		211.237		15.0947		10.6175		16.717
107		37.19		4.42743		31.6851		17.914		13.7659		4.13397e-06		214.76		14.9985		10.5711		16.6866
108		38.1092		4.65899		32.5086		18.4497		14.0409		0.704913		172.776		15.5305		10.8715		16.9781
109		36.613		4.4545		31.1858		17.6962		13.5069		0.291854		211.256		14.8753		10.4208		16.3105
110		37.7514		4.55134		32.186		18.2296		13.9534		4.93205e-08		221.916		15.3074		10.756		16.8786
111		37.2128		4.49232		31.7145		17.946		13.7418		0.000115606		170.471		15.0354		10.5431		16.6791
112		37.9968		4.56435		32.3505		18.3055		14.0339		2.79088e-07		219.96		15.3443		10.78		17.0062
113		36.9284		4.40107		31.4238		17.7599		13.6551		8.26211e-09		199.544		14.8503		10.4492		16.5735
114		36.9034		4.42721		31.4123		17.7726		13.6562		1.00924e-08		195.326		14.8661		10.4389		16.5462
115		37.8503		4.59499		32.2308		18.2749		13.9417		0.367004		205.297		15.36		10.765		16.8708
116		37.3342		4.50349		31.8252		18.0253		13.7846		0.122814		182.489		15.1089		10.6054		16.7163
117		37.1869		4.49288		31.6749		17.9399		13.7038		1.21756e-06		117.04		15.0621		10.5692		16.6128
118		37.7091		4.55271		32.1081		18.1895		13.9167		1.22017e-06		218.949		15.262		10.7093		16.8461
119		37.226		4.41183		31.6913		17.8847		13.7838		2.34076e-06		194.087		14.9299		10.5181		16.7614
120		37.8717		4.60721		32.2929		18.3087		13.9512		0.0455965		113.246		15.3868		10.7796		16.9062
121		36.4161		4.3685		31.0366		17.5694		13.4568		7.87765e-06		213.012		14.7395		10.371		16.2971
122		37.4402		4.52157		31.9182		18.0836		13.8352		0.000277128		195.044		15.179		10.6575		16.7391
123		38.224		4.66522		32.5801		18.4921		14.0744		0.577257		182.936		15.5567		10.8915		17.0234
124		37.2716		4.47857		31.7606		17.9673		13.7704		1.32679e-05		218.382		15.0462		10.5676		16.7145
125		37.5836		4.50664		31.9953		18.1122		13.9084		5.70616e-06		210.508		15.1671		10.6604		16.8282
126		38.18		4.68808		32.5529		18.5055		14.0481		0.726958		168.542		15.6283		10.9402		16.9247
127		36.9806		4.4425		31.5142		17.8524		13.6735		0.00055039		216.999		14.9706		10.5281		16.5436
128		37.8811		4.52103		32.2164		18.217		14.028		1.28984e-08		192.58		15.2303		10.7093		16.9861
129		37.0957		4.46849		31.6212		17.8951		13.7015		0.00112474		191.379		15.0066		10.5381		16.6146
130		37.8223		4.57157		32.2297		18.2681		13.9358		1.34065e-07		212.555		15.365		10.7934		16.8647
131		38.3824		4.65298		32.675		18.5279		14.1468		0.0403239		119.195		15.5562		10.9032		17.1189
132		36.8175		4.37275		31.2967		17.7016		13.6272		4.47586e-05		179.908		14.8015		10.4287		16.4952
133		37.8672		4.61227		32.2872		18.2976		13.9502		0.165148		215.192		15.3746		10.7623		16.9126
134		38.4223		4.68821		32.7259		18.5781		14.1219		0.840722		162.005		15.6482		10.9599		17.0777
135		37.1112		4.46395		31.5902		17.8854		13.6747		0.000149965		185.175		15.0076		10.5437		16.5826
136		37.688		4.4888		32.103		18.1415		13.9503		9.03696e-07		201.262		15.1804		10.6916		16.9226
137		37.7433		4.53564		32.1213		18.1846		13.9255		0.000562659		163.767		15.2384		10.7027		16.883
138		37.6631		4.55219		32.1034		18.198		13.9187		1.56551e-10		156.015		15.2814		10.7292		16.822
139		37.0838		4.45428		31.5911		17.8905		13.7087		3.98243e-06		218.978		15.0055		10.5513		16.5856
140		37.3989		4.46946		31.8746		18.0198		13.8238		2.87001e-05		212.971		15.1019		10.6324		16.7727
141		38.4488		4.72037		32.8036		18.649		14.1294		1.02995		152.469		15.766		11.0456		17.0377
142		38.0286		4.58826		32.4446		18.3803		14.0448		0.000269759		121.582		15.437		10.8487		17.0076
143		37.9905		4.64163		32.3748		18.3702		13.9825		0.676287		172.06		15.4429		10.8012		16.9319
144		36.907		4.45127		31.4441		17.8069		13.614		0.115869		177.136		14.9419		10.4907		16.5022
145		37.6618		4.5431		32.0837		18.1703		13.9161		1.44392e-05		210.245		15.2321		10.689		16.8517
146		37.236		4.52223		31.7869		18.0154		13.7411		0.18547		217.041		15.1427		10.6205		16.6442
147		37.4306		4.58154		31.887		18.1156		13.7683		0.783977		160.27		15.2669		10.6854		16.6201
148		37.4772		4.60336		31.957		18.1475		13.7687		0.829285		158.622		15.3113		10.708		16.6456
149		36.9747		4.43062		31.5067		17.8261		13.6644		1.17814e-05		215.492		14.9466		10.516		16.5601
150		38.5194		4.7412		32.8314		18.6633		14.1442		0.991092		154.689		15.7547		11.0135		17.0766
151		37.8086		4.59203		32.2351		18.2712		13.9177		0.365721		204.565		15.3655		10.7734		16.8696
152		37.7849		4.58575		32.216		18.2449		13.9249		0.00190081		171.171		15.3151		10.7293		16.901
153		37.7282		4.55748		32.1667		18.2158		13.9244		9.77766e-05		116.26		15.2911		10.7336		16.8756
154		36.8594		4.48094		31.4585		17.8159		13.5919		4.19992e-05		167.764		14.9757		10.4947		16.4829
155		37.6717		4.48667		32.0695		18.1278		13.9295		3.96977e-06		202.571		15.1628		10.6761		16.9068
156		36.9993		4.47062		31.5117		17.8614		13.6554		0.000120087		119.076		14.9891		10.5184		16.5226
157		37.3478		4.5041		31.8312		18.0311		13.7864		6.32548e-05		197.251		15.1489		10.6448		16.6822
158		38.5081		4.66228		32.8415		18.5894		14.2189		2.89511e-05		192.23		15.5884		10.9261		17.2532
159		38.1449		4.62646		32.5003		18.4322		14.0712		0.000672338		143.412		15.4944		10.868		17.0059
160		38.1691		4.60444		32.5083		18.4084		14.0692		3.22019e-07		172.577		15.452		10.8476		17.0563
161		37.5052		4.53184		31.9229		18.1068		13.8226		0.318145		208.974		15.2087		10.6769		16.7142
162		37.2776		4.47296		31.7334		17.9694		13.7867		3.49446e-05		214.246		15.0682		10.5952		16.6653
163		37.354		4.51947		31.8065		18.0379		13.7668		0.0066943		188.47		15.1745		10.6551		16.6319
164		37.7514		4.60533		32.1893		18.2678		13.8863		0.433463		194.759		15.3864		10.781		16.8029
165		36.9199		4.45755		31.4348		17.8048		13.6279		3.57306e-05		216.697		14.9365		10.4789		16.4983
166		37.8493		4.51209		32.2138		18.2293		13.9799		5.65863e-05		219.266		15.2918		10.7797		16.922
167		37.0234		4.47981		31.5688		17.8825		13.6556		0.000120392		183.294		15.023		10.5432		16.5458
168		36.6211		4.37583		31.1392		17.6163		13.559		5.57559e-08		201.111		14.7185		10.3427		16.4207
169		39.1304		4.86348		33.3468		18.9946		14.3623		1.55262		137.97		16.0591		11.1956		17.2877
170		37.1419		4.37288		31.6153		17.8365		13.7812		1.49157e-07		171.952		14.8837		10.5108		16.7316
171		37.5416		4.51913		31.9861		18.1092		13.8554		4.10769e-07		210.325		15.1935		10.6744		16.7925
172		37.5694		4.56785		32.058		18.156		13.8652		0.00851698		179.165		15.2423		10.6745		16.8157
173		38.458		4.70544		32.7468		18.5994		14.1416		0.536242		185.74		15.665		10.9596		17.0818
174		37.9326		4.57484		32.2918		18.2775		13.9876		6.40469e-05		164.582		15.3054		10.7306		16.9864
175		38.0765		4.63951		32.5287		18.4366		14.0244		0.75187		169.745		15.5233		10.8838		17.0053
176		37.9141		4.61424		32.3194		18.335		13.9616		0.552453		182.6		15.4312		10.817		16.8882
177		38.6988		4.74028		32.9764		18.7125		14.2222		0.876247		161.672		15.7425		11.0023		17.2339
178		37.8644		4.56381		32.2736		18.2806		13.9731		0.000156735		111.268		15.3451		10.7813		16.9285
179		37.6834		4.58973		32.1521		18.2302		13.8659		0.538794		183.373		15.3509		10.7611		16.8012
180		37.674		4.5737		32.1095		18.2063		13.8927		0.00211742		135.537		15.2952		10.7214		16.8143
181		37.2801		4.52266		31.8075		18.0241		13.7448		0.00921991		201.509		15.1445		10.6219		16.663
182		37.7306		4.60307		32.2043		18.2568		13.8989		0.293321		214.44		15.3513		10.7482		16.853
183		37.976		4.5761		32.3571		18.3156		14.0223		1.08212e-05		208.684		15.3587		10.7826		16.9983
184		37.611		4.52985		32.0359		18.1608		13.8599		0.418973		196.564		15.2689		10.7391		16.767
185		37.1477		4.49712		31.675		17.9483		13.7182		0.194306		214.014		15.0776		10.5805		16.5974
186		38.2016		4.6735		32.5548		18.4814		14.047		0.775966		165.785		15.5557		10.8822		16.9991
187		38.3714		4.68829		32.7224		18.5698		14.1066		0.710506		171.474		15.6466		10.9583		17.0759
188		37.0445		4.45326		31.5546		17.8587		13.6764		5.04574e-06		204.504		14.9767		10.5234		16.5779
189		37.4093		4.4959		31.8816		18.0497		13.8109		1.44304e-06		178.797		15.1524		10.6565		16.7292
190		37.4855		4.51956		31.9127		18.0419		13.8348		1.03111e-05		209.01		15.0823		10.5627		16.8305
191		38.0775		4.68341		32.4541		18.4361		13.9919		1.0339		149.204		15.533		10.8496		16.9211
192		37.79		4.57187		32.1978		18.236		13.9391		1.65526e-05		175.153		15.2935		10.7216		16.9043
193		37.0126		4.47855		31.5038		17.856		13.6475		0.000687897		143.279		15.0009		10.5224		16.5028
194		38.7809		4.80026		33.1124		18.8291		14.2321		1.56043		134.821		15.9298		11.1295		17.1826
195		36.7982		4.42017		31.3597		17.7543		13.6134		0.000254455		212.656		14.8725		10.4524		16.4872
196		37.6098		4.50834		32.0182		18.1232		13.898		1.89323e-05		213.679		15.1805		10.6721		16.8378
197		37.1064		4.53384		31.6512		17.9401		13.6554		0.40918		197.077		15.0828		10.5489		16.5685
198		37.6726		4.54802		32.105		18.2124		13.9213		0.000250863		118.855		15.2966		10.7486		16.8084
199		37.986		4.65499		32.3746		18.3773		13.9742		0.521338		187.884		15.4676		10.8126		16.907
200		37.5526		4.55119		32.0135		18.1273		13.8338		0.239921		217.226		15.2201		10.6689		16.7935
201		37.2689		4.47618		31.7482		17.9648		13.7575		1.61643e-05		169.852		15.0551		10.5789		16.6931
202		37.4048		4.57093		31.919		18.0898		13.7686		0.302556		211.652		15.2134		10.6425		16.7056
203		36.6195		4.39706		31.2097		17.6501		13.5385		4.86721e-06		204.63		14.7997		10.4026		16.4101
204		37.1411		4.48365		31.632		17.9042		13.7016		5.53114e-05		195.173		15.0048		10.5212		16.6272
205		38.1784		4.69036		32.5662		18.4761		14.0263		0.785721		164.8		15.5693		10.8789		16.9968
206		38.0978		4.62538		32.4632		18.4141		14.0456		0.171562		212.797		15.4901		10.8647		16.9731
207		37.5796		4.57182		31.9867		18.1466		13.8351		0.310127		210.875		15.2598		10.6879		16.7269
208		37.996		4.634		32.38		18.3726		13.9732		0.537846		185.795		15.464		10.83		16.916
209		38.1371		4.72142		32.5164		18.5008		14.0016		1.29308		141.262		15.6399		10.9185		16.8765
210		38.5471		4.68551		32.8674		18.6036		14.1999		0.181748		219.088		15.5871		10.9016		17.2802
211		38.3842		4.66201		32.6873		18.5433		14.1133		0.489228		191.263		15.6303		10.9683		17.057
212		38.1802		4.60631		32.553		18.4248		14.0768		0.000825815		156.93		15.4699		10.8636		17.0831
213		37.2242		4.49895		31.7013		17.9782		13.733		0.192771		213.599		15.1212		10.6222		16.5802
214		37.4023		4.48084		31.8545		18.0154		13.8231		3.51334e-05		216.412		15.0972		10.6163		16.7573
215		37.6002		4.58128		32.0688		18.1732		13.8631		0.000186729		171.292		15.2704		10.6892		16.7983
216		37.0722		4.40065		31.5042		17.8006		13.7138		4.57144e-06		187.641		14.8648		10.4641		16.6394
217		38.43		4.74831		32.7569		18.6372		14.1054		1.34503		140.507		15.7483		10.9999		17.0086
218		38.8929		4.80643		33.2108		18.8775		14.2628		1.45884		139.512		15.9569		11.1505		17.2539
219		37.5487		4.54328		31.9282		18.0988		13.8635		7.84683e-05		208.397		15.1766		10.6333		16.7517
220		37.8056		4.53029		32.2176		18.2196		13.984		2.25484e-06		212.79		15.257		10.7267		16.9606
221		37.3217		4.5384		31.8066		18.0381		13.7438		0.284007		212.229		15.1742		10.6358		16.6324
222		38.3544		4.66552		32.6604		18.5323		14.1076		0.591146		181.145		15.6007		10.9352		17.0597
223		37.7928		4.53168		32.1248		18.2178		13.9413		7.38036e-09		170.675		15.3004		10.7687		16.8243
224		36.6328		4.38042		31.1863		17.645		13.5447		1.21674e-05		204.569		14.7994		10.419		16.3869
225		37.403		4.50654		31.8484		18.0313		13.79		0.00019465		204.919		15.1283		10.6218		16.7201
226		37.9254		4.55639		32.3042		18.2657		13.9884		2.01041e-10		218.901		15.3156		10.7592		16.9886
227		37.3001		4.48247		31.7437		17.971		13.7642		8.81212e-05		173.268		15.0678		10.5853		16.6759
228		37.1986		4.48161		31.6548		17.9344		13.736		9.25782e-06		208.18		15.0504		10.5687		16.6044
229		36.9231		4.44357		31.4472		17.8108		13.6428		1.79421e-05		215.737		14.9513		10.5078		16.4959
230		37.3423		4.53332		31.8323		18.0545		13.7692		0.252844		214.616		15.1752		10.6419		16.6571
231		38.1377		4.67297		32.53		18.4786		14.0414		0.568861		184.248		15.5805		10.9075		16.9495
232		37.7586		4.55077		32.1452		18.2046		13.9244		2.16758e-06		112.428		15.2735		10.7227		16.8718
233		38.0818		4.62318		32.4156		18.3978		14.031		0.237837		221.752		15.4701		10.8469		16.9455
234		37.1315		4.45558		31.6296		17.8924		13.7296		3.866e-05		207.303		14.9859		10.5303		16.6437
235		37.7563		4.56575		32.1703		18.2203		13.9075		0.31556		210.267		15.3111		10.7453		16.8592
236		38.6643		4.75322		32.9883		18.7499		14.2282		0.994783		152.434		15.8252		11.0719		17.1632
237		37.7434		4.52241		32.1187		18.1882		13.9479		8.29243e-06		217.353		15.2515		10.7291		16.8672
238		36.9333		4.40367		31.4153		17.7593		13.6442		2.51304e-05		208.505		14.8562		10.4526		16.559
239		38.371		4.63196		32.6601		18.5095		14.1338		0.107238		170.091		15.5628		10.9308		17.0973
240		37.3505		4.55211		31.825		18.0451		13.7419		0.223183		214.882		15.167		10.6149		16.658
241		36.3733		4.2753		30.8991		17.4507		13.4944		1.31086e-06		171.304		14.5737		10.2984		16.3255
242		36.9175		4.43411		31.4208		17.8052		13.6553		1.56837e-06		215.361		14.9329		10.4988		16.4878
243		37.3399		4.48705		31.7856		17.9942		13.8149		1.40632e-07		207.956		15.0701		10.583		16.7155
244		38.1166		4.66831		32.5003		18.4487		14.0064		0.535638		185.188		15.5447		10.8764		16.9556
245		38.4292		4.6639		32.7198		18.5573		14.164		0.000129748		134.137		15.5942		10.9303		17.1257
246		37.6868		4.53997		32.0951		18.1653		13.91		2.95605e-05		170.295		15.2331		10.6931		16.8621
247		37.4529		4.47893		31.8702		18.0273		13.8662		7.14822e-07		193.505		15.0774		10.5985		16.7927
248		37.6298		4.5696		32.1082		18.1926		13.8691		0.284857		215.394		15.301		10.7314		16.8072
249		38.8762		4.77765		33.1177		18.8237		14.2802		0.848841		162.89		15.8847		11.107		17.233
250		38.3161		4.69552		32.6795		18.5493		14.0815		0.699047		173.156		15.644		10.9485		17.0355
251		36.6596		4.36735		31.1733		17.6249		13.579		5.74701e-08		189.05		14.7279		10.3605		16.4455
252		37.3182		4.54058		31.8092		18.0372		13.762		0.0228728		158.946		15.1584		10.6178		16.6508
253		36.3755		4.32654		30.872		17.4741		13.4513		2.36285e-07		187.931		14.6307		10.3042		16.2413
254		37.3039		4.49131		31.7496		17.9823		13.7798		0.000193759		214.934		15.0592		10.5679		16.6904
255		37.9995		4.64079		32.3912		18.3781		13.9989		0.366006		206.312		15.4475		10.8067		16.9437
256		38.4481		4.66899		32.7099		18.5675		14.1652		0.257916		217.365		15.6086		10.9396		17.1013
257		38.4452		4.6735		32.729		18.5879		14.1509		0.377839		204.845		15.6585		10.9849		17.0705
258		37.8121		4.56023		32.1808		18.2389		13.9234		0.0289768		129.452		15.3262		10.766		16.8546
259		37.8503		4.63719		32.2704		18.3203		13.9217		0.758142		164.866		15.4452		10.808		16.8252
260		37.1789		4.46359		31.6744		17.9343		13.7248		5.66424e-06		195.769		15.0569		10.5934		16.6175
261		38.4595		4.65245		32.7861		18.5736		14.1697		0.103649		165.574		15.614		10.9616		17.1721
262		37.7989		4.56615		32.1823		18.2272		13.9359		8.51089e-06		208.163		15.2958		10.7296		16.8866
263		38.8077		4.73547		33.0733		18.7809		14.2754		0.574368		184.39		15.832		11.0965		17.2413
264		38.3809		4.62262		32.6628		18.5206		14.1746		3.33311e-07		184.784		15.5438		10.9212		17.119
265		37.2516		4.49096		31.7789		17.9671		13.742		0.0251947		142.95		15.0804		10.5894		16.6985
266		38.3898		4.63618		32.6666		18.5119		14.1627		0.000831847		110.514		15.5263		10.8901		17.1404
267		37.1334		4.48161		31.6553		17.9275		13.7047		0.000106656		213.577		15.0453		10.5637		16.61
268		38.2835		4.66718		32.6055		18.494		14.0999		0.324997		211.213		15.5473		10.8802		17.0582
269		38.2031		4.67475		32.5748		18.4955		14.0558		0.586026		181.938		15.5826		10.9078		16.9923
270		37.1157		4.50359		31.6497		17.9331		13.7001		0.00549499		184.74		15.0546		10.551		16.5951
271		37.343		4.45855		31.754		17.9711		13.7957		6.80691e-05		202.481		15.0654		10.6068		16.6886
272		38.2212		4.63489		32.481		18.4429		14.0636		0.330706		208.589		15.5111		10.8763		16.9699
273		37.3391		4.51812		31.8114		18.0212		13.7677		0.0666212		159.924		15.1393		10.6212		16.6721
274		37.7842		4.56923		32.1745		18.245		13.9357		1.45642e-05		157.984		15.3254		10.7561		16.8492
275		37.8769		4.57588		32.2269		18.2646		13.9563		3.6459e-05		157.474		15.326		10.7501		16.9009
276		38.6107		4.6723		32.8671		18.6576		14.2379		0.186841		212.431		15.7085		11.0362		17.1587
277		38.3354		4.65529		32.6536		18.5118		14.1243		0.151394		209.283		15.5521		10.8968		17.1015
278		36.8153		4.40096		31.38		17.7527		13.6269		3.75832e-05		216.137		14.8852		10.4842		16.4949
279		37.8858		4.55823		32.3028		18.2897		13.981		0.160967		210.832		15.3478		10.7896		16.955
280		37.4301		4.49969		31.8516		18.0316		13.8288		7.19986e-06		207.061		15.1098		10.6101		16.7419
281		37.4538		4.5621		31.9253		18.1137		13.8092		0.451516		191.27		15.2402		10.6781		16.6851
282		36.8319		4.4322		31.3644		17.7549		13.6018		1.37894e-05		210.082		14.8873		10.4551		16.4771
283		37.457		4.5932		31.9569		18.1436		13.7819		0.66298		172.638		15.3001		10.7069		16.6568
284		36.8156		4.3802		31.2767		17.6951		13.6083		2.23084e-06		205.217		14.8111		10.4309		16.4657
285		37.7568		4.54648		32.1543		18.2257		13.9318		0.0182306		176.367		15.3069		10.7604		16.8474
286		37.9373		4.60253		32.3579		18.3499		13.9753		0.542184		185.636		15.4496		10.847		16.9083
287		38.4514		4.70145		32.7434		18.5893		14.1333		0.719122		170.113		15.6553		10.9538		17.0881
288		37.8674		4.57119		32.2703		18.2747		13.9703		9.79957e-07		224.133		15.3511		10.7799		16.9192
289		38.2265		4.65882		32.5433		18.4703		14.0812		0.085795		143.256		15.5204		10.8616		17.0229
290		37.1879		4.47245		31.6832		17.9469		13.7742		2.12335e-05		217.267		15.0372		10.5647		16.646
291		37.6544		4.59788		32.1236		18.2222		13.8714		0.424073		196.454		15.3259		10.728		16.7977
292		37.6131		4.51085		32.0067		18.0977		13.8874		1.63818e-07		212.351		15.1639		10.6531		16.8427
293		38.6268		4.79067		32.9766		18.7616		14.1596		1.49263		139.633		15.8967		11.106		17.0799
294		37.725		4.57128		32.1584		18.2126		13.9128		0.0167325		171.226		15.2827		10.7114		16.8758
295		37.9193		4.62395		32.2995		18.3199		13.9532		0.376021		203.132		15.4046		10.7807		16.8949
296		37.9874		4.60635		32.355		18.3572		14.0238		0.000591764		156.702		15.4274		10.821		16.9276
297		37.9727		4.58156		32.3026		18.3263		14.0181		0.0273366		147.598		15.3828		10.8012		16.9198
298		38.2304		4.66247		32.5486		18.466		14.0726		0.222184		219.888		15.5299		10.8675		17.0187
299		37.2011		4.51547		31.7097		17.9869		13.7216		0.114088		179.443		15.1261		10.6106		16.5836
300		36.7148		4.37732		31.1887		17.644		13.5679		8.6281e-07		212.481		14.7693		10.392		16.4194
301		38.0196		4.58496		32.376		18.3388		14.0223		2.30269e-06		112.866		15.3991		10.8141		16.9769
302		37.4623		4.50678		31.9386		18.0701		13.857		3.93594e-09		220.282		15.1282		10.6215		16.8104
303		38.3696		4.75396		32.7468		18.6412		14.0909		1.40653		138.915		15.7813		11.0273		16.9655
304		36.8763		4.40616		31.4107		17.7646		13.6217		1.85054e-05		207.246		14.8859		10.4798		16.5247
305		37.2805		4.49952		31.7956		18.0026		13.7708		0.000324236		170.238		15.1097		10.6102		16.6859
306		37.2603		4.45454		31.6663		17.9258		13.7726		5.55312e-07		212.731		14.9909		10.5363		16.6754
307		37.7062		4.58538		32.1339		18.2047		13.9059		0.000606209		209.55		15.2634		10.678		16.8706
308		37.8572		4.63077		32.2712		18.3137		13.9252		0.723004		167.824		15.431		10.8003		16.8401
309		37.6116		4.51873		32.0011		18.1222		13.8872		0.000220777		215.076		15.1819		10.6632		16.8191
310		38.1134		4.63233		32.472		18.4312		14.0533		0.275376		219.898		15.4946		10.8623		16.9774
311		37.2245		4.45832		31.6514		17.9225		13.7603		2.2995e-05		213.799		15.0095		10.5511		16.6419
312		37.6181		4.55955		32.0707		18.1752		13.8436		0.552048		182.703		15.2968		10.7372		16.7739
313		37.2047		4.46274		31.6894		17.9217		13.7553		1.66973e-07		202.996		15.0175		10.5548		16.6719
314		37.5908		4.5439		32.0445		18.1618		13.8758		2.80975e-05		192.369		15.2602		10.7163		16.7843
315		36.5017		4.37332		31.0859		17.5834		13.5177		5.37814e-06		198.222		14.6951		10.3218		16.3908
316		38.1109		4.62188		32.4656		18.4145		14.0523		0.594551		180.319		15.4862		10.8643		16.9794
317		37.6809		4.55808		32.0762		18.1849		13.8948		0.102753		156.165		15.265		10.7069		16.8112
318		38.4302		4.67455		32.7271		18.5623		14.1409		0.184018		211.495		15.603		10.9285		17.124
319		37.6616		4.60579		32.0813		18.2135		13.8746		0.192738		217.543		15.3186		10.7129		16.7627
320		37.7715		4.5596		32.1411		18.2206		13.9262		0.000681318		134.224		15.3072		10.7476		16.8339
321		37.9421		4.60249		32.3826		18.3409		13.9905		0.0269734		138.286		15.4068		10.8043		16.9758
322		37.8183		4.63879		32.2275		18.3049		13.892		0.614815		176.061		15.4324		10.7936		16.7951
323		37.973		4.56388		32.3839		18.3237		14.0479		0.000134726		210.291		15.3674		10.8035		17.0165
324		37.7992		4.58944		32.2297		18.2696		13.9274		0.16514		210.106		15.3571		10.7677		16.8726
325		37.1217		4.46477		31.6473		17.9229		13.7117		0.000237795		127.9		15.0626		10.5978		16.5847
326		38.1684		4.68235		32.5323		18.4896		14.0314		0.810622		163.214		15.5868		10.9044		16.9456
327		37.9831		4.56777		32.3584		18.3354		14.0115		0.000555301		198.208		15.4018		10.834		16.9566
328		37.933		4.58847		32.2936		18.3073		13.9857		3.13467e-05		123.285		15.3567		10.7682		16.9369
329		37.3781		4.52842		31.8847		18.0745		13.7996		6.46222e-10		147.775		15.1958		10.6674		16.6889
330		37.8328		4.57832		32.2443		18.2648		13.9374		0.193428		212.62		15.352		10.7737		16.8923
331		38.0946		4.62298		32.4398		18.4005		14.0326		0.133163		171.065		15.4762		10.8532		16.9636
332		37.1863		4.44674		31.7151		17.9358		13.7588		7.45082e-06		218.645		15.0312		10.5845		16.6839
333		37.7517		4.56368		32.169		18.2113		13.8944		0.14877		198.111		15.2846		10.7209		16.8844
334		38.0111		4.61471		32.3724		18.3564		14.0037		0.497484		189.302		15.4351		10.8204		16.9373
335		38.0309		4.58082		32.3275		18.3245		14.0398		3.73738e-06		207.837		15.3716		10.7908		16.9559
336		37.7016		4.60372		32.1449		18.2466		13.8701		0.9004		155.229		15.3784		10.7747		16.7665
337		38.325		4.69953		32.6923		18.5662		14.0979		0.915441		158.599		15.6732		10.9736		17.0191
338		37.9495		4.59406		32.3213		18.3243		13.9683		0.179467		216.19		15.4191		10.825		16.9022
339		37.5193		4.54977		31.9527		18.1279		13.8395		6.71712e-05		126.939		15.2359		10.6861		16.7169
340		37.7921		4.57555		32.2353		18.2617		13.9456		0.000133412		113.363		15.3332		10.7576		16.9021
341		38.1735		4.69185		32.5341		18.479		14.0487		0.885738		158.24		15.5566		10.8648		16.9775
342		36.6069		4.37415		31.1873		17.6476		13.5471		1.56505e-05		213.437		14.7886		10.4145		16.3987
343		37.6994		4.51276		32.0882		18.1513		13.9363		2.12396e-07		214.633		15.1856		10.6728		16.9026
344		38.5407		4.74995		32.8394		18.6838		14.1532		1.14112		147.503		15.7793		11.0293		17.0601
345		37.4959		4.53649		31.9538		18.106		13.8322		3.31629e-06		217.79		15.2114		10.6749		16.7424
346		37.7474		4.56501		32.1312		18.2131		13.9126		7.26206e-05		203.179		15.3024		10.7374		16.8287
347		37.8613		4.55303		32.2221		18.2459		13.961		4.52343e-06		216.857		15.3065		10.7535		16.9155
348		38.7514		4.73928		33.0336		18.7556		14.2514		0.678891		174.847		15.8021		11.0628		17.2315
349		38.6488		4.743		32.9843		18.7213		14.1886		0.771969		168.305		15.7948		11.0518		17.1895
350		37.2306		4.51237		31.7427		17.9884		13.7299		0.345318		205.181		15.1157		10.6033		16.627
351		37.7404		4.54183		32.1		18.1777		13.9216		0.100777		155.309		15.2399		10.6981		16.8601
352		38.11		4.62401		32.4555		18.4263		14.0496		0.181669		214.582		15.5011		10.8771		16.9545
353		38.4956		4.73378		32.8417		18.6619		14.1364		1.40075		140.383		15.7594		11.0256		17.0822
354		37.95		4.56823		32.3381		18.3052		14.0125		4.33606e-06		216.987		15.357		10.7888		16.9811
355		37.6624		4.57113		32.1017		18.2095		13.8767		0.184584		216.256		15.3295		10.7584		16.7723
356		37.9916		4.60223		32.3835		18.3596		14.0109		0.0851905		146.785		15.4281		10.8259		16.9553
357		37.7255		4.58075		32.1543		18.2325		13.9001		0.220627		219.616		15.324		10.7433		16.8303
358		38.2677		4.69137		32.5911		18.521		14.0713		1.11744		147.341		15.6066		10.9152		16.9845
359		37.5419		4.53294		31.9832		18.1152		13.8545		0.000216239		151.728		15.207		10.6741		16.7762
360		37.6946		4.559		32.1094		18.1874		13.9003		4.07417e-06		210.824		15.2521		10.6931		16.8573
361		37.3323		4.57195		31.8558		18.0819		13.7541		0.692214		168.833		15.2195		10.6475		16.6363
362		37.592		4.54406		32.0408		18.1439		13.8615		9.58463e-06		114.19		15.2195		10.6755		16.8212
363		38.1885		4.6146		32.4873		18.4396		14.0836		3.62967e-06		212.229		15.4957		10.8811		16.9917
364		37.5236		4.52436		31.971		18.1019		13.8628		2.37794e-05		219.299		15.1752		10.6508		16.7958
365		38.8424		4.7848		33.1376		18.8336		14.276		1.17968		147.365		15.9152		11.1304		17.2224
366		37.1242		4.46285		31.6475		17.9053		13.6945		3.03794e-06		169.217		15.038		10.5751		16.6096
367		37.614		4.54276		32.0149		18.1282		13.8899		0.000197628		190.676		15.1909		10.6482		16.824
368		37.9231		4.57607		32.3094		18.3021		13.9804		0.167578		219.187		15.3747		10.7986		16.9347
369		38.1957		4.68141		32.552		18.4915		14.0385		0.84099		160.488		15.5963		10.9149		16.9557
370		37.2683		4.50451		31.7828		17.999		13.7507		4.34579e-06		130.257		15.1147		10.6102		16.6681
371		37.9428		4.65379		32.3907		18.3775		13.9404		0.992716		152.742		15.4875		10.8337		16.9032
372		38.4019		4.688		32.6967		18.5686		14.1178		0.42088		197.793		15.6436		10.9556		17.0531
373		37.5591		4.51829		32.0274		18.1366		13.8729		7.44408e-06		199.483		15.2253		10.707		16.8021
374		36.6797		4.33064		31.1839		17.6197		13.5938		2.32572e-06		181.445		14.7318		10.4012		16.4521
375		38.2043		4.70223		32.57		18.5148		14.0156		1.1286		147.233		15.6509		10.9487		16.9191
376		36.8652		4.45559		31.4208		17.7919		13.6105		0.000134277		128.208		14.9312		10.4756		16.4896
377		37.8504		4.57986		32.2059		18.2458		13.9472		6.27198e-05		170.803		15.3078		10.7279		16.8981
378		36.9617		4.45135		31.4665		17.8259		13.6402		5.05843e-05		203.354		14.9542		10.5028		16.5123
379		38.2934		4.70582		32.6546		18.5482		14.085		0.704922		171.038		15.6223		10.9165		17.0323
380		37.0608		4.45437		31.5295		17.859		13.6925		0.000211432		215.44		14.9687		10.5143		16.5608
381		38.2053		4.6932		32.5734		18.5097		14.036		1.0478		149.205		15.6309		10.9377		16.9426
382		38.8475		4.80456		33.1272		18.8477		14.2642		1.47271		138.48		15.9194		11.1149		17.2078
383		38.4215		4.70123		32.743		18.6015		14.1202		0.464502		196.079		15.6904		10.9892		17.0526
384		37.8051		4.59555		32.2304		18.2746		13.9285		0.595029		177.776		15.3663		10.7708		16.8641
385		37.7704		4.55049		32.1842		18.216		13.9346		5.69497e-07		180.859		15.2817		10.7312		16.9025
386		38.1827		4.6282		32.535		18.438		14.0819		0.000132329		122.612		15.4899		10.8617		17.045
387		36.5555		4.37896		31.1743		17.6233		13.5178		5.43376e-06		207.211		14.7729		10.3939		16.4015
388		37.9282		4.65248		32.3623		18.3668		13.9651		0.774022		166.214		15.4607		10.8082		16.9016
389		38.2415		4.59109		32.5546		18.4296		14.0978		0.0726997		124.534		15.4817		10.8906		17.0729
390		37.0095		4.44724		31.5169		17.839		13.6775		6.05456e-05		220.281		14.9523		10.505		16.5646
391		38.5758		4.77529		32.9082		18.7152		14.1429		1.54116		135.844		15.8173		11.0421		17.0908
392		37.5904		4.56555		32.0572		18.1802		13.8688		0.000329495		112.699		15.2802		10.7146		16.777
393		38.0038		4.65406		32.4269		18.4024		13.9848		0.673658		173.98		15.5011		10.847		16.9259
394		37.7953		4.52209		32.1887		18.2081		13.9748		8.91312e-05		216.335		15.2528		10.7307		16.9359
395		38.211		4.62524		32.5037		18.436		14.1027		2.68926e-05		194.186		15.4705		10.8453		17.0332
396		38.1194		4.71585		32.5161		18.4803		13.9828		1.10033		147.816		15.6003		10.8844		16.9158
397		38.4568		4.67853		32.7592		18.579		14.1609		0.287799		216.149		15.624		10.9455		17.1352
398		37.0189		4.41081		31.4953		17.7929		13.7089		2.17821e-06		180.653		14.8634		10.4526		16.6319
399		37.2866		4.55312		31.8029		18.0478		13.7252		0.792144		162.023		15.2049		10.6518		16.5979
400		37.1759		4.48322		31.684		17.9406		13.7158		1.70028e-07		175.086		15.0569		10.5736		16.6271
401		38.004		4.59556		32.3753		18.356		14.0059		0.21075		220.522		15.4422		10.8467		16.9331
402		37.5643		4.54467		32.0043		18.1504		13.8588		0.000169025		110.701		15.2659		10.7212		16.7384
403		36.9148		4.43057		31.3927		17.7809		13.6333		1.59224e-05		204.453		14.9138		10.4832		16.479
404		37.6998		4.55887		32.0925		18.1901		13.8911		0.109263		176.509		15.2703		10.7115		16.8221
405		37.6153		4.56446		32.0354		18.1537		13.8559		1.12499e-05		134.43		15.2493		10.6848		16.7861
406		37.1352		4.45355		31.6288		17.8943		13.7362		2.85439e-05		208.179		14.9852		10.5316		16.6437
407		37.1673		4.43904		31.6683		17.9029		13.7514		1.91942e-06		198.02		14.9921		10.5531		16.6762
408		37.6008		4.56749		32.0651		18.1916		13.8684		0.378028		203.2		15.3141		10.7466		16.751
409		37.8462		4.59724		32.2577		18.2927		13.9422		0.282181		214.023		15.383		10.7858		16.8747
410		38.1666		4.64515		32.5106		18.4333		14.0291		0.5712		182.834		15.5085		10.8634		17.0021
411		37.1658		4.40697		31.5966		17.8648		13.7619		3.58722e-05		194.306		14.9392		10.5322		16.6574
412		38.6468		4.73969		32.9547		18.7177		14.2122		0.714934		172.026		15.7749		11.0352		17.1798
413		37.4447		4.52689		31.9162		18.0682		13.8091		0.0655259		117.388		15.1641		10.6372		16.7521
414		38.1859		4.60567		32.5158		18.3974		14.099		1.02449e-06		222.552		15.4093		10.8036		17.1066
415		37.2916		4.52176		31.7679		18.0129		13.7406		0.256825		219.356		15.1506		10.6288		16.6173
416		37.4518		4.57003		31.9429		18.1228		13.7876		0.629092		172.67		15.256		10.686		16.6869
417		37.8703		4.60112		32.2796		18.304		13.9548		0.175782		218.514		15.3992		10.7981		16.8805
418		38.3904		4.62515		32.642		18.4954		14.1741		6.20555e-06		216.318		15.5		10.8749		17.142
419		38.7928		4.76252		33.0595		18.7774		14.2459		0.84382		163.358		15.8486		11.086		17.211
420		37.2338		4.49685		31.7353		17.995		13.7468		0.000192149		120.729		15.1211		10.6243		16.6142
421		37.2801		4.48742		31.789		17.9961		13.7909		1.62282e-07		197.247		15.0984		10.6109		16.6906
422		37.7494		4.58485		32.194		18.2549		13.9156		0.0682205		125.283		15.3504		10.7655		16.8436
423		37.7103		4.50193		32.0874		18.1608		13.9444		0.000135432		210.745		15.2162		10.7143		16.8712
424		37.1026		4.4556		31.6027		17.8965		13.7233		6.7992e-05		215.07		15.0064		10.5508		16.5963
425		38.0604		4.65397		32.4551		18.4245		14.0155		0.569515		182.29		15.5127		10.8587		16.9424
426		38.0323		4.58421		32.3951		18.3449		14.024		6.83128e-07		214.805		15.4		10.8158		16.9951
427		36.5056		4.3276		30.9533		17.5104		13.5111		1.36957e-06		175.164		14.6196		10.292		16.3337
428		38.092		4.576		32.3854		18.3449		14.0209		2.15261e-05		188.172		15.4112		10.8352		16.9741
429		37.6927		4.57266		32.122		18.204		13.8898		0.395426		200.189		15.2955		10.7228		16.8265
430		37.5833		4.53708		31.9884		18.138		13.8639		8.62496e-06		181.596		15.2396		10.7025		16.7487
431		36.969		4.45736		31.4895		17.8352		13.6636		1.02169e-07		217.861		14.9639		10.5065		16.5256
432		37.9339		4.55325		32.3105		18.2825		14.032		9.98851e-07		208.76		15.3073		10.754		17.0032
433		38.1719		4.63842		32.5277		18.4467		14.0662		0.216756		220.831		15.5014		10.863		17.0264
434		37.9727		4.64097		32.3766		18.3635		13.9851		0.386859		203.756		15.4498		10.8088		16.9268
435		36.5696		4.39579		31.1685		17.6289		13.5229		8.20604e-06		214.179		14.7712		10.3754		16.3973
436		38.5722		4.76718		32.9563		18.7453		14.1683		1.55911		133.478		15.8741		11.107		17.0821
437		37.8027		4.55561		32.2129		18.251		13.933		0.195269		216.72		15.3374		10.7818		16.8755
438		37.2317		4.51819		31.7355		17.9848		13.7167		0.0472495		108.139		15.1211		10.603		16.6144
439		37.1305		4.44682		31.57		17.881		13.7065		1.56432e-05		222.822		14.9982		10.5514		16.5718
440		37.7514		4.57825		32.1398		18.2378		13.9233		0.104068		169.524		15.3261		10.7478		16.8137
441		37.5719		4.53497		32.0482		18.1471		13.8602		0.0621189		118.382		15.2476		10.7127		16.8005
442		37.1779		4.37768		31.6096		17.8448		13.7794		7.03641e-07		175.736		14.8926		10.5149		16.717
443		37.7505		4.53009		32.1257		18.2009		13.9348		3.21697e-06		208.299		15.2707		10.7406		16.855
444		37.7943		4.54054		32.1748		18.2209		13.9509		1.14845e-05		217.81		15.2704		10.7299		16.9044
445		37.0995		4.43527		31.5917		17.8679		13.7047		5.47538e-07		204.978		14.9748		10.5395		16.617
446		37.205		4.44823		31.7		17.9319		13.7486		1.4146e-05		205.783		15.0344		10.5862		16.6657
447		37.1004		4.50258		31.6141		17.9155		13.6655		0.109161		181.226		15.0638		10.5612		16.5503
448		38.6617		4.80984		33.0181		18.7899		14.1694		1.55934		135.137		15.9168		11.1069		17.1013
449		37.1498		4.43992		31.5964		17.8857		13.7141		5.28999e-07		212.372		14.9856		10.5456		16.6109
450		37.3381		4.50413		31.7937		18.0108		13.7869		1.48612e-06		197.002		15.1074		10.6033		16.6863
451		37.7355		4.57811		32.1693		18.2243		13.9055		0.162627		211.021		15.3161		10.7379		16.8533
452		38.3146		4.65422		32.6295		18.508		14.0871		0.629683		177.993		15.5922		10.9379		17.0373
453		37.1666		4.46861		31.6657		17.926		13.7315		0.000223651		217.41		15.0452		10.5766		16.6205
454		38.0668		4.61846		32.4099		18.3823		14.0005		0.000783185		142.241		15.4764		10.8579		16.9336
455		37.3879		4.49285		31.8394		18.0111		13.8275		1.79384e-06		209.554		15.0753		10.5825		16.764
456		37.2999		4.52184		31.8165		18.0266		13.7526		0.0278676		131.635		15.1659		10.6441		16.6506
457		38.4854		4.69486		32.7568		18.6086		14.1611		0.514931		188.146		15.6654		10.9705		17.0914
458		37.3591		4.50687		31.8301		18.0429		13.7977		7.065e-06		111.906		15.1632		10.6563		16.6669
459		38.0351		4.59092		32.3874		18.3507		14.0127		0.00029964		180.256		15.4042		10.8133		16.9832
460		38.6695		4.74866		32.9456		18.7352		14.2067		1.22305		144.928		15.8172		11.0686		17.1284
461		38.3874		4.72309		32.6704		18.5715		14.1014		0.992261		153.717		15.6434		10.9203		17.027
462		37.6769		4.55866		32.0959		18.1903		13.8839		0.0247587		149.645		15.3073		10.7486		16.7886
463		37.9037		4.59561		32.3279		18.3231		13.973		0.206481		221.77		15.4138		10.8182		16.9141
464		39.0828		4.76581		33.2476		18.8814		14.367		0.592562		184.224		15.9114		11.1455		17.3363
465		37.7739		4.55242		32.1929		18.236		13.9301		3.52439e-05		122.786		15.3262		10.7738		16.8667
466		38.818		4.79023		33.1568		18.8446		14.2765		1.35118		139.503		15.9272		11.137		17.2295
467		38.6674		4.72801		32.961		18.7206		14.2363		0.784532		164.679		15.7749		11.0469		17.1861
468		37.5619		4.49571		31.9429		18.0524		13.8718		1.10616e-06		211.087		15.1019		10.6062		16.841
469		37.4958		4.51564		31.9278		18.0712		13.8484		0.000107394		220.789		15.1332		10.6175		16.7947
470		38.0053		4.61431		32.3626		18.3585		13.9866		0.62794		175.084		15.4454		10.8311		16.9172
471		37.801		4.56872		32.2416		18.2608		13.9354		5.23475e-06		173.301		15.3609		10.7922		16.8807
472		37.6764		4.54008		32.1377		18.1952		13.9098		0.0251132		145.764		15.273		10.733		16.8646
473		38.4667		4.65646		32.7483		18.5693		14.1925		4.75816e-05		161.08		15.5927		10.9362		17.1556
474		37.9987		4.66964		32.4108		18.4177		13.9339		1.34602		138.185		15.5732		10.9036		16.8376
475		37.9008		4.57325		32.2503		18.2783		13.9677		3.86389e-06		157.74		15.356		10.7827		16.8943
476		38.6655		4.64585		32.885		18.6363		14.2859		0.000182876		214.421		15.6078		10.9619		17.2773
477		38.3051		4.63383		32.5997		18.5005		14.1421		0.0196518		181.072		15.5341		10.9003		17.0656
478		37.9162		4.57842		32.3187		18.291		13.9841		0.0607344		115.532		15.3473		10.7689		16.9714
479		37.8565		4.61892		32.2604		18.3004		13.9405		0.351646		206.8		15.3892		10.7703		16.8712
480		38.0075		4.59851		32.3901		18.3444		14.0053		0.0267592		172.14		15.4083		10.8098		16.9818
481		37.9426		4.60231		32.3265		18.321		13.9796		0.0626176		115.908		15.392		10.7897		16.9344
482		37.9289		4.58295		32.2899		18.2886		13.9732		0.000617476		135.29		15.3514		10.7684		16.9385
483		37.7666		4.60097		32.184		18.2713		13.8899		0.516112		186.683		15.3972		10.7963		16.7867
484		37.5694		4.50095		32.0037		18.1057		13.8978		1.29394e-06		208.495		15.1437		10.6428		16.86
485		37.1829		4.44741		31.6605		17.8989		13.7344		4.80626e-05		209.653		14.9737		10.5263		16.6868
486		37.3255		4.52331		31.792		18.0115		13.7607		0.216334		217.891		15.1253		10.602		16.6667
487		38.5896		4.69807		32.8885		18.669		14.2233		0.298249		213.967		15.7037		11.0057		17.1848
488		36.5479		4.36807		31.0656		17.5927		13.511		2.89266e-05		212.116		14.7579		10.3898		16.3077
489		37.8691		4.63308		32.3007		18.3233		13.9417		0.492759		190.024		15.4293		10.7963		16.8713
490		36.7788		4.48405		31.3523		17.7973		13.546		0.339134		206.597		14.9964		10.5123		16.356
491		36.8573		4.46951		31.4412		17.8208		13.5765		0.0539527		107.569		14.9822		10.5127		16.459
492		38.7446		4.6882		32.9993		18.696		14.2915		0.00214554		140.663		15.7141		11.0259		17.2852
493		37.2539		4.51694		31.7675		18.0164		13.7454		0.154409		202.524		15.1609		10.6439		16.6066
494		37.3337		4.52071		31.8261		18.0324		13.7558		0.173786		210.369		15.1595		10.6388		16.6666
495		37.7473		4.54214		32.1272		18.2022		13.9209		3.21309e-06		205.637		15.284		10.7418		16.8433
496		37.3386		4.50085		31.7647		17.9998		13.7992		5.77943e-07		212.292		15.0959		10.5951		16.6688
497		37.2101		4.52291		31.7524		17.9878		13.6946		0.491959		184.967		15.1226		10.5996		16.6298
498		38.0137		4.5532		32.3679		18.3108		14.0356		3.76689e-05		219.357		15.3309		10.7777		17.0371
499		36.8494		4.36222		31.3454		17.7048		13.655		2.91403e-07		172.448		14.7824		10.4202		16.563
500		37.5504		4.51921		31.9956		18.1171		13.863		0.000154423		218.339		15.1907		10.6715		16.8049
