1		36.7842		4.42692		31.3536		17.7547		13.5728		0.000153283		180.354		14.9143		10.4873		16.4394
2		38.3884		4.67353		32.7056		18.5558		14.1333		0.389544		203.284		15.6114		10.9378		17.0942
3		37.5212		4.57571		31.9841		18.1552		13.8174		0.398568		200.986		15.2821		10.7064		16.7021
4		36.9111		4.38066		31.4313		17.7512		13.6709		5.17647e-05		178.372		14.8466		10.4659		16.5847
5		37.6799		4.55262		32.1074		18.1773		13.8971		7.67411e-06		219.989		15.2531		10.7004		16.8543
6		38.5483		4.71582		32.8567		18.6716		14.1635		1.22902		144.82		15.7742		11.0584		17.0824
7		37.7795		4.55553		32.1693		18.216		13.9331		6.27852e-06		185.471		15.2977		10.7421		16.8716
8		37.9255		4.63548		32.3235		18.3541		13.9432		0.806737		162.163		15.4821		10.8466		16.8414
9		37.5498		4.57443		32.0762		18.1793		13.8333		0.37894		204.73		15.319		10.7446		16.7572
10		37.2463		4.5094		31.7896		18.0054		13.727		0.355679		205.248		15.1582		10.6488		16.6315
11		38.566		4.70695		32.821		18.6462		14.1756		0.803785		163.452		15.7046		10.9977		17.1164
12		36.5294		4.3722		31.064		17.5794		13.5001		6.86902e-06		203.202		14.7098		10.3376		16.3542
13		37.4705		4.51814		31.933		18.0785		13.8176		0.0251525		151.316		15.1773		10.6592		16.7557
14		37.8371		4.57934		32.2543		18.2755		13.9399		0.115032		183.634		15.3747		10.7953		16.8796
15		37.1825		4.48156		31.6782		17.9414		13.7388		5.09299e-05		178.551		15.0463		10.5648		16.6318
16		37.4052		4.4675		31.8183		18.0134		13.8389		3.21696e-06		215.17		15.0867		10.6192		16.7317
17		37.4689		4.53071		31.9036		18.0676		13.8389		1.65954e-05		221.156		15.1365		10.6058		16.767
18		37.684		4.55479		32.0391		18.1667		13.8921		4.09749e-06		135.887		15.2259		10.6711		16.8132
19		37.105		4.48626		31.593		17.9125		13.7209		2.49246e-09		211.067		15.024		10.5378		16.569
20		37.779		4.55735		32.1867		18.2216		13.942		0.0490892		110.043		15.2854		10.7281		16.9013
21		37.9036		4.60762		32.2886		18.3149		13.9642		0.252483		219.842		15.3947		10.787		16.894
22		37.5681		4.53095		32.0282		18.1416		13.8575		0.000310559		111.02		15.255		10.724		16.7732
23		37.5773		4.54035		32.0325		18.14		13.8615		0.0355369		124.451		15.2256		10.6853		16.8068
24		37.3592		4.4929		31.8247		18.0278		13.7789		0.018661		180.354		15.1463		10.6534		16.6784
25		37.4856		4.54217		31.9535		18.1091		13.8232		1.96278e-05		110.79		15.2181		10.6759		16.7355
26		38.1942		4.62137		32.5402		18.4309		14.1027		2.62069e-08		188.533		15.4536		10.8322		17.0866
27		37.6657		4.54943		32.0839		18.1833		13.9085		8.79051e-07		116.181		15.2582		10.7088		16.8257
28		38.363		4.68662		32.6612		18.5629		14.1108		1.03428		151.972		15.6501		10.9635		17.0111
29		38.0841		4.59298		32.4599		18.3837		14.0492		1.09569e-05		170.297		15.4384		10.8455		17.0214
30		37.8057		4.60821		32.2212		18.2774		13.9359		0.334254		209.728		15.3542		10.746		16.867
31		37.465		4.50821		31.9172		18.0599		13.8293		0.000107522		214.699		15.1341		10.6258		16.7831
32		37.7375		4.5301		32.1771		18.1863		13.9211		4.28085e-06		217.224		15.23		10.6999		16.9472
33		37.2793		4.47791		31.7499		17.987		13.7536		0.000958065		154.225		15.1134		10.6355		16.6365
34		37.5738		4.54971		32.0164		18.1351		13.8406		0.00733134		215.914		15.2265		10.6768		16.7899
35		37.5181		4.57192		32.0037		18.159		13.8013		0.671844		173.923		15.2965		10.7246		16.7071
36		38.0345		4.55671		32.3771		18.3182		14.0377		0.000130892		219.285		15.3504		10.7937		17.0267
37		38.0235		4.52981		32.3364		18.2754		14.0383		5.4662e-06		196.276		15.2979		10.7681		17.0384
38		38.0013		4.61349		32.4168		18.3785		14.0162		0.0256968		142.347		15.4558		10.8423		16.961
39		37.7077		4.60792		32.1867		18.2614		13.8847		0.811626		162.458		15.3706		10.7627		16.8161
40		38.282		4.70819		32.6331		18.5661		14.0632		0.986209		153.173		15.692		10.9838		16.9411
41		37.7617		4.6084		32.1952		18.2475		13.9038		0.0254904		146.43		15.3353		10.7269		16.8599
42		38.3676		4.70387		32.694		18.5713		14.1031		0.727067		168.663		15.6466		10.9428		17.0473
43		37.4705		4.56413		31.9659		18.1113		13.8202		0.0172272		148.086		15.2083		10.6442		16.7575
44		38.2233		4.643		32.5376		18.4655		14.0659		0.503091		189.682		15.5317		10.8887		17.0059
45		37.0951		4.49528		31.6058		17.9014		13.6762		1.33636e-05		108.665		15.0147		10.5195		16.591
46		36.475		4.37294		31.0812		17.5776		13.4724		9.72411e-06		215.986		14.7406		10.3677		16.3406
47		37.5812		4.56104		32.0355		18.1585		13.845		0.366439		205.771		15.2656		10.7045		16.77
48		37.5915		4.54424		32.0296		18.1623		13.8579		1.30831e-05		122.329		15.2763		10.7321		16.7533
49		37.2947		4.52227		31.7565		18.0025		13.7442		0.0321617		128.564		15.1216		10.5993		16.6349
50		36.4727		4.40958		31.0315		17.5887		13.4324		0.00045428		217.472		14.7756		10.366		16.2559
51		36.9246		4.45857		31.4674		17.8215		13.6288		2.94184e-05		124.299		14.974		10.5155		16.4934
52		37.153		4.46717		31.6057		17.9047		13.7013		0.000311807		176.668		15.0447		10.5775		16.561
53		37.2567		4.54191		31.7922		18.0414		13.7358		0.443082		192.886		15.1903		10.6484		16.6019
54		36.8603		4.42683		31.4171		17.7793		13.6161		0.000285225		172.403		14.9168		10.49		16.5004
55		37.0289		4.53096		31.6095		17.938		13.6271		0.705479		166.605		15.1195		10.5886		16.49
56		37.7848		4.59825		32.2226		18.2642		13.9125		0.332988		208.838		15.3665		10.7682		16.8561
57		36.2766		4.33601		30.8318		17.4591		13.4294		2.43049e-07		192.131		14.6071		10.2711		16.2247
58		37.7667		4.62791		32.2138		18.2921		13.912		0.578018		182.829		15.4002		10.7723		16.8136
59		36.6593		4.33578		31.1862		17.6033		13.5888		3.57983e-06		183.115		14.6922		10.3564		16.494
60		37.3532		4.51769		31.8097		18.0263		13.7789		0.00116645		114.092		15.1358		10.6181		16.6739
61		37.194		4.48095		31.6952		17.9541		13.731		0.000327288		198.272		15.0792		10.5982		16.616
62		37.9569		4.5971		32.367		18.3481		13.9871		0.127873		193.779		15.4326		10.8355		16.9345
63		38.5025		4.70684		32.8293		18.6221		14.1748		0.722437		172.033		15.6555		10.9486		17.1738
64		37.7362		4.58381		32.1364		18.2122		13.9057		0.000183188		153.353		15.2744		10.6906		16.862
65		37.3106		4.54241		31.8422		18.0419		13.7486		0.524974		183.12		15.1633		10.6209		16.6789
66		38.7123		4.68155		32.9401		18.6794		14.2485		0.0831055		133.847		15.7009		11.0193		17.2392
67		36.4162		4.37262		30.9945		17.532		13.447		2.53012e-06		210.162		14.6947		10.3221		16.2998
68		37.54		4.5491		32.0086		18.128		13.8532		0.00028166		175.238		15.2121		10.663		16.7966
69		38.177		4.59737		32.5471		18.4349		14.0925		0.0313324		217.271		15.4731		10.8758		17.074
70		37.475		4.50136		31.9264		18.0483		13.8474		3.10332e-05		218.497		15.1197		10.6183		16.8067
71		39.1241		4.79264		33.3397		18.9305		14.4013		0.83538		167.075		15.9473		11.1546		17.3924
72		37.693		4.57824		32.1313		18.2345		13.8722		0.683956		169.469		15.3516		10.7733		16.7797
73		36.6085		4.37303		31.195		17.637		13.5602		7.43823e-05		203.485		14.7558		10.3827		16.4392
74		37.4613		4.49935		31.9179		18.0489		13.8285		2.34637e-06		221.174		15.1405		10.6412		16.7774
75		37.7996		4.5828		32.1791		18.235		13.9235		0.023444		168.115		15.3169		10.7341		16.8621
76		37.5876		4.52242		32.0451		18.1233		13.8626		0.000270037		189.922		15.2043		10.6819		16.8408
77		37.2035		4.48469		31.7142		17.9566		13.7415		0.000171013		171.529		15.0584		10.5737		16.6558
78		38.0275		4.64217		32.3981		18.3921		14.0004		0.515681		187.972		15.4629		10.8207		16.9352
79		37.2017		4.50316		31.6739		17.9593		13.7207		5.46202e-05		188.218		15.0827		10.5796		16.5911
80		36.9736		4.43234		31.4659		17.7955		13.6697		6.13817e-05		203.983		14.8988		10.4664		16.5671
81		37.2679		4.46968		31.7765		17.9761		13.7768		2.57482e-06		213.078		15.0963		10.6266		16.6802
82		37.9424		4.56379		32.3015		18.3011		14.0196		1.88197e-06		206.525		15.3402		10.7764		16.9613
83		37.7536		4.57441		32.1766		18.2448		13.9117		0.183214		216.476		15.341		10.7666		16.8356
84		37.9264		4.56909		32.313		18.3158		13.9864		0.0513574		110.507		15.4007		10.8316		16.9123
85		38.4034		4.75577		32.7375		18.6272		14.0844		1.54985		134.862		15.7479		10.9921		16.9896
86		38.315		4.67387		32.6238		18.528		14.0898		0.764867		165.423		15.6113		10.9374		17.0126
87		37.8612		4.55787		32.2738		18.2861		13.9819		1.51711e-05		159.136		15.362		10.8042		16.9117
88		37.5403		4.50384		31.974		18.1096		13.8688		1.85785e-06		218.077		15.1917		10.6878		16.7823
89		37.1178		4.46656		31.612		17.8927		13.7046		1.83896e-06		215.5		15.0094		10.5428		16.6027
90		38.1676		4.58851		32.4591		18.3846		14.0875		1.4208e-10		209.888		15.3863		10.7978		17.0728
91		37.468		4.52854		31.845		18.0522		13.8108		0.000266619		221.557		15.1376		10.6091		16.7073
92		37.6792		4.56636		32.1007		18.1822		13.8915		3.15912e-09		129.854		15.2559		10.6895		16.8448
93		38.5187		4.72653		32.8367		18.6815		14.1526		1.03649		152.648		15.7918		11.0653		17.0449
94		38.7019		4.7802		33.0311		18.7751		14.2214		0.972452		153.522		15.8724		11.0921		17.1587
95		37.0016		4.44129		31.5032		17.8184		13.6677		0.000110632		214.001		14.9319		10.4906		16.5713
96		38.198		4.7135		32.5692		18.5215		14.0185		1.233		143.13		15.6559		10.9424		16.9132
97		39.1556		4.85401		33.4108		19.0021		14.367		1.2404		145.495		16.0686		11.2146		17.3422
98		38.1839		4.63988		32.5303		18.458		14.0761		0.274544		218.3		15.528		10.8881		17.0023
99		37.7906		4.56693		32.1754		18.2278		13.9218		0.193395		217.138		15.3015		10.7346		16.8739
100		37.9524		4.60836		32.3596		18.3523		14.0075		0.173672		216.615		15.4414		10.8331		16.9181
101		37.4597		4.48625		31.894		18.0501		13.8626		2.43738e-05		214.136		15.1213		10.6351		16.7726
102		37.9475		4.59041		32.3552		18.3362		13.9932		0.193442		220.242		15.4262		10.8358		16.929
103		37.328		4.47832		31.7843		18.0017		13.8012		1.74615e-06		218.475		15.0861		10.6078		16.6982
104		37.9653		4.59358		32.3467		18.3358		13.9856		0.0272161		143.253		15.4225		10.8289		16.9243
105		37.2298		4.49691		31.7461		17.9726		13.745		0.00235637		147.546		15.0817		10.5848		16.6644
106		38.4247		4.69373		32.7396		18.5826		14.124		0.667676		175.308		15.6406		10.9468		17.099
107		37.9937		4.66229		32.3621		18.3745		13.9509		0.704407		168.947		15.4802		10.8179		16.882
108		38.0918		4.59279		32.4275		18.3778		14.0468		0.131412		189.229		15.4499		10.8572		16.9775
109		38.0918		4.59279		32.4275		18.3778		14.0468		0.131412		189.229		15.4499		10.8572		16.9775
110		38.0918		4.59279		32.4275		18.3778		14.0468		0.131412		189.229		15.4499		10.8572		16.9775
111		38.0918		4.59279		32.4275		18.3778		14.0468		0.131412		189.229		15.4499		10.8572		16.9775
112		38.0918		4.59279		32.4275		18.3778		14.0468		0.131412		189.229		15.4499		10.8572		16.9775
113		38.8567		4.78632		33.161		18.8424		14.2603		1.34889		141.226		15.9126		11.1263		17.2484
114		37.6141		4.56251		32.0541		18.171		13.8649		0.236448		218.468		15.2737		10.7112		16.7804
115		37.016		4.46425		31.502		17.8542		13.6397		0.0945991		159.848		14.9996		10.5353		16.5024
116		38.2769		4.67618		32.6514		18.5252		14.0996		0.384023		207.603		15.5887		10.9125		17.0627
117		38.3655		4.66029		32.6898		18.5316		14.1274		0.231236		218.84		15.596		10.9357		17.0938
118		37.1028		4.49492		31.6273		17.9196		13.6691		0.0645125		121.438		15.0675		10.5726		16.5598
119		38.5698		4.74167		32.8575		18.6663		14.2212		0.500302		193.76		15.6831		10.9414		17.1744
120		38.2153		4.70615		32.6073		18.5351		14.034		0.770656		166.454		15.667		10.9608		16.9403
121		37.7993		4.53079		32.1596		18.2104		13.9715		1.94787e-07		215.408		15.2676		10.7368		16.8919
122		38.426		4.70281		32.7697		18.6104		14.154		0.748048		169.038		15.6807		10.9779		17.089
123		37.008		4.4528		31.5272		17.8363		13.6719		4.73532e-05		208.12		14.9399		10.4871		16.5873
124		37.5785		4.47042		31.9975		18.0913		13.9001		1.66489e-06		215.791		15.1576		10.6872		16.8398
125		37.3121		4.51869		31.7846		18.0012		13.7556		0.00100905		117.009		15.1122		10.5935		16.6724
126		37.7478		4.57647		32.1858		18.2531		13.9373		0.00012564		177.027		15.3398		10.7633		16.846
127		37.2239		4.47957		31.7097		17.9683		13.758		8.89353e-07		173.248		15.0871		10.6076		16.6226
128		38.3851		4.64562		32.6897		18.5444		14.1494		0.287638		216.264		15.587		10.9414		17.1027
129		37.7372		4.60156		32.1958		18.2749		13.9062		0.342379		208.967		15.3941		10.7926		16.8016
130		38.105		4.65587		32.4193		18.4231		14.0349		0.612676		175.85		15.5003		10.8444		16.9191
131		37.5296		4.53637		31.9525		18.1154		13.8551		9.84917e-05		217.981		15.2022		10.6658		16.7503
132		37.9089		4.5967		32.3317		18.3286		13.9818		0.189476		219.474		15.3985		10.8018		16.9332
133		37.1462		4.46603		31.6095		17.9134		13.7153		1.00746e-06		186.673		15.0296		10.5636		16.5799
134		37.777		4.60109		32.1955		18.2499		13.9134		0.296749		213.598		15.3252		10.7241		16.8703
135		38.4024		4.6406		32.6811		18.5175		14.1593		9.40453e-05		119.284		15.5452		10.9046		17.1359
136		38.75		4.73768		33.0107		18.7465		14.2621		0.738869		170.781		15.8047		11.067		17.206
137		37.8		4.57986		32.2086		18.2619		13.9296		0.227153		218.872		15.3538		10.774		16.8547
138		37.3062		4.46712		31.7792		17.9681		13.7996		1.09618e-05		205.235		15.0321		10.565		16.7471
139		36.9809		4.46631		31.4773		17.8423		13.6306		0.290526		214.666		14.9896		10.5233		16.4877
140		37.9518		4.61211		32.2995		18.3252		14.0013		0.0004734		131.79		15.3795		10.7674		16.92
141		37.9705		4.59533		32.3416		18.3271		13.9913		0.0539398		109.828		15.3922		10.7969		16.9494
142		37.9706		4.57481		32.3194		18.303		14.0012		1.95604e-05		143.729		15.36		10.7851		16.9594
143		37.8981		4.60565		32.333		18.3213		13.9609		0.298993		216.513		15.4024		10.7967		16.9306
144		38.5899		4.71073		32.8934		18.6801		14.2005		0.631616		178.068		15.7556		11.0448		17.1379
145		38.0758		4.59525		32.4688		18.3907		14.0443		0.113237		183.667		15.4664		10.8711		17.0024
146		37.9913		4.59212		32.3695		18.3361		13.9982		0.0590401		217.1		15.402		10.8098		16.9675
147		38.2057		4.68565		32.5553		18.4748		14.0449		0.730062		169.359		15.5532		10.8675		17.0021
148		37.8306		4.54237		32.2215		18.2428		13.9473		3.70956e-06		121.612		15.3046		10.7623		16.9169
149		38.0368		4.65188		32.3937		18.4096		14.0051		0.427608		195.977		15.5261		10.8743		16.8675
150		37.2564		4.45686		31.731		17.9431		13.7732		3.55723e-06		212.999		15.0361		10.5792		16.695
151		37.3771		4.45888		31.8304		17.9938		13.833		6.45314e-07		206.245		15.053		10.5941		16.7774
152		37.4484		4.48126		31.9209		18.0464		13.8283		2.04475e-05		184.165		15.1261		10.6448		16.7948
153		37.6543		4.56452		32.0741		18.1665		13.8798		0.0086017		120.584		15.2373		10.6728		16.8367
154		37.4477		4.47978		31.8803		18.051		13.8493		9.05605e-08		205.422		15.129		10.6492		16.7513
155		37.1883		4.48424		31.6471		17.9305		13.7272		3.4006e-05		223.984		15.0495		10.5652		16.5976
156		38.0934		4.66184		32.4878		18.4331		13.9942		0.775052		165.893		15.5361		10.8743		16.9516
157		37.357		4.46296		31.7513		17.965		13.8091		3.92655e-05		205.926		15.0359		10.5729		16.7154
158		37.551		4.55835		32.017		18.14		13.8386		0.284997		213.582		15.2416		10.6832		16.7754
159		38.621		4.75442		32.9467		18.7105		14.1728		1.12353		149.178		15.8111		11.0567		17.1356
160		38.0697		4.60184		32.4385		18.3677		14.0118		0.096183		140.916		15.4282		10.8263		17.0103
161		38.4145		4.66538		32.7265		18.55		14.1342		0.233273		219.865		15.5826		10.9172		17.1439
162		37.7029		4.55736		32.1019		18.1926		13.9106		5.48486e-05		174.205		15.2755		10.7181		16.8264
163		37.7497		4.5788		32.1563		18.2371		13.9072		0.531474		183.704		15.3398		10.761		16.8165
164		36.8624		4.40373		31.3639		17.7484		13.6418		5.5102e-05		187.119		14.8638		10.4601		16.5001
165		38.3826		4.71204		32.7358		18.5813		14.1199		0.730925		170.726		15.6439		10.9319		17.0919
166		37.558		4.49354		32.0036		18.1065		13.8879		5.99254e-07		208.306		15.1732		10.6797		16.8304
167		37.5302		4.46949		31.9476		18.0654		13.8696		8.07616e-06		216.99		15.1228		10.6533		16.8247
168		38.1406		4.62433		32.4511		18.4087		14.057		0.000159869		175.099		15.4816		10.8573		16.9695
169		37.9401		4.65266		32.3603		18.3801		13.9589		0.448989		194.742		15.485		10.8324		16.8753
170		38.5208		4.6996		32.8059		18.6173		14.1801		0.248286		220.776		15.6595		10.9599		17.1464
171		37.1761		4.49739		31.6941		17.9487		13.7169		2.63277e-05		122.376		15.0594		10.562		16.6347
172		38.997		4.79932		33.2535		18.9107		14.3219		1.05385		152.812		15.9747		11.1754		17.2788
173		38.4052		4.73997		32.7696		18.6169		14.0889		1.22702		145.169		15.7291		10.9891		17.0405
174		37.1024		4.46688		31.6349		17.9054		13.7185		1.05231e-06		216.143		15.0063		10.5394		16.6286
175		37.3869		4.49728		31.8699		18.0274		13.8048		0.000167075		222.764		15.1372		10.64		16.7327
176		37.3343		4.48107		31.7516		17.9708		13.8052		1.52876e-06		218.78		15.0335		10.5525		16.7181
177		37.9417		4.54473		32.2911		18.286		14.0158		4.16565e-05		219.781		15.337		10.7923		16.9541
178		37.2909		4.49581		31.7704		17.9973		13.7516		0.000294954		175.07		15.1404		10.6446		16.63
179		38.3321		4.65403		32.6439		18.5242		14.1337		0.493286		189.293		15.5907		10.9367		17.0532
180		37.0606		4.43152		31.5612		17.8469		13.7193		3.3458e-09		211.37		14.935		10.5034		16.6263
181		37.2709		4.48494		31.7527		17.968		13.7723		0.000242309		218.842		15.05		10.5651		16.7027
182		37.9344		4.61423		32.3073		18.3246		13.9661		0.416247		198.387		15.4042		10.79		16.9031
183		37.6298		4.52536		32.0615		18.149		13.911		8.32354e-06		218.871		15.2163		10.6909		16.8452
184		38.2063		4.62144		32.5523		18.4469		14.0784		0.270439		217.291		15.5057		10.8842		17.0466
185		38.1209		4.61588		32.4685		18.4108		14.0646		0.173012		213.679		15.4572		10.8414		17.0112
186		38.1339		4.66687		32.5244		18.4665		14.0198		1.01975		150.822		15.569		10.9021		16.9554
187		38.0317		4.6429		32.425		18.4094		14.0047		0.552167		183.601		15.5111		10.8682		16.9139
188		38.1565		4.59604		32.5067		18.4076		14.0655		0.121519		188.4		15.4787		10.8826		17.028
189		38.4063		4.69369		32.7225		18.5805		14.1313		0.580375		182.849		15.6392		10.9455		17.0833
190		37.1521		4.46841		31.6571		17.9177		13.7323		3.89755e-06		213.302		15.0157		10.5473		16.6414
191		36.6888		4.33889		31.2066		17.6283		13.5949		2.11721e-07		173.272		14.7168		10.3779		16.4898
192		38.167		4.65304		32.5677		18.4604		14.0687		0.37484		207.502		15.5116		10.8586		17.0561
193		37.2428		4.51766		31.7346		17.9941		13.7301		0.000117227		128.241		15.1173		10.5997		16.6173
194		38.1536		4.66209		32.5551		18.4781		14.0365		0.700192		171.903		15.576		10.9139		16.9792
195		38.0366		4.63081		32.4238		18.4012		13.9979		0.705881		170.015		15.5117		10.8809		16.9121
196		37.8035		4.57842		32.2057		18.2454		13.9519		2.53359e-05		112.822		15.3115		10.7331		16.8942
197		37.6199		4.5158		32.0623		18.1476		13.8826		0.000487684		196.579		15.2433		10.7275		16.819
198		38.4872		4.65495		32.7548		18.5678		14.1776		0.00199273		206.137		15.5846		10.9297		17.1701
199		37.7058		4.49887		32.0955		18.1391		13.9408		8.12766e-07		206.786		15.1835		10.6846		16.912
200		36.9583		4.39653		31.3695		17.7606		13.6605		1.12229e-06		194.602		14.8705		10.4739		16.499
201		37.8121		4.5505		32.1969		18.2277		13.9518		9.72079e-06		176.631		15.2967		10.7462		16.9002
202		37.6148		4.56875		32.0666		18.1864		13.8495		0.326421		211.813		15.2947		10.726		16.7719
203		37.953		4.58831		32.3547		18.3308		13.9974		0.0479285		111.839		15.4107		10.8224		16.9441
204		37.9787		4.59319		32.3383		18.3167		14.0272		2.71554e-07		216.744		15.3586		10.7654		16.9797
205		38.2718		4.63575		32.6124		18.4715		14.1172		0.0639288		116.913		15.5006		10.8648		17.1119
206		37.2967		4.49285		31.7847		17.998		13.7848		0.00359895		147.893		15.0928		10.5999		16.6919
207		37.7293		4.51729		32.1148		18.165		13.9376		1.30525e-09		218.325		15.2239		10.7066		16.8909
208		36.8309		4.41098		31.3498		17.7385		13.6147		5.98609e-05		202.42		14.8642		10.4533		16.4855
209		37.8103		4.61061		32.2479		18.2952		13.918		0.249185		218.934		15.4011		10.7905		16.8468
210		37.2541		4.52224		31.7408		18.0091		13.7443		2.71996e-05		119.861		15.138		10.6158		16.6027
211		37.84		4.53472		32.2139		18.2252		13.994		4.10681e-05		218.768		15.2719		10.7371		16.9421
212		38.1546		4.65051		32.4848		18.442		14.0338		0.868465		159.183		15.5213		10.8708		16.9635
213		36.9579		4.47583		31.5133		17.8438		13.6519		0.000124933		214.57		14.9673		10.4914		16.5461
214		37.8073		4.58836		32.1843		18.2652		13.9459		0.130305		193.682		15.3688		10.7805		16.8154
215		37.893		4.62384		32.3237		18.3392		13.9612		0.569025		181.126		15.4461		10.8223		16.8776
216		38.8943		4.76324		33.157		18.8214		14.2955		0.893983		161.078		15.8735		11.1102		17.2835
217		38.4359		4.71335		32.775		18.6047		14.1493		0.617845		177.632		15.6767		10.9634		17.0982
218		38.5297		4.78485		32.8602		18.705		14.1227		1.49625		136.709		15.832		11.0471		17.0282
219		37.0765		4.46634		31.5896		17.8866		13.7022		4.60225e-07		218.592		15.0043		10.538		16.5853
220		37.502		4.53872		31.9775		18.1158		13.8435		0.000181113		195.503		15.2029		10.6642		16.7746
221		36.7331		4.42933		31.2591		17.6993		13.5406		8.01359e-06		190.441		14.8446		10.4153		16.4145
222		37.5169		4.50151		31.963		18.1		13.8516		1.79922e-05		146.092		15.1969		10.6953		16.7661
223		38.8279		4.77389		33.1198		18.8257		14.243		1.33946		141.562		15.9129		11.139		17.2069
224		37.8278		4.60276		32.2699		18.2878		13.9464		0.0501411		110.52		15.369		10.7663		16.9009
225		37.3509		4.53371		31.8735		18.069		13.7963		2.9773e-05		211.818		15.1914		10.6577		16.6822
226		37.818		4.55291		32.2153		18.2411		13.9796		9.69184e-05		217.888		15.2871		10.7342		16.9282
227		37.9553		4.56495		32.3517		18.3241		14.0174		0.000281144		124.926		15.3904		10.8254		16.9613
228		37.9235		4.55976		32.3569		18.3065		13.9942		0.000101828		196.946		15.3761		10.8164		16.9807
229		36.9477		4.36408		31.3592		17.7188		13.6825		2.37221e-07		172.932		14.7758		10.4117		16.5834
230		37.1201		4.46496		31.6392		17.9134		13.7162		1.53987e-05		211.092		15.0432		10.5783		16.5959
231		38.509		4.72886		32.8094		18.6334		14.1639		0.750957		167.456		15.6984		10.9696		17.1109
232		37.4207		4.53476		31.8822		18.0606		13.7861		0.143872		204.322		15.1723		10.6375		16.71
233		37.6768		4.56229		32.1358		18.1997		13.8878		0.00026994		123.374		15.309		10.7467		16.8268
234		37.5306		4.59971		31.9819		18.1686		13.8071		0.76686		162.333		15.3017		10.702		16.6802
235		37.9379		4.64009		32.3274		18.3542		13.9648		0.363533		206.526		15.446		10.8059		16.8814
236		37.7879		4.56688		32.2093		18.2329		13.9471		8.90667e-07		190.046		15.278		10.7112		16.9313
237		39.0336		4.88172		33.3895		18.9898		14.3119		1.49721		136.664		16.0697		11.188		17.3198
238		38.0121		4.60201		32.3566		18.3622		14.014		3.34517e-05		160.474		15.442		10.84		16.9146
239		37.9176		4.57282		32.2968		18.3017		13.9757		0.00124707		172.582		15.3821		10.8093		16.9147
240		37.5823		4.56285		32.0602		18.1527		13.8509		0.000738363		173.279		15.2603		10.6975		16.7998
241		37.4066		4.49217		31.8689		18.0407		13.8346		1.88118e-05		215.779		15.1237		10.6315		16.7452
242		38.1292		4.63176		32.5286		18.4355		14.063		0.0166736		150.255		15.4977		10.866		17.0309
243		38.5896		4.74762		32.8929		18.6844		14.1801		0.969226		155.606		15.7579		11.0103		17.135
244		37.6946		4.57567		32.1042		18.2025		13.8717		0.167982		210.299		15.3153		10.7396		16.7889
245		38.0303		4.62848		32.3763		18.3632		13.9976		0.315959		211.092		15.4487		10.8202		16.9276
246		37.255		4.48144		31.7031		17.9693		13.7658		9.91315e-07		219.991		15.0802		10.5987		16.6229
247		37.8221		4.58203		32.2009		18.2539		13.9283		8.08937e-06		173.398		15.3323		10.7502		16.8686
248		37.8718		4.53767		32.2173		18.2353		13.9758		6.74636e-07		218.195		15.2802		10.7426		16.9371
249		38.4059		4.70186		32.7231		18.5892		14.1366		0.69405		172.691		15.6602		10.9583		17.0629
250		37.7512		4.58269		32.1542		18.2454		13.9002		0.000938714		155.073		15.3528		10.7702		16.8014
251		37.6653		4.58629		32.0916		18.2121		13.9036		0.0675013		124.641		15.3083		10.722		16.7833
252		38.2559		4.69461		32.6204		18.5105		14.0716		0.506239		190.15		15.5866		10.8919		17.0338
253		38.346		4.69922		32.7297		18.5769		14.1298		0.714989		173.002		15.6353		10.9361		17.0944
254		38.034		4.58542		32.4315		18.3636		14.0309		1.42799e-06		177.454		15.4217		10.8363		17.0098
255		38.2431		4.63809		32.5868		18.482		14.0956		0.180978		219.732		15.5499		10.9118		17.0369
256		38.1451		4.65356		32.5087		18.4547		14.0336		0.484265		190.115		15.5416		10.8881		16.9671
257		37.4333		4.50344		31.908		18.0564		13.8436		8.28572e-06		218.296		15.1261		10.6227		16.7819
258		37.2992		4.45933		31.7526		17.9655		13.7918		0.000116617		203.262		15.0445		10.5852		16.708
259		37.7713		4.53333		32.1727		18.1861		13.9711		1.82548e-07		207.952		15.2112		10.6779		16.9616
260		38.4862		4.66948		32.7863		18.5945		14.1553		0.339716		210.435		15.6571		10.9877		17.1291
261		37.3659		4.49585		31.8249		18.0247		13.8287		1.2373e-06		220.277		15.0962		10.6004		16.7287
262		37.5695		4.50596		31.9693		18.1078		13.8654		3.60056e-05		164.359		15.1983		10.6923		16.771
263		37.2008		4.49832		31.6903		17.9511		13.6953		0.000662721		219.364		15.0925		10.5942		16.5979
264		38.6686		4.70273		32.9575		18.6954		14.2204		0.583514		183.198		15.7499		11.0471		17.2077
265		37.2882		4.51621		31.8207		18.0128		13.7811		0.000157945		183.999		15.1128		10.5966		16.7079
266		38.518		4.73962		32.823		18.6755		14.1412		1.40073		139.136		15.7766		11.037		17.0465
267		37.5328		4.52479		31.9778		18.1222		13.858		3.06134e-05		151.183		15.2087		10.6839		16.7691
268		37.5831		4.4787		32.0172		18.0901		13.8963		1.31121e-05		205.886		15.1364		10.6577		16.8808
269		38.321		4.6697		32.6884		18.5361		14.1172		0.303639		214.64		15.6035		10.9338		17.0849
270		37.8586		4.55744		32.2209		18.2556		13.9643		0.000112832		212.76		15.3232		10.7657		16.8977
271		37.6737		4.48325		32.0545		18.1373		13.9392		4.39735e-06		198.123		15.19		10.7067		16.8645
272		37.7341		4.61317		32.1874		18.2695		13.8741		0.768573		163.978		15.4159		10.8027		16.7715
273		37.6069		4.57874		32.0389		18.1677		13.8582		0.148369		204.625		15.2652		10.6864		16.7737
274		37.758		4.59784		32.1608		18.2536		13.9091		0.404395		199.102		15.3586		10.7608		16.8022
275		37.2072		4.40969		31.6622		17.8707		13.7661		2.03205e-06		191.173		14.9232		10.5135		16.739
276		37.6223		4.55485		32.0436		18.1585		13.8693		2.80191e-05		160.454		15.2689		10.7141		16.7746
277		38.1136		4.65683		32.4842		18.4336		14.0247		0.434353		197.798		15.5185		10.8617		16.9657
278		37.8187		4.54588		32.2276		18.2491		13.9579		0.0240376		157.607		15.3348		10.7889		16.8928
279		36.7462		4.40343		31.2791		17.6973		13.5925		2.38306e-06		203.16		14.8199		10.4165		16.4592
280		37.4651		4.60063		31.9336		18.1255		13.7626		0.797383		159.924		15.2648		10.6642		16.6687
281		38.1889		4.65684		32.5648		18.4513		14.0876		0.257414		220.704		15.4767		10.8198		17.0881
282		37.812		4.56982		32.1776		18.2356		13.9652		1.70261e-06		175.81		15.2963		10.7265		16.8813
283		37.4873		4.4797		31.9039		18.0541		13.8571		6.04129e-06		210.105		15.1289		10.6492		16.7751
284		37.5956		4.59893		32.0695		18.1966		13.8298		0.421369		197.3		15.3309		10.732		16.7385
285		37.7458		4.61268		32.1503		18.2301		13.8803		0.545475		182.21		15.3248		10.7121		16.8255
286		37.0719		4.45284		31.5596		17.8641		13.71		1.46804e-05		207.435		14.9556		10.5028		16.6039
287		38.0645		4.61761		32.3923		18.3729		14.0154		0.503605		189.611		15.4367		10.8191		16.9555
288		37.9517		4.61509		32.3648		18.3299		13.98		0.181793		217.734		15.3877		10.7726		16.9771
289		37.0705		4.44395		31.5367		17.8396		13.6847		8.63081e-07		213.737		14.9455		10.5016		16.5912
290		37.1205		4.44807		31.5941		17.8932		13.7169		1.65908e-06		207.456		15.0096		10.5615		16.5845
291		37.3374		4.44974		31.7506		17.9518		13.8004		1.78226e-05		199.816		15.0307		10.581		16.7199
292		37.4375		4.49348		31.9388		18.0683		13.8244		7.22917e-05		213.25		15.1601		10.6666		16.7787
293		37.0769		4.47331		31.5865		17.9044		13.6692		0.0255052		146.917		15.0514		10.5781		16.5351
294		38.4651		4.73007		32.7757		18.6226		14.1288		0.882528		160.147		15.7036		10.9735		17.0721
295		38.2135		4.64855		32.5885		18.4816		14.0726		0.554235		184.555		15.5426		10.894		17.0459
296		37.2763		4.46561		31.7519		17.9665		13.7907		2.39825e-06		216.859		15.0427		10.5771		16.7092
297		38.2959		4.63509		32.649		18.505		14.12		0.433655		200.019		15.5526		10.9175		17.0965
298		37.6986		4.5584		32.0949		18.1973		13.8838		0.214709		217.909		15.2987		10.7403		16.7962
299		38.0293		4.5786		32.3952		18.3386		14.0469		0.000121852		203.776		15.3822		10.8036		17.013
300		37.09		4.49136		31.6496		17.9353		13.6827		0.28743		211.215		15.0753		10.5839		16.5744
301		37.7861		4.58057		32.2241		18.2636		13.9272		3.57347e-05		180.273		15.3575		10.7769		16.8667
302		36.7318		4.41728		31.3362		17.7189		13.568		2.3095e-05		215.168		14.8514		10.4341		16.4848
303		37.1571		4.48165		31.6135		17.8995		13.7015		1.79879e-05		215.127		15.0224		10.5408		16.591
304		37.4477		4.51352		31.9194		18.0873		13.8265		0.00148877		218.7		15.1828		10.6693		16.7366
305		38.099		4.66721		32.4707		18.4332		14.025		0.42353		199.805		15.5106		10.8434		16.9601
306		38.3194		4.68182		32.6489		18.542		14.1182		0.467359		195.104		15.6043		10.9225		17.0446
307		37.9515		4.59813		32.3297		18.3204		13.9798		0.0216402		146.949		15.4004		10.8023		16.9292
308		36.7962		4.38723		31.3183		17.7107		13.6211		1.66383e-06		195.989		14.8341		10.4469		16.4842
309		37.8957		4.5106		32.291		18.2587		14.0141		2.5266e-05		218.797		15.3025		10.7919		16.9884
310		38.1445		4.63437		32.4959		18.4214		14.0646		0.000504058		127.116		15.4717		10.8373		17.0242
311		37.5629		4.5584		32.0277		18.1452		13.8627		0.000867832		191.05		15.2279		10.6695		16.7998
312		36.8953		4.4446		31.4433		17.7998		13.6622		1.52493e-08		216.646		14.9059		10.4613		16.5374
313		37.7527		4.52897		32.1625		18.2008		13.9776		9.21525e-06		212.199		15.2532		10.7242		16.9093
314		37.5554		4.52303		31.9904		18.1172		13.8583		0.0307345		131.668		15.2009		10.6779		16.7895
315		38.0337		4.58174		32.4219		18.375		14.045		0.00190219		165.21		15.4499		10.8682		16.972
316		37.4943		4.59194		31.949		18.1562		13.7949		0.660687		171.201		15.3145		10.7226		16.6345
317		37.5226		4.54907		31.9818		18.1173		13.8295		0.0271205		136.314		15.2169		10.6678		16.7649
318		38.0573		4.59559		32.4195		18.367		14.0492		0.000163039		169.002		15.4243		10.8287		16.9953
319		37.4771		4.50389		31.9179		18.0698		13.8115		1.0565e-05		109.826		15.178		10.6741		16.7399
320		37.6339		4.5302		32.0517		18.147		13.8825		1.6076e-06		216.282		15.222		10.6917		16.8298
321		37.874		4.63003		32.2884		18.3323		13.9336		0.899877		156.115		15.4659		10.8358		16.8225
322		37.8207		4.57403		32.2332		18.2634		13.9652		6.52719e-05		188.327		15.3153		10.7412		16.918
323		37.4395		4.5032		31.8715		18.0353		13.8182		2.30112e-07		217.979		15.1287		10.6255		16.7428
324		36.9217		4.4068		31.4347		17.7814		13.6561		1.00077e-09		200.463		14.9041		10.4973		16.5306
325		37.7378		4.61574		32.1888		18.2724		13.8876		0.673512		171.818		15.3877		10.7719		16.8012
326		37.6958		4.52521		32.1206		18.1796		13.9423		1.18458e-06		209.922		15.2418		10.7166		16.8789
327		37.1396		4.48699		31.66		17.9442		13.6995		0.00165657		123.084		15.0832		10.5963		16.5768
328		37.5822		4.59101		32.0426		18.189		13.8189		0.490212		187.252		15.3426		10.7516		16.6999
329		38.0417		4.61594		32.4334		18.3839		14.0316		0.00732458		191.105		15.4528		10.8369		16.9806
330		38.2077		4.67253		32.5523		18.4622		14.0594		0.564412		183.715		15.5174		10.8448		17.035
331		38.3001		4.67777		32.6849		18.5364		14.099		0.565598		184.658		15.6104		10.9326		17.0745
332		37.2223		4.51059		31.6975		17.9714		13.7395		2.56261e-05		218.994		15.0874		10.5768		16.6101
333		37.3175		4.516		31.8371		18.0319		13.7591		0.0761773		109.909		15.1577		10.6417		16.6794
334		38.3351		4.65952		32.6628		18.5174		14.115		0.505536		190.761		15.553		10.8935		17.1097
335		38.4118		4.68878		32.78		18.5993		14.1411		0.822361		164.001		15.6707		10.9819		17.1093
336		37.5991		4.54437		32.0181		18.1425		13.8849		6.78418e-06		217.592		15.2218		10.6774		16.7963
337		37.7605		4.52077		32.1569		18.1784		13.9662		2.06556e-08		205.579		15.2206		10.6998		16.9363
338		37.6874		4.53984		32.1419		18.1937		13.906		0.115885		183.873		15.271		10.7312		16.871
339		37.894		4.59255		32.3137		18.305		13.9842		0.00158463		179.569		15.3848		10.7922		16.9289
340		37.377		4.5725		31.8647		18.093		13.7432		0.719062		164.606		15.2494		10.6769		16.6153
341		37.5567		4.57087		32.0254		18.1662		13.8316		0.46966		190.421		15.2859		10.715		16.7395
342		37.9651		4.60142		32.3316		18.3339		14.003		0.190543		216.166		15.3996		10.7982		16.932
343		37.8762		4.59327		32.3023		18.3036		13.9776		1.01072e-05		117.97		15.3744		10.7812		16.9279
344		37.9556		4.57457		32.3191		18.3035		14.0019		0.0468296		110.816		15.3776		10.8031		16.9415
345		37.4313		4.4872		31.8866		18.0341		13.8291		1.5966e-06		213.879		15.1264		10.6392		16.7602
346		37.9765		4.59058		32.3703		18.3313		14.0247		0.000179173		213.356		15.3776		10.787		16.9927
347		37.5827		4.52976		32.0495		18.1461		13.8675		0.00550912		188.919		15.2326		10.7029		16.8169
348		38.4196		4.69887		32.7959		18.5982		14.14		0.55587		186.725		15.6561		10.9573		17.1398
349		38.1118		4.59539		32.4612		18.3929		14.0582		0.11275		177.809		15.4442		10.8488		17.017
350		38.074		4.63766		32.476		18.4127		14.0177		0.464083		194.282		15.4874		10.8498		16.9886
351		37.717		4.55951		32.1373		18.1994		13.9155		0.000315614		216.472		15.2573		10.6978		16.88
352		38.1529		4.6962		32.5317		18.4982		14.0122		1.16212		145.442		15.6344		10.9382		16.8973
353		38.3999		4.6612		32.7072		18.5609		14.1478		0.447395		197.613		15.6226		10.9614		17.0846
354		36.9993		4.34614		31.4482		17.7494		13.7235		1.78674e-08		177.893		14.8197		10.4735		16.6285
355		37.4368		4.47882		31.8369		18.0068		13.8318		1.98394e-05		206.851		15.0632		10.5844		16.7737
356		38.3465		4.66285		32.6946		18.5245		14.1079		0.00312012		170.736		15.5879		10.925		17.1067
357		37.8135		4.61238		32.2174		18.2908		13.9172		0.661624		171.918		15.3955		10.7831		16.8219
358		37.9878		4.58093		32.3594		18.3247		14.0112		0.19804		219.024		15.3724		10.7915		16.987
359		37.5594		4.5606		32.0024		18.1448		13.8574		8.41605e-06		177.425		15.2408		10.6802		16.7616
360		37.9855		4.60584		32.3822		18.3509		13.9987		0.15112		207.632		15.4343		10.8285		16.9479
361		37.6193		4.55045		32.0208		18.1517		13.8563		0.237067		217.674		15.2542		10.7038		16.7666
362		37.3757		4.51212		31.8684		18.0668		13.809		0.000268161		154.181		15.1739		10.6618		16.6946
363		37.5427		4.48369		31.9536		18.0794		13.8669		8.00844e-08		217.582		15.1648		10.6811		16.7888
364		38.3486		4.71001		32.6697		18.5723		14.083		0.868855		160.322		15.6958		10.9858		16.9739
365		36.1667		4.28652		30.7583		17.3724		13.3949		2.05216e-05		188.949		14.5107		10.2242		16.2477
366		37.4974		4.51685		31.9596		18.0804		13.8241		4.86909e-05		142.506		15.1769		10.66		16.7827
367		37.6829		4.53384		32.1118		18.1575		13.9214		1.53719e-06		221.966		15.1994		10.6656		16.9123
368		36.963		4.54373		31.5307		17.9094		13.5912		0.696143		164.177		15.0942		10.5504		16.4366
369		36.9983		4.44734		31.5153		17.8356		13.6769		0.000107595		214.964		14.9465		10.4992		16.5688
370		37.2211		4.44464		31.6881		17.9162		13.754		6.36337e-05		213.247		15.0078		10.5632		16.6803
371		37.8673		4.59154		32.2796		18.2879		13.9525		0.327827		211.065		15.3631		10.7715		16.9165
372		36.45		4.35321		31.0399		17.555		13.4893		1.1892e-09		191.507		14.6847		10.3315		16.3551
373		37.7979		4.53162		32.1798		18.2188		13.9721		1.17395e-07		215.32		15.2696		10.738		16.9103
374		37.7399		4.60699		32.1578		18.2577		13.8952		0.511818		186.214		15.3581		10.7511		16.7997
375		38.1488		4.67672		32.5275		18.4584		14.0151		0.776549		165.671		15.5596		10.8829		16.9679
376		36.5437		4.38471		31.1027		17.5889		13.5015		1.38391e-06		200.552		14.7299		10.3452		16.3728
377		37.329		4.43808		31.7355		17.9368		13.8062		5.59619e-06		193.256		15.0001		10.562		16.7354
378		37.1907		4.47766		31.6767		17.9448		13.7566		0.000200453		218.836		15.0381		10.5604		16.6386
379		36.9567		4.43475		31.4498		17.8104		13.6558		3.61209e-08		196.805		14.9227		10.488		16.5271
380		37.947		4.59761		32.3107		18.3105		13.9787		0.208185		218.997		15.3796		10.782		16.9312
381		38.0575		4.59043		32.4169		18.3626		14.0482		3.74936e-05		223.042		15.4007		10.8103		17.0162
382		37.3513		4.54133		31.8225		18.0561		13.7551		0.573776		177.734		15.2121		10.6708		16.6103
383		38.1932		4.66127		32.5797		18.4737		14.0507		0.515771		188.866		15.5406		10.8794		17.039
384		37.9717		4.60563		32.3574		18.3527		13.9847		0.571766		180.987		15.4348		10.8291		16.9227
385		37.8836		4.58343		32.2697		18.2855		13.9658		0.168704		212.582		15.3584		10.775		16.9113
386		37.9032		4.65033		32.3024		18.3569		13.9227		0.751261		165.379		15.4763		10.8259		16.8261
387		37.6924		4.56277		32.1148		18.2281		13.898		0.226065		219.824		15.3441		10.7813		16.7707
388		38.1651		4.63397		32.5161		18.4607		14.0494		0.411204		201.364		15.5553		10.9213		16.9608
389		37.3665		4.50363		31.8312		18.0127		13.7888		0.000106249		218.192		15.098		10.5943		16.7333
390		37.7633		4.51521		32.1661		18.168		13.9624		1.64297e-07		207.838		15.1934		10.6781		16.9727
391		38.0303		4.56593		32.3729		18.3161		14.0406		2.29215e-06		216.807		15.3431		10.7771		17.0298
392		37.8526		4.58859		32.2466		18.2835		13.9634		0.021625		169.98		15.3627		10.7741		16.8839
393		38.1561		4.64996		32.5704		18.463		14.0563		0.425828		200.529		15.5221		10.8721		17.0483
394		37.8546		4.59825		32.2714		18.3073		13.9425		0.190113		217.743		15.393		10.7947		16.8784
395		38.0915		4.56953		32.4304		18.3558		14.0371		0.000480582		174.989		15.3963		10.8267		17.0341
396		37.7059		4.5573		32.1245		18.2098		13.8994		0.194982		217.941		15.309		10.7517		16.8155
397		37.8507		4.63629		32.2129		18.317		13.9378		0.52795		185.227		15.4141		10.7778		16.7988
398		37.8211		4.60567		32.2501		18.2919		13.9229		0.759744		164.779		15.4007		10.795		16.8494
399		37.5184		4.4803		31.9481		18.0587		13.8697		2.12597e-07		210.832		15.1005		10.6202		16.8476
400		37.3218		4.55523		31.8188		18.0657		13.7356		0.650062		170.745		15.2359		10.6807		16.5829
401		36.195		4.3583		30.833		17.4617		13.3888		0.00011211		212.542		14.6349		10.2766		16.1982
402		37.4937		4.49338		31.9679		18.0612		13.8562		3.11832e-06		212.7		15.1222		10.6288		16.8457
403		38.5318		4.67659		32.8334		18.609		14.2111		0.148312		207.17		15.6206		10.944		17.2128
404		37.5688		4.48968		31.9949		18.0926		13.8886		1.33187e-07		218.655		15.1534		10.6637		16.8415
405		37.8582		4.56879		32.2669		18.2672		13.9811		1.01134e-05		151.02		15.3113		10.7425		16.9556
406		37.9084		4.61172		32.3479		18.3527		13.9787		0.340795		210.537		15.4567		10.845		16.8913
407		37.4983		4.56351		31.9561		18.1185		13.7873		0.600505		176.025		15.2576		10.6941		16.6984
408		37.1104		4.44316		31.6135		17.8823		13.7445		1.49403e-06		205.005		14.969		10.5259		16.6445
409		37.4935		4.53107		31.9323		18.107		13.8185		0.035381		125.325		15.2197		10.6886		16.7127
410		37.556		4.54527		32.019		18.1315		13.8562		0.000158762		161.133		15.2239		10.6786		16.7951
411		38.066		4.60303		32.4282		18.3734		14.0249		0.0906675		156.415		15.4276		10.8246		17.0006
412		37.364		4.47469		31.8216		18.0091		13.7906		5.7732e-05		219.995		15.1143		10.6396		16.7073
413		37.7032		4.58292		32.1564		18.2379		13.8961		0.117138		178.281		15.3487		10.7658		16.8077
414		38.4037		4.6207		32.7169		18.5285		14.1855		0.000100514		127.647		15.5476		10.9269		17.1692
415		37.2554		4.4573		31.7153		17.9122		13.7729		2.06706e-05		203.443		14.9737		10.5164		16.7416
416		37.5899		4.54628		32.0547		18.1587		13.8438		0.210913		218.735		15.2665		10.7203		16.7881
417		37.3511		4.52172		31.8547		18.0453		13.7787		0.000176597		112.641		15.1538		10.6321		16.7009
418		37.0715		4.44968		31.5694		17.8645		13.7097		2.04373e-06		207.964		14.9595		10.5099		16.6098
419		36.565		4.37676		31.1252		17.6093		13.5176		3.46509e-05		209.804		14.7423		10.3655		16.3829
420		37.7655		4.59908		32.1765		18.2604		13.9016		0.38319		203.164		15.3684		10.7694		16.808
421		38.0111		4.59044		32.3869		18.3388		14.025		0.000175569		119.861		15.3922		10.8017		16.9947
422		37.3586		4.47613		31.8068		17.999		13.8247		1.28548e-05		217.691		15.0625		10.5864		16.7443
423		37.9002		4.62153		32.3392		18.3348		13.9613		0.407701		199.823		15.4216		10.8001		16.9176
424		37.773		4.56215		32.1663		18.2135		13.9387		4.18287e-06		218.811		15.2925		10.7303		16.8738
425		38.5751		4.71732		32.881		18.6767		14.1935		0.589214		183.186		15.7612		11.0439		17.1198
426		38.1981		4.65969		32.5464		18.4643		14.0342		0.720209		169.325		15.5357		10.876		17.0107
427		37.5775		4.53128		32.0478		18.1344		13.8631		0.00556962		180.885		15.2286		10.6973		16.8192
428		37.7385		4.61661		32.1693		18.256		13.8855		0.576693		179.381		15.3748		10.7582		16.7945
429		37.8658		4.58701		32.2697		18.2916		13.9559		0.311002		212.721		15.3904		10.8033		16.8793
430		38.6028		4.73821		32.9059		18.7046		14.1908		1.14729		148.423		15.7852		11.047		17.1207
431		38.0428		4.61244		32.4425		18.3792		14.0232		0.219893		220.879		15.4477		10.8353		16.9948
432		38.2465		4.67324		32.5874		18.5064		14.0536		1.04102		150.726		15.6035		10.9302		16.9839
433		37.3318		4.48415		31.8349		18.0021		13.8009		2.82682e-06		215.688		15.1009		10.6167		16.734
434		37.2651		4.44073		31.7188		17.9356		13.7872		3.76107e-06		205.058		15.0184		10.5776		16.7005
435		37.0853		4.42377		31.5822		17.8585		13.712		2.03765e-06		216.968		14.9722		10.5484		16.61
436		38.1606		4.62436		32.5397		18.4362		14.0774		0.105592		173.741		15.4794		10.855		17.0603
437		37.31		4.5227		31.7991		18.0126		13.763		2.19847e-05		146.837		15.1109		10.5882		16.6882
438		37.648		4.56737		32.0985		18.1862		13.8652		0.363964		204.968		15.2852		10.7179		16.8133
439		38.5683		4.70819		32.8422		18.6484		14.1598		0.778453		167.706		15.7217		11.0135		17.1205
440		38.1944		4.7031		32.5877		18.5238		14.024		1.12921		147.327		15.6459		10.9427		16.9419
441		37.3219		4.48466		31.8258		17.9997		13.7968		0.000152072		216.145		15.0856		10.6009		16.7402
442		37.691		4.56184		32.1266		18.197		13.8878		0.0712555		124.404		15.2814		10.7195		16.8453
443		38.3161		4.64947		32.6456		18.5014		14.0957		0.721736		169.661		15.5541		10.9046		17.0915
444		37.6895		4.59141		32.1284		18.2229		13.8819		0.337782		207.359		15.3407		10.7493		16.7877
445		37.6458		4.53568		32.057		18.1504		13.8717		0.0494366		190.361		15.2462		10.7105		16.8108
446		38.6415		4.70248		32.9119		18.6751		14.2254		0.210352		224.224		15.7065		11.004		17.2054
447		37.967		4.59138		32.3509		18.3405		13.985		6.19735e-05		133.957		15.4144		10.823		16.9366
448		37.2708		4.47201		31.706		17.9558		13.7685		3.94387e-05		205.303		15.0594		10.5874		16.6466
449		37.2302		4.51542		31.7285		17.9851		13.7275		0.000567258		172.189		15.1248		10.6094		16.6036
450		37.4206		4.5123		31.9294		18.0813		13.8068		3.19717e-05		151.682		15.1958		10.6835		16.7336
451		37.7702		4.60265		32.1955		18.2567		13.9006		0.502762		187.966		15.3616		10.7589		16.8339
452		37.561		4.49258		31.9918		18.107		13.8896		1.17529e-05		221.296		15.1755		10.6829		16.8163
453		38.0359		4.61088		32.4319		18.3836		14.037		3.00437e-05		118.239		15.4571		10.8462		16.9748
454		37.5564		4.56175		32.0063		18.1443		13.8427		0.0353618		129.238		15.2461		10.6844		16.7601
455		38.3858		4.73472		32.7281		18.6127		14.0953		1.55404		134.744		15.7263		10.9916		17.0018
456		38.0807		4.62385		32.4535		18.409		14.0307		0.182869		216.296		15.4811		10.8573		16.9724
457		37.3128		4.44807		31.779		17.9394		13.8095		2.88239e-05		199.686		14.9918		10.5437		16.7872
458		36.4514		4.35729		31.0543		17.5529		13.4741		4.86704e-05		200.739		14.682		10.3247		16.3724
459		37.7793		4.57487		32.1919		18.2578		13.9269		0.49096		188.479		15.3626		10.7877		16.8293
460		38.047		4.57522		32.4217		18.366		14.0737		1.37724e-05		223.92		15.4046		10.8293		17.0172
461		37.8303		4.57643		32.2504		18.2784		13.9391		0.329865		208.646		15.3724		10.796		16.878
462		36.8093		4.45566		31.4005		17.8058		13.571		0.0471314		109.121		14.9873		10.5316		16.4132
463		37.7817		4.55087		32.2276		18.24		13.9366		0.0874881		141.524		15.324		10.7731		16.9036
464		37.1815		4.44401		31.6887		17.9305		13.7481		1.37756e-05		218.805		15.0339		10.5899		16.6548
465		37.7535		4.52318		32.1445		18.2026		13.9534		1.74905e-05		219.605		15.2768		10.7536		16.8678
466		37.46		4.52106		31.9024		18.0733		13.8217		0.000147754		115.822		15.1687		10.6476		16.7337
467		37.7456		4.52802		32.1589		18.1913		13.9582		3.64275e-06		216.808		15.2304		10.7024		16.9285
468		36.8361		4.40653		31.329		17.7439		13.6195		1.29507e-06		194.403		14.8742		10.4677		16.4548
469		36.7103		4.39462		31.2711		17.6999		13.5876		1.3677e-05		201.241		14.8242		10.4296		16.4469
470		38.0508		4.59188		32.4271		18.3765		14.0351		0.000190336		193.382		15.4347		10.8428		16.9925
471		39.2869		4.84511		33.451		19.0316		14.4003		1.48028		140.297		16.0803		11.2352		17.3707
472		37.045		4.41334		31.5501		17.8247		13.7067		4.51699e-07		200.89		14.9154		10.5021		16.6347
473		38.0462		4.61585		32.468		18.3859		14.0504		0.000413329		126.631		15.4275		10.8116		17.0405
474		37.868		4.60743		32.2705		18.3056		13.9392		0.516802		186.747		15.3972		10.7897		16.8733
475		38.1594		4.64111		32.5308		18.4461		14.0748		0.024979		150.429		15.5073		10.8661		17.0236
476		37.2309		4.47245		31.6944		17.9454		13.7684		3.56677e-05		204.902		15.0298		10.5574		16.6646
477		37.3586		4.57204		31.8257		18.0719		13.742		0.382102		200.062		15.2138		10.6417		16.612
478		37.9196		4.59798		32.3313		18.3278		13.9593		0.3496		207.936		15.4257		10.8277		16.9056
479		38.318		4.6899		32.6319		18.5382		14.0993		0.666219		174.872		15.6151		10.9252		17.0167
480		36.524		4.29503		31.0757		17.5395		13.5552		1.83388e-07		178.701		14.638		10.3429		16.4377
481		37.4702		4.51907		31.907		18.0843		13.8342		8.63812e-05		166.915		15.1901		10.671		16.7169
482		37.2909		4.51636		31.8202		18.0128		13.7541		8.74554e-05		138.34		15.1305		10.6142		16.6896
483		37.1022		4.44539		31.6202		17.8902		13.7162		2.77796e-06		214.727		15.0072		10.5618		16.613
484		37.0734		4.46618		31.5687		17.8745		13.706		5.75756e-07		201.355		14.978		10.5119		16.5906
485		37.2234		4.37524		31.6195		17.8414		13.7913		1.70802e-05		176.6		14.8781		10.5029		16.7414
486		38.1506		4.60777		32.4861		18.4057		14.0613		0.184431		218.751		15.4516		10.8439		17.0345
487		37.3992		4.51385		31.86		18.0455		13.7935		0.0006047		154.495		15.1606		10.6467		16.6994
488		38.2581		4.65162		32.6416		18.4898		14.0694		0.201652		221.83		15.5593		10.9077		17.0823
489		37.5937		4.56496		32.0153		18.1575		13.8654		0.000502764		218.206		15.2502		10.6852		16.7651
490		37.5894		4.55172		31.9969		18.141		13.8766		0.000248568		138.605		15.2156		10.6638		16.7814
491		38.1104		4.63564		32.4821		18.4134		14.0611		0.024715		151.001		15.4786		10.843		17.0035
492		38.2619		4.65203		32.6092		18.4945		14.0865		0.378032		207.096		15.5522		10.9002		17.057
493		36.8371		4.43075		31.4163		17.7789		13.6143		3.68263e-05		213.934		14.9076		10.4768		16.5087
494		37.4862		4.49872		31.9448		18.077		13.8524		3.00302e-06		210.562		15.164		10.6653		16.7808
495		38.1476		4.63264		32.5177		18.4317		14.0641		0.150753		201.008		15.5007		10.868		17.017
496		36.2335		4.27958		30.7909		17.404		13.4062		2.15858e-05		177.991		14.5488		10.2692		16.2421
497		38.3394		4.65342		32.6719		18.5268		14.1157		0.441013		199.422		15.5861		10.9326		17.0858
498		37.2502		4.52443		31.7301		18.0076		13.7443		0.0189988		174.355		15.1467		10.6222		16.5834
499		37.6574		4.56124		32.0983		18.1971		13.8876		0.121261		186.021		15.2816		10.7204		16.8167
500		37.0743		4.47597		31.5507		17.8864		13.6738		9.5289e-05		141.83		15.0147		10.5387		16.536
