1		37.5432		4.48298		32.0179		18.1079		13.8937		6.47472e-06		216.302		15.18		10.697		16.8378
2		37.0628		4.50502		31.5467		17.9103		13.652		0.14853		211.57		15.0681		10.5631		16.4786
3		37.4597		4.50188		31.8841		18.0504		13.841		9.30216e-06		218.605		15.1224		10.6205		16.7617
4		37.5914		4.5504		32.002		18.144		13.8735		0.00019828		169.798		15.2257		10.6753		16.7762
5		36.5351		4.36882		31.0584		17.5864		13.5036		1.45382e-06		214.767		14.7411		10.3722		16.3174
6		37.6646		4.54269		32.0945		18.173		13.904		0.000188276		122.755		15.2557		10.713		16.8388
7		37.7737		4.59928		32.2369		18.2905		13.9101		0.611512		178.594		15.4062		10.8069		16.8307
8		37.0015		4.46256		31.539		17.8643		13.6588		7.98875e-05		118.602		15.0043		10.5418		16.5346
9		36.555		4.33541		31.0474		17.5616		13.5198		2.40585e-12		180.29		14.6907		10.3553		16.3568
10		37.5094		4.61112		32.0272		18.188		13.8222		0.755387		166.167		15.3294		10.7183		16.6978
11		36.665		4.42338		31.1951		17.6945		13.5257		1.87297e-05		217.393		14.8851		10.4618		16.31
12		37.9233		4.56643		32.3071		18.3036		13.9958		0.209665		219.004		15.3628		10.7964		16.9443
13		37.493		4.52031		31.9612		18.0959		13.8298		0.000818254		112.161		15.1996		10.6793		16.7616
14		36.864		4.3718		31.3006		17.6868		13.648		2.72906e-05		181.794		14.7646		10.3928		16.5359
15		36.861		4.43089		31.3619		17.7548		13.6095		9.42764e-06		214.013		14.8809		10.45		16.481
16		37.2635		4.44202		31.6997		17.9174		13.7998		2.84497e-06		205.87		14.986		10.544		16.7137
17		37.8471		4.57863		32.2125		18.2598		13.9632		1.35989e-07		203.588		15.3283		10.7497		16.8842
18		37.1536		4.4693		31.6174		17.9025		13.688		1.09352e-06		206.842		15.0334		10.5641		16.584
19		37.8556		4.56362		32.2639		18.2722		13.9913		5.61889e-05		185.828		15.3292		10.7656		16.9347
20		37.4039		4.56833		31.896		18.0894		13.7593		0.734668		167.233		15.2453		10.677		16.6507
21		36.6634		4.40408		31.1568		17.6684		13.5487		1.23392e-08		208.538		14.8094		10.4053		16.3474
22		37.745		4.62624		32.2498		18.3075		13.8738		0.764589		166.878		15.4609		10.8347		16.7889
23		37.5705		4.52883		32.0073		18.1286		13.8705		0.0666229		111.485		15.2119		10.6831		16.7954
24		37.3754		4.46887		31.7941		17.9981		13.8095		5.69159e-05		210.711		15.0836		10.6147		16.7105
25		37.8328		4.56658		32.2754		18.273		13.9617		2.37107e-06		187.508		15.3441		10.7775		16.9313
26		36.7789		4.41038		31.267		17.7105		13.5879		1.2278e-05		221.376		14.8378		10.4274		16.4292
27		37.948		4.56153		32.349		18.3153		14.0174		3.19143e-05		200.932		15.3754		10.8139		16.9736
28		37.5076		4.49844		31.9848		18.0897		13.8501		1.01548e-05		218.736		15.1672		10.6688		16.8176
29		38.1264		4.67406		32.5133		18.464		14.0176		1.03229		150.593		15.5725		10.8985		16.9407
30		37.6789		4.55413		32.0648		18.163		13.8798		0.0654		116.32		15.245		10.6909		16.8198
31		37.5108		4.52925		31.9185		18.0824		13.8311		0.000169353		133.991		15.1663		10.6371		16.7521
32		37.9303		4.56971		32.3009		18.2908		13.9931		7.51938e-06		110.508		15.3577		10.788		16.9432
33		37.4403		4.52899		31.9221		18.0832		13.8275		0.000274184		137.355		15.1825		10.6535		16.7396
34		37.4712		4.47033		31.9091		18.04		13.8647		8.64417e-05		211.312		15.1007		10.6303		16.8085
35		37.1503		4.44731		31.5885		17.8791		13.7314		1.17994e-07		213.337		14.9676		10.5203		16.6209
36		37.7671		4.57859		32.2186		18.2798		13.9371		0.320565		215.635		15.3833		10.8047		16.8353
37		38.6087		4.72797		32.9081		18.6729		14.1997		0.754494		166.93		15.7343		11.0063		17.1738
38		36.7777		4.39551		31.2883		17.697		13.5823		9.21919e-07		206.824		14.8411		10.4455		16.4472
39		37.8953		4.59214		32.322		18.3163		13.9902		9.38054e-06		188.101		15.3883		10.7961		16.9337
40		37.6322		4.55233		32.063		18.17		13.8606		0.000634167		135.142		15.2756		10.7233		16.7874
41		38.2719		4.62377		32.6228		18.4775		14.106		0.214812		222.735		15.5167		10.8929		17.1062
42		38.4886		4.65573		32.8128		18.5955		14.1779		0.214739		223.74		15.6315		10.9758		17.1813
43		37.5868		4.55485		32.0335		18.1574		13.8516		0.37269		205.884		15.2637		10.7089		16.7697
44		37.9653		4.56838		32.3627		18.3088		14.0191		0.000261025		220.475		15.3448		10.7764		17.018
45		36.9073		4.44016		31.4318		17.7758		13.6272		3.86667e-07		209.273		14.8887		10.4485		16.5431
46		37.2708		4.44831		31.7364		17.957		13.7929		4.66624e-07		213.837		15.0362		10.5879		16.7002
47		37.0229		4.46595		31.5129		17.8634		13.643		0.310876		214.33		15.0171		10.5512		16.4958
48		37.2901		4.46885		31.7377		17.965		13.7748		2.28179e-06		203.482		15.0595		10.5907		16.6782
49		37.9388		4.59601		32.3317		18.3237		13.9873		0.299467		214.379		15.4039		10.8079		16.9278
50		36.9729		4.42138		31.4341		17.7993		13.6536		8.15745e-05		222.811		14.9044		10.483		16.5297
51		37.5722		4.56648		32.05		18.1602		13.8454		0.0282928		132.396		15.2746		10.7081		16.7753
52		38.52		4.70827		32.8353		18.6386		14.1764		0.809978		164.578		15.6871		10.9789		17.1481
53		38.5078		4.65138		32.8252		18.5985		14.1836		0.187781		221.029		15.6519		11.0006		17.1732
54		37.6472		4.53383		32.0634		18.1409		13.8878		0.000122477		216.945		15.2069		10.6731		16.8565
55		37.375		4.52657		31.8713		18.0486		13.7752		0.31993		210.392		15.1604		10.6339		16.7109
56		37.1139		4.4347		31.5994		17.8757		13.7186		6.13875e-07		218.394		14.9676		10.5329		16.6317
57		38.4254		4.75521		32.7737		18.6498		14.1053		1.4838		138.669		15.7647		11.0095		17.009
58		37.2155		4.47549		31.7007		17.9615		13.742		5.80639e-08		176.682		15.0819		10.6064		16.6188
59		36.0915		4.27937		30.6601		17.328		13.369		1.04577e-08		175.144		14.4789		10.1996		16.1812
60		37.8567		4.61057		32.2765		18.3134		13.9716		0.220866		222.888		15.4008		10.7902		16.8757
61		37.1551		4.45951		31.6416		17.9127		13.7263		6.07616e-06		212.415		15.0225		10.563		16.619
62		37.637		4.53518		32.0665		18.1501		13.8822		0.000842488		117.376		15.2287		10.6936		16.8378
63		37.4608		4.55297		31.9502		18.0962		13.8031		0.0771908		133.606		15.198		10.645		16.7522
64		37.2855		4.47527		31.7612		17.9698		13.7859		1.29389e-06		208.46		15.0598		10.5845		16.7014
65		37.8443		4.57829		32.255		18.2895		13.9853		0.0639581		115.376		15.372		10.7937		16.883
66		38.4304		4.66347		32.7499		18.572		14.1339		0.782944		166.997		15.6301		10.9667		17.1198
67		37.4907		4.55124		31.9964		18.1322		13.8169		0.256128		220.594		15.2604		10.7091		16.7361
68		36.3515		4.33153		30.9147		17.4835		13.4427		4.16985e-06		208.083		14.6413		10.3098		16.2734
69		38.1283		4.6225		32.4726		18.4057		14.0563		0.337971		211.139		15.467		10.8445		17.0056
70		38.0754		4.69591		32.4602		18.4321		13.9613		1.03223		151.182		15.537		10.8411		16.9232
71		37.2356		4.47255		31.7194		17.9585		13.7631		6.6994e-06		220.857		15.062		10.5895		16.6574
72		36.8838		4.40739		31.3593		17.7639		13.63		3.11568e-07		216.997		14.8974		10.49		16.4619
73		37.9327		4.61143		32.3286		18.3384		13.9949		0.000969913		195.134		15.4273		10.8159		16.9013
74		37.7789		4.58214		32.23		18.2494		13.9221		3.62107e-05		122.524		15.3513		10.7692		16.8787
75		37.8529		4.57306		32.2422		18.2683		13.956		0.000263179		191.907		15.3449		10.7718		16.8973
76		37.7537		4.55396		32.1854		18.2226		13.9537		0.000223256		198.79		15.2684		10.7145		16.917
77		37.2046		4.53776		31.7441		17.9906		13.6725		0.525157		182.103		15.1431		10.6053		16.601
78		36.7431		4.40693		31.2958		17.7132		13.5895		7.9605e-07		204.801		14.8488		10.4419		16.4469
79		37.8555		4.54802		32.2221		18.2417		13.9534		6.68668e-06		194.894		15.3096		10.7616		16.9125
80		37.2864		4.4947		31.7527		17.9676		13.7627		0.000209168		220.983		15.0474		10.5527		16.7053
81		37.517		4.59601		32.0059		18.1699		13.7885		0.784754		163.577		15.3271		10.7311		16.6788
82		37.4032		4.47686		31.8629		18.02		13.8355		4.81606e-05		209.369		15.0768		10.5999		16.7861
83		37.1105		4.46793		31.6238		17.8917		13.6909		2.10315e-05		189.032		14.9906		10.5226		16.6333
84		37.0668		4.51116		31.6358		17.9313		13.6716		0.258962		215.736		15.0693		10.5582		16.5665
85		36.8998		4.4072		31.3379		17.7313		13.634		2.96019e-05		206.351		14.824		10.4168		16.514
86		37.2629		4.5026		31.7422		17.985		13.7452		0.198803		215.569		15.0819		10.5793		16.6603
87		37.1954		4.45242		31.6118		17.8957		13.7493		2.93617e-06		205.976		14.9712		10.5188		16.6406
88		37.1242		4.42138		31.6076		17.8701		13.7092		3.40678e-07		217.265		14.9733		10.552		16.6342
89		37.3085		4.52654		31.8286		18.0209		13.7644		0.0839769		130.326		15.1325		10.6059		16.6962
90		37.3873		4.5131		31.8681		18.0371		13.8105		0.000197852		202.592		15.1211		10.6079		16.7471
91		36.9952		4.39354		31.4802		17.8014		13.6757		7.08169e-06		206.85		14.9189		10.5254		16.5613
92		38.2112		4.68042		32.5911		18.5078		14.0518		0.619992		179.758		15.5947		10.9142		16.9965
93		37.8856		4.55475		32.2625		18.2764		13.9946		0.000801427		211.964		15.3298		10.7751		16.9327
94		37.4629		4.53396		31.9279		18.0928		13.7989		0.0271103		134.003		15.1942		10.6603		16.7337
95		37.5786		4.52996		32.0426		18.1325		13.8923		0.000152863		209.237		15.1985		10.6686		16.8441
96		37.5545		4.54963		32.0131		18.1435		13.8375		0.356707		208.092		15.2465		10.6968		16.7666
97		37.6218		4.54985		32.083		18.1843		13.8707		0.166962		210.7		15.3074		10.7576		16.7756
98		37.6756		4.58572		32.1428		18.245		13.886		0.446046		197.409		15.3695		10.7838		16.7733
99		38.6036		4.71708		32.8949		18.6774		14.1939		0.726085		170.404		15.7333		11.0163		17.1616
100		37.1628		4.51594		31.6793		17.9656		13.7096		0.185622		215.731		15.0999		10.5839		16.5794
101		37.3617		4.57855		31.9261		18.1182		13.7637		0.821243		160.517		15.2628		10.6843		16.6633
102		37.3953		4.52676		31.8661		18.046		13.7991		6.06211e-06		200.858		15.1537		10.6269		16.7124
103		38.0496		4.60825		32.4172		18.3785		14.0138		0.21483		220.791		15.454		10.8458		16.9631
104		37.7731		4.55049		32.1481		18.2145		13.9202		0.00025608		146.482		15.3027		10.7522		16.8454
105		38.0817		4.67462		32.4919		18.454		14.0087		0.827382		162.551		15.5629		10.8883		16.929
106		36.4661		4.34285		31.0126		17.5479		13.4633		2.55887e-05		219.741		14.7132		10.3703		16.2994
107		38.0206		4.62664		32.3981		18.3746		14.0041		0.331397		211.17		15.4638		10.8372		16.9343
108		37.0544		4.43754		31.5259		17.8495		13.6942		4.73428e-06		210.958		14.9568		10.5193		16.5691
109		37.2252		4.4783		31.6617		17.9269		13.7276		0.000112455		221.663		15.0366		10.5583		16.6251
110		39.0439		4.77189		33.2532		18.8859		14.3563		0.877465		163.794		15.9307		11.1588		17.3225
111		36.3097		4.31591		30.8746		17.4518		13.4495		4.78312e-10		201.682		14.5907		10.2748		16.2838
112		37.9673		4.6131		32.3677		18.3438		13.9818		0.0249639		161.528		15.4231		10.81		16.9447
113		37.0958		4.48122		31.5916		17.8934		13.6899		8.52918e-05		178.002		15.0171		10.5358		16.5745
114		38.0238		4.6252		32.3789		18.3852		14.0021		0.361029		205.669		15.4874		10.8622		16.8915
115		36.7395		4.37735		31.2774		17.6835		13.5954		4.89244e-06		205.428		14.7883		10.4109		16.4891
116		38.0157		4.5813		32.3566		18.3384		14.0141		0.394537		200.27		15.4097		10.8284		16.9469
117		37.9802		4.69969		32.4451		18.4351		13.9419		1.40614		138.743		15.5905		10.8908		16.8547
118		36.421		4.35779		30.9412		17.5234		13.4512		5.70367e-07		218.471		14.6734		10.3156		16.2678
119		38.6457		4.7016		32.9007		18.6651		14.2286		0.258049		224.25		15.6924		10.9908		17.2082
120		37.5746		4.51633		31.9721		18.1071		13.8805		7.30781e-07		206.109		15.1803		10.664		16.7917
121		37.4572		4.4761		31.9201		18.0525		13.8535		1.81445e-05		214.737		15.1383		10.6622		16.7819
122		37.1219		4.43762		31.6255		17.8915		13.7237		2.1117e-05		209.391		15.0087		10.5711		16.6167
123		37.7903		4.54649		32.1914		18.2275		13.9339		0.0490551		121.013		15.31		10.7635		16.8814
124		37.6636		4.59408		32.1016		18.2135		13.8723		0.592956		177.692		15.3155		10.7214		16.7862
125		38.1067		4.61379		32.4534		18.4102		14.0237		0.326804		210.65		15.5134		10.8996		16.94
126		37.9823		4.56423		32.3241		18.3064		14.0019		1.37793e-08		171.399		15.3834		10.8192		16.9406
127		37.3823		4.42115		31.8083		17.9781		13.8503		5.06824e-09		188.529		15.0406		10.6195		16.7677
128		36.7552		4.47449		31.3367		17.7624		13.5356		0.145108		207.43		14.9496		10.4752		16.387
129		37.6052		4.55105		32.0611		18.1574		13.8593		0.174419		213.501		15.2563		10.7053		16.8048
130		37.77		4.51004		32.1725		18.1894		13.9607		8.16481e-09		220.76		15.2357		10.7257		16.9368
131		37.2559		4.4609		31.7356		17.9528		13.7903		1.19089e-07		204.693		15.0369		10.576		16.6987
132		36.4009		4.32074		30.9734		17.5038		13.4762		1.03891e-07		176.991		14.6437		10.323		16.3297
133		38.1248		4.62146		32.4966		18.417		14.0361		0.242676		220.472		15.4924		10.871		17.0042
134		37.6577		4.60173		32.1147		18.2128		13.8588		0.377242		202.346		15.3231		10.7214		16.7915
135		38.1797		4.67573		32.5952		18.5064		14.0382		0.785663		165.989		15.6179		10.9421		16.9773
136		37.5512		4.56251		32.0461		18.161		13.8301		0.25016		221.539		15.2844		10.7219		16.7616
137		38.0099		4.57717		32.3977		18.3544		14.0322		0.000151122		111.001		15.4249		10.8477		16.9728
138		37.8912		4.56944		32.2699		18.2931		13.9563		0.140649		192.58		15.3827		10.8132		16.8873
139		37.3416		4.47729		31.7924		18.0084		13.7883		1.37715e-09		176.078		15.1136		10.6364		16.6787
140		37.1589		4.46982		31.6645		17.9194		13.7305		0.000150288		218.633		15.0199		10.5501		16.6446
141		37.478		4.558		31.9719		18.1255		13.7959		0.604682		176.537		15.2707		10.7127		16.7012
142		38.9876		4.76963		33.218		18.8712		14.3159		0.95643		158.233		15.9468		11.1772		17.2712
143		37.6276		4.52934		32.0436		18.1398		13.9026		2.21375e-05		217.315		15.194		10.6647		16.8496
144		38.65		4.74351		32.9158		18.7052		14.2044		0.737021		170.293		15.7643		11.0208		17.1515
145		37.7668		4.58635		32.2029		18.2662		13.9184		0.227844		223.814		15.3868		10.8004		16.8161
146		37.4408		4.49375		31.844		18.008		13.8154		1.56491e-05		221.179		15.0675		10.5737		16.7766
147		36.6024		4.3668		31.1036		17.6146		13.5415		1.12046e-05		194.894		14.7527		10.3859		16.3509
148		37.9941		4.66541		32.4068		18.4075		13.9755		0.823903		163.627		15.516		10.8506		16.8908
149		36.5679		4.40813		31.0934		17.6354		13.4915		3.95402e-06		221		14.8128		10.4046		16.2806
150		37.7252		4.57809		32.1723		18.2314		13.9009		0.0609507		129.713		15.3254		10.7474		16.8469
151		37.355		4.46521		31.7857		17.9753		13.8001		2.74671e-05		203.528		15.0461		10.5809		16.7396
152		37.5426		4.59238		31.9656		18.1521		13.8142		0.708481		171.897		15.2765		10.6842		16.689
153		36.7464		4.4172		31.2731		17.7125		13.5438		0.000235716		125.11		14.8726		10.4554		16.4005
154		37.4424		4.5297		31.9157		18.0865		13.8275		1.08391e-05		169.823		15.177		10.6473		16.7387
155		36.6369		4.42405		31.1752		17.6802		13.5095		0.0650108		123.224		14.8669		10.4429		16.3083
156		37.5734		4.54477		32.0798		18.1788		13.8801		2.10564e-05		184.427		15.2851		10.7404		16.7947
157		37.2615		4.48792		31.763		17.9843		13.7424		9.41842e-05		121.426		15.1037		10.6158		16.6593
158		38.6145		4.78481		32.9047		18.7274		14.1449		1.56117		135.4		15.844		11.0592		17.0607
159		37.3952		4.52359		31.889		18.0561		13.7926		0.025956		143.518		15.1709		10.6473		16.7181
160		37.8447		4.57529		32.2736		18.2887		13.9659		2.19127e-06		111.766		15.3771		10.8018		16.8965
161		37.0131		4.45472		31.4788		17.8304		13.6739		7.31292e-06		217.155		14.9487		10.494		16.5301
162		37.691		4.51686		32.07		18.1465		13.9124		3.29495e-05		216.657		15.2026		10.6857		16.8674
163		37.7904		4.62831		32.2201		18.2984		13.8756		1.01719		151.474		15.444		10.8157		16.7761
164		36.8916		4.47415		31.3519		17.8005		13.5811		0.292852		214.898		14.9756		10.5015		16.3763
165		36.9196		4.44144		31.443		17.7914		13.638		0.000126918		213.752		14.8976		10.4562		16.5454
166		37.6988		4.51243		32.0925		18.1595		13.9276		5.16793e-05		215.952		15.2149		10.7025		16.8776
167		37.2462		4.52408		31.7295		18.003		13.72		0.518754		186.666		15.1563		10.6322		16.5732
168		36.5795		4.32433		31.0918		17.5674		13.5516		7.70251e-08		172.828		14.6721		10.3478		16.4196
169		37.4993		4.53336		31.983		18.1099		13.8605		0.000908076		167.161		15.2081		10.6748		16.7749
170		38.1906		4.63865		32.5273		18.4365		14.0555		0.192943		216.713		15.509		10.8703		17.0183
171		38.7734		4.75236		33.0429		18.7802		14.2435		1.30276		143.358		15.8702		11.1178		17.1727
172		38.6006		4.70723		32.9064		18.6796		14.1972		0.67362		175.917		15.7296		11.0224		17.1768
173		37.6922		4.5928		32.1264		18.2085		13.8819		0.290433		216.934		15.2948		10.702		16.8316
174		38.0139		4.60829		32.4018		18.3719		14.0257		0.352368		205.668		15.4327		10.8244		16.969
175		37.0173		4.43789		31.5206		17.8373		13.6769		1.86714e-06		206.092		14.9688		10.5309		16.5518
176		36.5684		4.42614		31.1311		17.6475		13.4965		1.91313e-05		157.064		14.808		10.3818		16.3231
177		36.8996		4.46505		31.4468		17.7978		13.6179		7.70696e-06		175.537		14.9203		10.4552		16.5265
178		37.3279		4.48331		31.7779		17.9901		13.7887		1.71394e-05		218.892		15.0776		10.5943		16.7003
179		37.5708		4.50721		31.96		18.0809		13.8511		5.43555e-06		186.171		15.1357		10.6285		16.8242
180		37.4439		4.57517		31.9726		18.1353		13.7791		0.535765		183.629		15.2901		10.7149		16.6825
181		37.6119		4.56459		32.0598		18.1769		13.8584		0.578465		180.227		15.2919		10.7273		16.7679
182		37.3824		4.53619		31.8587		18.068		13.791		0.300832		212.993		15.1923		10.6561		16.6664
183		37.7899		4.60517		32.2204		18.2814		13.9274		0.402809		198.385		15.3813		10.7761		16.8392
184		38.2552		4.67072		32.5978		18.5118		14.0662		0.820585		162.859		15.5871		10.9164		17.0107
185		37.6693		4.54913		32.1384		18.1959		13.8815		0.199499		217.908		15.3001		10.751		16.8383
186		36.9646		4.47207		31.4676		17.8442		13.6287		0.0262176		146.999		14.9998		10.5278		16.4678
187		37.3548		4.46461		31.7818		17.9803		13.8201		1.44072e-05		204.344		15.0361		10.5715		16.7456
188		37.8025		4.57856		32.203		18.2448		13.9226		0.220308		218.887		15.3097		10.7312		16.8933
189		37.3651		4.48529		31.8451		18.0162		13.8216		1.84107e-06		204.876		15.0905		10.6052		16.7547
190		37.0538		4.42594		31.5594		17.8523		13.7016		2.61184e-06		198.546		14.97		10.5441		16.5894
191		38.1036		4.62639		32.4771		18.3946		14.0248		0.237649		222.596		15.4586		10.8322		17.0186
192		37.9055		4.56011		32.3347		18.3		14.0266		0.000390971		215.939		15.3435		10.7834		16.9912
193		36.2631		4.36326		30.8676		17.4858		13.3938		1.40386e-07		205.82		14.6642		10.3009		16.2034
194		36.3689		4.3734		30.9137		17.5242		13.4403		5.60022e-08		217.626		14.6802		10.3068		16.2335
195		37.3702		4.49871		31.8376		18.0273		13.8155		1.63027e-06		219.463		15.1196		10.6208		16.718
196		38.6617		4.73223		32.9741		18.7123		14.213		0.550323		188.397		15.766		11.0337		17.2081
197		37.4003		4.44285		31.8525		18.0023		13.8301		1.70452e-07		205.975		15.0761		10.6332		16.7764
198		37.8179		4.65064		32.2716		18.3358		13.9203		0.708967		169.635		15.4623		10.8117		16.8093
199		37.8929		4.65189		32.3553		18.381		13.9612		0.588277		181.327		15.5008		10.849		16.8544
200		38.3969		4.64963		32.6597		18.5188		14.1333		0.237478		219.881		15.567		10.9173		17.0927
201		36.9929		4.45121		31.4919		17.8352		13.65		8.95407e-05		197.703		14.9722		10.521		16.5197
202		37.7956		4.61166		32.2348		18.2782		13.9131		0.448244		195.301		15.3785		10.7668		16.8563
203		37.957		4.60394		32.3146		18.3062		13.9688		0.113914		173.43		15.3724		10.7684		16.9422
204		36.4905		4.35927		30.9963		17.5485		13.5003		6.58083e-05		203.56		14.69		10.3307		16.3063
205		37.6945		4.54245		32.1085		18.1944		13.92		1.97144e-06		218.475		15.2761		10.7337		16.8323
206		37.2269		4.49782		31.735		17.9812		13.7416		4.73043e-06		109.892		15.1104		10.6126		16.6246
207		37.8173		4.58513		32.2117		18.2688		13.9319		0.461122		192.604		15.3569		10.7718		16.8548
208		36.8868		4.41499		31.3846		17.7536		13.6065		5.33582e-05		212.253		14.8914		10.4765		16.4932
209		37.788		4.51573		32.2007		18.2057		13.9703		1.00647e-05		219.535		15.2558		10.7401		16.9449
210		37.6489		4.51521		32.0325		18.1368		13.9125		0.000301205		206.664		15.2055		10.6903		16.827
211		36.7993		4.46343		31.2934		17.7537		13.5606		0.0776618		152.719		14.9254		10.462		16.3679
212		38.5758		4.7144		32.8706		18.6582		14.181		0.745715		169.804		15.7192		11.0048		17.1514
213		37.1945		4.48798		31.6998		17.9546		13.7227		5.03237e-05		189.907		15.0771		10.5891		16.6227
214		36.591		4.35007		31.113		17.5974		13.5332		3.52249e-05		211.842		14.7314		10.3813		16.3816
215		37.4095		4.5194		31.8737		18.0479		13.7965		0.000571992		187.376		15.1451		10.6257		16.7286
216		37.8847		4.64513		32.3338		18.3551		13.9396		0.584231		181.369		15.4641		10.819		16.8697
217		38.0434		4.67528		32.4539		18.4421		13.9947		1.16618		148.849		15.5677		10.8924		16.8862
218		37.1164		4.41767		31.5437		17.8387		13.7433		5.08123e-07		193.439		14.9043		10.4866		16.6394
219		37.2381		4.48446		31.7311		17.972		13.7543		7.00104e-06		218.831		15.0925		10.6081		16.6386
220		37.8316		4.59097		32.2608		18.274		13.9419		3.521e-06		115.512		15.3332		10.7422		16.9277
221		37.8551		4.5584		32.2729		18.2751		13.9626		0.00948331		197.354		15.3664		10.808		16.9065
222		36.5764		4.39428		31.1563		17.641		13.4967		0.000164028		188.421		14.8077		10.4134		16.3486
223		37.8176		4.64766		32.2178		18.3184		13.9018		0.783323		162.505		15.453		10.8053		16.7648
224		37.2491		4.50541		31.7572		17.9993		13.7241		0.309408		213.861		15.1497		10.6443		16.6075
225		38.7304		4.74339		32.9978		18.7656		14.2221		1.1091		150.288		15.8556		11.1122		17.1422
226		37.111		4.40516		31.4833		17.816		13.7416		1.14277e-05		192.028		14.8925		10.4874		16.5908
227		37.6153		4.53044		32.0483		18.1396		13.8768		0.000108533		111.062		15.2138		10.6833		16.8345
228		36.9878		4.44846		31.4903		17.8358		13.6562		8.20716e-08		189.31		14.9741		10.5257		16.5161
229		37.766		4.58		32.2008		18.2455		13.9196		0.181329		213.807		15.3305		10.7505		16.8703
230		37.4681		4.52498		31.8857		18.0682		13.8353		0.000277928		199.097		15.1334		10.6084		16.7523
231		37.4837		4.50996		31.9322		18.0858		13.8378		5.98044e-06		190.898		15.1818		10.6718		16.7504
232		36.8064		4.38819		31.2834		17.7015		13.6051		2.93237e-06		201.586		14.8266		10.4384		16.4567
233		37.7517		4.5458		32.1492		18.1953		13.9043		0.0310232		137.941		15.2743		10.7285		16.8749
234		37.4188		4.50557		31.8996		18.0697		13.8135		0.0402392		115.587		15.1823		10.6767		16.7173
235		37.329		4.49621		31.7918		18.0134		13.7691		0.000442225		139.027		15.136		10.6398		16.6557
236		36.9816		4.43088		31.4795		17.8089		13.6648		3.19184e-07		213.45		14.9073		10.4764		16.5722
237		37.2629		4.52317		31.7655		17.9896		13.7306		0.000173336		119.994		15.098		10.5749		16.6675
238		37.4317		4.48292		31.8867		18.0499		13.8198		1.82905e-05		184.589		15.1487		10.6658		16.738
239		37.8491		4.55602		32.2333		18.2671		13.9826		6.62682e-05		220.672		15.3353		10.7793		16.8981
240		37.6628		4.54119		32.0926		18.1649		13.8833		0.0258338		138.33		15.2397		10.6985		16.8529
241		38.0579		4.65946		32.4679		18.4237		13.9898		0.696408		170.883		15.5303		10.8708		16.9376
242		38.4848		4.69148		32.8052		18.6056		14.1667		0.425325		202.096		15.6443		10.9528		17.1609
243		37.8753		4.60256		32.2935		18.3022		13.9281		0.544196		184.476		15.4025		10.8		16.8909
244		37.0864		4.42234		31.5762		17.8567		13.7262		3.4579e-05		212.408		14.9605		10.5381		16.6157
245		38.1187		4.64813		32.4524		18.4168		14.019		0.429321		196.675		15.4881		10.84		16.9643
246		37.7359		4.57211		32.1757		18.2328		13.9013		0.322662		212.076		15.3313		10.7592		16.8444
247		38.481		4.68234		32.784		18.5978		14.1734		0.178644		214.94		15.6414		10.959		17.1426
248		38.013		4.65702		32.3815		18.3904		13.9742		0.505749		187.861		15.4883		10.8312		16.8933
249		38.4746		4.66907		32.7692		18.583		14.1683		0.497206		191.367		15.6396		10.9706		17.1295
250		38.1355		4.56724		32.4775		18.3769		14.0903		1.60636e-06		222.411		15.4054		10.8382		17.0721
251		38.1509		4.59734		32.4415		18.3813		14.067		1.61916e-05		123.654		15.4189		10.8216		17.0226
252		37.1553		4.4634		31.6261		17.9016		13.7245		6.16002e-06		221		15.0108		10.5474		16.6153
253		38.2165		4.70523		32.6047		18.5325		14.029		1.12593		147.464		15.6603		10.9551		16.9443
254		37.9106		4.5823		32.2892		18.28		13.9633		8.01249e-05		114.449		15.3338		10.7515		16.9554
255		37.9752		4.63667		32.3612		18.3624		13.9788		0.385702		203.342		15.4514		10.8147		16.9098
256		37.8737		4.57931		32.2705		18.2848		13.9829		0.0560312		112.873		15.3266		10.7473		16.9439
257		38.518		4.71151		32.8681		18.6603		14.1713		0.819392		164.996		15.7512		11.0397		17.1169
258		37.7678		4.59064		32.13		18.2311		13.9028		0.229374		216.88		15.3355		10.7449		16.7945
259		36.7923		4.41437		31.2763		17.7095		13.5533		8.11311e-07		121.717		14.8651		10.4507		16.4112
260		37.8965		4.63386		32.3448		18.3547		13.9563		0.616178		178.741		15.4588		10.8249		16.886
261		37.7015		4.53576		32.1255		18.1979		13.9162		3.75806e-05		199.717		15.2724		10.7366		16.8531
262		37.8921		4.57414		32.3048		18.2964		13.9866		4.55415e-06		182.42		15.3646		10.7905		16.9402
263		37.5661		4.55101		32.011		18.1601		13.8559		0.18805		215.844		15.2584		10.7074		16.7526
264		37.1689		4.49473		31.7111		17.9644		13.7292		3.22565e-06		116.566		15.0927		10.598		16.6184
265		36.6529		4.46568		31.2108		17.7191		13.5011		0.316159		209.254		14.9205		10.4548		16.2903
266		36.809		4.43674		31.3332		17.7417		13.5834		0.000133457		168.675		14.8835		10.4467		16.4497
267		37.4171		4.58233		31.8821		18.1092		13.772		0.449903		195.122		15.2583		10.676		16.6238
268		37.1382		4.48307		31.5624		17.9008		13.6937		0.170492		220.273		15.0264		10.5433		16.536
269		37.363		4.52927		31.8596		18.0623		13.7657		0.178959		218.762		15.2025		10.6732		16.6571
270		37.1414		4.45573		31.5822		17.8973		13.6968		2.38036e-06		220.838		15.0314		10.5757		16.5508
271		37.772		4.5852		32.1777		18.2345		13.9293		4.02527e-05		129.373		15.3105		10.7253		16.8673
272		38.0596		4.55857		32.3412		18.2976		14.0253		0.000475246		129.655		15.3255		10.7669		17.0157
273		36.713		4.36776		31.1985		17.6465		13.5761		1.28256e-08		192.786		14.7756		10.4078		16.4229
274		36.8666		4.41318		31.4035		17.7666		13.6222		2.34065e-06		215.011		14.901		10.4878		16.5025
275		37.2386		4.46552		31.6941		17.9407		13.7527		0.000290308		155.53		15.0493		10.5838		16.6448
276		37.8854		4.57928		32.2406		18.2982		13.9691		0.106527		174.413		15.3901		10.8108		16.8505
277		37.4489		4.49166		31.8707		18.0468		13.834		6.7301e-06		210.735		15.1384		10.6468		16.7322
278		38.2602		4.67782		32.6051		18.5081		14.0856		0.592786		180.483		15.5898		10.912		17.0153
279		37.5577		4.54923		32.0278		18.1381		13.8614		0.000637232		184.087		15.2303		10.6811		16.7975
280		36.7777		4.44265		31.3347		17.7603		13.5812		7.89519e-05		112.964		14.9099		10.4672		16.4249
281		38.5006		4.66624		32.8225		18.6107		14.2027		7.39351e-05		125.838		15.6613		10.995		17.1612
282		36.207		4.30686		30.7636		17.4089		13.3912		2.06203e-07		206.797		14.5834		10.2765		16.1802
283		37.8144		4.53502		32.1859		18.2154		13.9565		8.91449e-07		224.972		15.2755		10.7405		16.9104
284		37.2666		4.48242		31.754		17.9696		13.7821		2.35216e-06		208.212		15.0694		10.5869		16.6846
285		38.6563		4.72634		32.9613		18.7298		14.2163		0.529956		189.098		15.8163		11.09		17.1449
286		37.9653		4.67239		32.4251		18.3986		13.9348		1.14313		146.963		15.5232		10.8508		16.9019
287		36.7756		4.41905		31.2897		17.7462		13.5961		1.97782e-05		220.457		14.9091		10.49		16.3806
288		37.4367		4.51236		31.9218		18.0842		13.8281		0.000138165		201.932		15.1786		10.6663		16.7432
289		37.7982		4.58734		32.2023		18.2661		13.9169		0.354041		206.778		15.3788		10.7914		16.8235
290		37.5973		4.57555		32.0332		18.1625		13.8577		0.000882085		118.976		15.2559		10.6804		16.7773
291		37.3034		4.49652		31.7556		17.9882		13.7681		0.0103373		177.349		15.0906		10.594		16.665
292		37.7479		4.59297		32.1753		18.2472		13.8942		0.323063		211.002		15.3363		10.7433		16.839
293		37.2931		4.49331		31.7802		17.9852		13.7675		8.38475e-05		174.634		15.0895		10.5962		16.6907
294		36.9073		4.42381		31.4141		17.7842		13.6411		8.00412e-07		204.381		14.9102		10.4864		16.5039
295		37.0839		4.45951		31.5662		17.8775		13.6802		0.000143357		218.842		15.0115		10.552		16.5547
296		38.0453		4.55787		32.4349		18.3529		14.0704		0.000245096		221.583		15.4033		10.8455		17.0316
297		37.6151		4.54983		32.05		18.1529		13.8767		0.000478588		214.636		15.2428		10.693		16.8072
298		37.8788		4.58861		32.3011		18.304		13.9603		0.0618152		114.43		15.3754		10.7868		16.9257
299		37.6361		4.60576		32.1366		18.2412		13.8641		0.768189		164.411		15.3638		10.758		16.7728
300		38.2184		4.68275		32.5928		18.5111		14.0501		0.72613		168.875		15.6227		10.94		16.9701
301		37.7086		4.52412		32.1276		18.1807		13.939		4.23227e-05		218.722		15.2435		10.7194		16.8841
302		37.552		4.53116		32.0041		18.1254		13.8616		9.19082e-09		213.414		15.2201		10.6889		16.784
303		38.2476		4.64407		32.5779		18.4756		14.0968		0.554378		185.832		15.5203		10.8762		17.0576
304		36.8577		4.37295		31.3587		17.722		13.6493		1.71521e-06		189.36		14.8368		10.4639		16.5219
305		38.4865		4.64572		32.7754		18.5714		14.1837		0.314141		216.504		15.5977		10.9519		17.1777
306		37.4114		4.5021		31.8654		18.0386		13.802		0.000189645		210.433		15.1346		10.6325		16.7308
307		37.5569		4.52496		32.0159		18.123		13.8677		0.000138254		196.2		15.2002		10.6752		16.8157
308		38.4706		4.69522		32.8214		18.6262		14.1594		0.868031		161.294		15.7003		11.005		17.1212
309		38.921		4.77296		33.178		18.8644		14.2942		1.26421		145.701		15.9454		11.1724		17.2327
310		36.6217		4.3654		31.1393		17.6172		13.564		2.09405e-06		191.229		14.7469		10.3815		16.3924
311		38.3354		4.72883		32.682		18.5894		14.0747		1.40702		139.711		15.6962		10.9674		16.9858
312		39.0822		4.83449		33.343		18.9535		14.3487		1.41515		141.737		16.012		11.1775		17.331
313		37.7758		4.5486		32.2109		18.2302		13.9341		7.26618e-06		198.828		15.2966		10.748		16.9142
314		37.5911		4.52327		31.9944		18.1206		13.86		9.03198e-05		110.337		15.2022		10.6789		16.7922
315		38.2434		4.66822		32.5899		18.504		14.0596		0.666272		174.629		15.5878		10.9196		17.0021
316		37.5157		4.52348		31.983		18.1133		13.864		3.53969e-06		204.69		15.2095		10.686		16.7735
317		37.9255		4.58234		32.3014		18.2944		13.9743		0.173251		214.185		15.352		10.7696		16.9494
318		37.8045		4.57037		32.2213		18.2569		13.9321		0.376685		203.193		15.3543		10.784		16.8669
319		37.5724		4.52912		32.0358		18.1283		13.8684		1.85755e-06		220.165		15.2135		10.6844		16.8223
320		37.3169		4.52895		31.7952		18.0226		13.7659		0.0260097		143.339		15.1195		10.5906		16.6756
321		37.826		4.58436		32.2652		18.3017		13.9609		0.0230983		206.09		15.385		10.8007		16.8801
322		37.4857		4.52475		31.9295		18.0953		13.8051		0.2521		220.862		15.2324		10.7077		16.6971
323		38.3074		4.65998		32.6565		18.5081		14.0913		0.458561		196.415		15.5797		10.9197		17.0768
324		38.3074		4.65998		32.6565		18.5081		14.0913		0.458561		196.415		15.5797		10.9197		17.0768
325		38.3074		4.65998		32.6565		18.5081		14.0913		0.458561		196.415		15.5797		10.9197		17.0768
326		38.3074		4.65998		32.6565		18.5081		14.0913		0.458561		196.415		15.5797		10.9197		17.0768
327		38.3074		4.65998		32.6565		18.5081		14.0913		0.458561		196.415		15.5797		10.9197		17.0768
328		38.3074		4.65998		32.6565		18.5081		14.0913		0.458561		196.415		15.5797		10.9197		17.0768
329		38.3074		4.65998		32.6565		18.5081		14.0913		0.458561		196.415		15.5797		10.9197		17.0768
330		38.3074		4.65998		32.6565		18.5081		14.0913		0.458561		196.415		15.5797		10.9197		17.0768
331		38.3074		4.65998		32.6565		18.5081		14.0913		0.458561		196.415		15.5797		10.9197		17.0768
332		38.3074		4.65998		32.6565		18.5081		14.0913		0.458561		196.415		15.5797		10.9197		17.0768
333		38.3074		4.65998		32.6565		18.5081		14.0913		0.458561		196.415		15.5797		10.9197		17.0768
334		38.3074		4.65998		32.6565		18.5081		14.0913		0.458561		196.415		15.5797		10.9197		17.0768
335		38.3074		4.65998		32.6565		18.5081		14.0913		0.458561		196.415		15.5797		10.9197		17.0768
336		38.3074		4.65998		32.6565		18.5081		14.0913		0.458561		196.415		15.5797		10.9197		17.0768
337		38.3074		4.65998		32.6565		18.5081		14.0913		0.458561		196.415		15.5797		10.9197		17.0768
338		38.8623		4.78626		33.0951		18.8334		14.2746		1.18938		147.193		15.9046		11.1184		17.1905
339		37.4668		4.57247		31.9639		18.1387		13.7916		0.406195		197.562		15.2825		10.71		16.6815
340		36.3237		4.3394		30.8782		17.4744		13.4279		1.21321e-05		206.659		14.6338		10.2944		16.2443
341		37.8458		4.5682		32.2096		18.2611		13.9837		2.48095e-06		221.887		15.3244		10.7562		16.8852
342		38.3042		4.64501		32.6553		18.4995		14.1055		0.223466		222.84		15.5442		10.8992		17.1111
343		36.9175		4.46048		31.4909		17.828		13.6275		4.72594e-05		128.503		14.9615		10.501		16.5295
344		37.75		4.60422		32.1992		18.2655		13.9165		0.288125		216.856		15.3728		10.7686		16.8264
345		37.7034		4.50963		32.1041		18.162		13.9404		1.86254e-05		218.906		15.2228		10.7132		16.8813
346		37.9258		4.60193		32.3513		18.3312		13.9721		0.224738		222.858		15.414		10.812		16.9373
347		37.3014		4.55785		31.8125		18.0451		13.7399		0.30927		209.367		15.1771		10.6193		16.6353
348		38.5229		4.67518		32.826		18.6218		14.1774		0.384671		207.993		15.6667		10.9915		17.1594
349		37.5315		4.50724		31.9769		18.1105		13.8782		1.24286e-05		220.779		15.197		10.6898		16.7798
350		36.6739		4.37307		31.2074		17.6577		13.5662		1.27393e-06		209.362		14.7995		10.4264		16.408
351		37.822		4.56898		32.2114		18.2573		13.9495		0.000594857		207.477		15.3258		10.7568		16.8857
352		37.5781		4.56695		32.0195		18.1664		13.8239		0.441821		192.761		15.3013		10.7344		16.7182
353		37.8564		4.56876		32.2354		18.2623		13.9697		9.54254e-05		215.241		15.3377		10.7689		16.8978
354		37.2604		4.47154		31.7601		17.9766		13.7789		0.000299039		215.945		15.076		10.6044		16.6841
355		37.5847		4.51555		31.9755		18.1024		13.8615		8.16151e-06		188.631		15.1753		10.6597		16.8002
356		37.8054		4.60868		32.2064		18.2678		13.931		0.173051		213.87		15.3423		10.7336		16.8641
357		37.73		4.54536		32.1606		18.2078		13.9247		4.84975e-05		167.659		15.2829		10.7376		16.8776
358		37.3688		4.52665		31.8301		18.0321		13.7752		0.207519		216.462		15.1413		10.6147		16.6888
359		37.141		4.50101		31.6625		17.9368		13.7295		3.7715e-06		213.799		15.0557		10.5547		16.6068
360		38.2485		4.61844		32.57		18.4338		14.1076		0.0157977		182.413		15.4549		10.8365		17.115
361		38.674		4.73853		32.9807		18.7234		14.2155		0.850458		163.763		15.7813		11.0428		17.1994
362		37.7587		4.56169		32.1635		18.2231		13.8995		0.268266		221.057		15.3261		10.7644		16.8374
363		37.2218		4.44724		31.7413		17.9493		13.7767		9.34985e-11		208.375		15.0441		10.5968		16.6972
364		36.434		4.40255		31.0534		17.5952		13.4647		1.76248e-07		208.912		14.7717		10.3692		16.2817
365		37.8841		4.60901		32.2867		18.3073		13.9593		0.10934		168.565		15.3777		10.7687		16.909
366		37.7913		4.58703		32.2493		18.2665		13.9302		0.10431		170.767		15.3551		10.7681		16.8942
367		37.7708		4.56407		32.2188		18.2354		13.9474		3.03217e-05		219.79		15.3019		10.7379		16.9169
368		37.4371		4.53218		31.9051		18.0809		13.823		2.85157e-05		213.965		15.1884		10.6562		16.7168
369		38.4913		4.6707		32.8179		18.6134		14.1675		0.40851		204.05		15.6826		11.0119		17.1353
370		38.1258		4.6025		32.5177		18.4107		14.0445		0.241127		220.499		15.4877		10.8852		17.03
371		37.8566		4.57269		32.2692		18.2658		13.9696		0.000297676		116.924		15.3359		10.7632		16.9333
372		37.8802		4.62852		32.3121		18.3316		13.9327		0.583516		179.869		15.4486		10.8201		16.8635
373		37.7443		4.5788		32.1859		18.2224		13.9223		0.0267285		139.365		15.2905		10.7117		16.8954
374		37.8646		4.59397		32.2783		18.2978		13.9611		0.259909		218.308		15.3764		10.7824		16.902
375		37.4823		4.51702		31.9391		18.0941		13.8278		3.42453e-05		125.051		15.2132		10.6962		16.7258
376		37.5367		4.52031		31.9563		18.1063		13.8618		2.72095e-06		220.223		15.202		10.6817		16.7542
377		37.6164		4.56616		32.078		18.1916		13.8849		0.167954		215.046		15.2915		10.7253		16.7865
378		37.6059		4.53867		32.026		18.1355		13.8714		0.00033689		150.031		15.2122		10.6735		16.8138
379		38.1444		4.6389		32.4717		18.443		14.0567		0.362925		204.097		15.5164		10.8775		16.9553
380		38.7638		4.77303		33.0555		18.7775		14.2614		0.797713		167.26		15.84		11.0669		17.2155
381		37.8876		4.62045		32.3002		18.3272		13.9287		0.719132		167.476		15.4346		10.8142		16.8656
382		37.7308		4.5922		32.1487		18.2259		13.8861		0.442658		194.198		15.3424		10.7502		16.8063
383		37.6225		4.54293		32.0805		18.1613		13.898		0.000677089		115.732		15.2351		10.6922		16.8454
384		37.3263		4.54717		31.804		18.0289		13.7441		0.0960491		159.061		15.1484		10.6012		16.6556
385		38.7479		4.76536		33.038		18.7782		14.2271		1.41842		141.755		15.8534		11.088		17.1846
386		37.7978		4.54526		32.187		18.2245		13.9339		4.94089e-06		133.43		15.2956		10.7504		16.8914
387		38.7216		4.72684		33.0061		18.716		14.2252		0.58884		183.393		15.7602		11.0334		17.2459
388		37.8934		4.63457		32.3414		18.3523		13.9633		0.316117		212.74		15.4453		10.8107		16.8961
389		37.5167		4.52168		31.9731		18.1165		13.8385		0.410261		199.907		15.2302		10.7085		16.7429
390		36.8284		4.38245		31.3097		17.7117		13.6239		6.21526e-06		195.544		14.8258		10.4434		16.4839
391		38.111		4.63507		32.4497		18.428		14.0261		0.567868		182.985		15.5156		10.8805		16.9341
392		37.9092		4.56619		32.3173		18.3056		13.9949		9.16349e-05		114.748		15.3709		10.8047		16.9464
393		37.5056		4.50832		31.9832		18.1071		13.8616		1.31992e-07		218.094		15.1872		10.6789		16.796
394		37.9239		4.57767		32.3397		18.3173		13.9936		2.49587e-05		170.894		15.3842		10.8065		16.9555
395		37.7675		4.60189		32.2216		18.2809		13.9083		0.424008		199.095		15.3937		10.7918		16.8279
396		38.6828		4.71098		32.9791		18.7111		14.2299		0.748693		170.814		15.7762		11.0652		17.2029
397		36.8412		4.43084		31.4051		17.7816		13.6228		2.08802e-05		210.803		14.9284		10.4976		16.4767
398		38.5672		4.7284		32.8762		18.666		14.1711		0.740581		170.77		15.7402		11.0118		17.136
399		38.4228		4.73601		32.7373		18.6278		14.1044		1.40507		139.007		15.7441		11.0081		16.9932
400		36.7237		4.36416		31.1785		17.6385		13.5817		1.67682e-07		194.201		14.7491		10.3849		16.4295
401		37.8249		4.58078		32.2163		18.2576		13.9198		0.422495		197.761		15.3424		10.7617		16.8739
402		37.4027		4.50271		31.8455		18.0439		13.8032		1.94518e-06		185.159		15.1509		10.6482		16.6946
403		37.8006		4.55948		32.1874		18.2275		13.962		9.0469e-05		220.067		15.286		10.7265		16.9014
404		37.3092		4.51479		31.7741		18.0006		13.7235		0.190483		214.903		15.1302		10.6154		16.6439
405		38.3226		4.66806		32.7001		18.5406		14.0967		0.507297		190.385		15.6219		10.9538		17.0783
406		37.3677		4.52912		31.8341		18.0526		13.7951		2.10863e-05		214.626		15.1598		10.6307		16.6742
407		37.1386		4.43699		31.6311		17.8768		13.72		2.00481e-06		211.497		14.9727		10.5357		16.6585
408		37.7512		4.59832		32.1933		18.2604		13.895		0.450001		196.005		15.3737		10.7754		16.8196
409		37.6633		4.54062		32.0604		18.1523		13.8814		3.30337e-06		161.686		15.2435		10.7029		16.8169
410		37.887		4.62141		32.3112		18.3321		13.9717		0.100488		167.57		15.4263		10.8048		16.8849
411		38.2167		4.62792		32.5551		18.457		14.0846		0.213082		221.639		15.5119		10.884		17.0432
412		37.7349		4.61948		32.1916		18.2666		13.8851		0.711646		168.979		15.3811		10.7616		16.8105
413		37.883		4.61854		32.2944		18.3312		13.9525		0.65147		175.705		15.44		10.8214		16.8544
414		37.7675		4.53327		32.1643		18.1885		13.9272		1.80496e-08		217.277		15.2415		10.7082		16.9228
415		38.3683		4.66553		32.7242		18.552		14.1342		0.620128		181.113		15.612		10.9465		17.1122
416		37.3146		4.48998		31.7629		18.0019		13.7864		5.13898e-05		212.417		15.1091		10.6191		16.6538
417		37.1018		4.47771		31.5876		17.9088		13.6916		0.0660407		124.21		15.0592		10.5815		16.5283
418		38.6805		4.7932		32.9754		18.765		14.2056		1.46201		138.49		15.8405		11.0473		17.1348
419		37.934		4.62985		32.3523		18.35		13.955		0.580782		180.087		15.4422		10.8123		16.9101
420		37.5554		4.49083		32.0036		18.0796		13.8677		8.77665e-07		219.783		15.1434		10.6526		16.8602
421		37.6965		4.56661		32.1404		18.216		13.8985		0.0890678		150.85		15.3202		10.7536		16.8202
422		38.0821		4.58467		32.4837		18.3915		14.0731		0.000129098		215.638		15.4353		10.8506		17.0484
423		37.8972		4.55894		32.3003		18.2955		14.0241		2.67844e-05		222.41		15.3459		10.787		16.9544
424		37.0535		4.45824		31.5515		17.8626		13.6982		7.09733e-05		206.135		14.9658		10.5076		16.5857
425		37.8758		4.59782		32.2666		18.2843		13.9584		0.00125093		184.923		15.3623		10.7644		16.9043
426		37.4348		4.54711		31.907		18.1055		13.7986		0.295751		212.508		15.2312		10.6841		16.6758
427		38.0897		4.62835		32.4562		18.4059		14.0447		0.0848668		131.355		15.4673		10.8389		16.989
428		38.0611		4.61976		32.4547		18.4091		14.0547		1.56216e-06		136.228		15.4906		10.8709		16.964
429		38.0397		4.54474		32.4161		18.3317		14.0458		7.90194e-07		205.723		15.3761		10.8314		17.04
430		37.5622		4.60523		32.0168		18.167		13.8104		0.498851		186.249		15.2811		10.6759		16.7356
431		37.7798		4.60188		32.1949		18.2635		13.9115		0.710521		167.559		15.3651		10.7633		16.8298
432		38.0173		4.64692		32.4073		18.3805		13.9767		0.767161		165.538		15.4741		10.8272		16.9332
433		37.3762		4.53477		31.8611		18.0674		13.7829		0.020085		171.1		15.1975		10.6628		16.6636
434		38.0589		4.60554		32.3803		18.35		14.0347		1.79259e-07		182.268		15.3908		10.7853		16.9895
435		37.7889		4.60635		32.2099		18.2699		13.8974		0.566502		180.505		15.3872		10.7809		16.8227
436		37.0445		4.4487		31.4977		17.8456		13.6726		1.05496e-05		167.045		14.9686		10.5199		16.5291
437		37.3742		4.49756		31.8535		18.0268		13.8133		6.49217e-05		219.439		15.1209		10.6233		16.7327
438		37.1232		4.45188		31.6055		17.8991		13.7401		4.10383e-06		209.462		15.0042		10.5523		16.6013
439		37.5185		4.55599		31.9438		18.1362		13.8274		0.215458		217.518		15.263		10.707		16.6808
440		39.1654		4.82733		33.3861		18.9896		14.3835		1.21447		147.865		16.0378		11.2105		17.3483
441		37.9129		4.56905		32.3084		18.3015		13.9912		8.098e-06		176.339		15.3663		10.7972		16.9421
442		38.1839		4.70938		32.565		18.5296		14.0055		1.33892		141.054		15.6789		10.9695		16.8861
443		36.9695		4.41346		31.4513		17.7921		13.662		5.09207e-05		212.394		14.8967		10.4832		16.5547
444		36.9429		4.40711		31.432		17.7826		13.6842		2.41175e-05		197.2		14.8806		10.4735		16.5514
445		36.9904		4.51877		31.5676		17.9159		13.6225		0.616247		171.047		15.0941		10.5753		16.4736
446		37.7366		4.59524		32.1516		18.2431		13.9054		0.326911		211.023		15.338		10.7427		16.8136
447		37.5606		4.59712		32.0205		18.1883		13.7967		0.826478		158.802		15.3552		10.7581		16.6653
448		38.8387		4.79717		33.0884		18.8197		14.2555		1.19112		147.126		15.8849		11.0877		17.2035
449		37.9601		4.61595		32.3569		18.342		13.987		0.302483		214.033		15.4174		10.8014		16.9395
450		37.9822		4.63558		32.3576		18.3759		13.9862		0.686096		170.07		15.4771		10.8416		16.8805
451		37.5788		4.50379		31.9761		18.1125		13.9004		1.38852e-07		210.449		15.185		10.6812		16.7911
452		37.8875		4.58188		32.2736		18.2979		13.9519		0.000625622		168.554		15.4		10.8181		16.8736
453		37.7717		4.55797		32.1341		18.2057		13.9367		9.21432e-05		217.93		15.2574		10.6995		16.8767
454		36.8403		4.3426		31.3081		17.686		13.6552		5.97874e-09		172.338		14.7808		10.4382		16.5274
455		36.8566		4.3949		31.3517		17.7146		13.6009		4.42805e-06		213.59		14.8234		10.4285		16.5283
456		37.9285		4.56772		32.2995		18.2937		14		1.09269e-06		110.502		15.3581		10.7903		16.9415
457		37.1456		4.48882		31.6326		17.9269		13.6951		4.5187e-05		127.409		15.0732		10.5844		16.5594
458		37.7243		4.56215		32.159		18.2136		13.9077		0.217171		219.774		15.3004		10.7382		16.8586
459		36.4648		4.36766		30.9723		17.5435		13.4748		5.44804e-07		206.151		14.6928		10.3251		16.2795
460		37.7462		4.56012		32.1269		18.2251		13.9063		0.1593		205.723		15.3254		10.7653		16.8015
461		37.691		4.51184		32.1164		18.1699		13.9312		9.15747e-05		219.877		15.2485		10.7366		16.8679
462		38.9555		4.81023		33.2474		18.9151		14.2998		1.3403		143.345		16.0134		11.2032		17.234
463		37.7388		4.57516		32.1734		18.2144		13.9183		8.96109e-06		172.951		15.2933		10.7181		16.8802
464		37.7882		4.58564		32.2077		18.2549		13.9185		2.71809e-05		111.125		15.339		10.7533		16.8688
465		37.4429		4.54328		31.9204		18.0889		13.8141		0.000360304		200.897		15.1832		10.6399		16.7373
466		38.0674		4.60827		32.4119		18.3987		14.0319		0.0367418		118.412		15.4928		10.8846		16.9191
467		38.8354		4.80148		33.094		18.844		14.2481		1.26744		144.782		15.9398		11.1383		17.1542
468		38.2123		4.60603		32.5676		18.4238		14.1035		3.37762e-05		146.088		15.4442		10.8382		17.1234
469		37.7007		4.59073		32.124		18.2329		13.8667		0.407551		199.885		15.3609		10.7702		16.7631
470		37.9744		4.62762		32.3653		18.3736		13.985		0.544605		184.683		15.4781		10.8505		16.8872
471		37.0641		4.43891		31.5268		17.8374		13.6871		7.04666e-07		207.221		14.9433		10.5044		16.5835
472		37.7231		4.57137		32.1691		18.2164		13.9243		0.00057731		181.082		15.2771		10.7057		16.892
473		38.1945		4.65757		32.5944		18.4834		14.0651		0.360342		209.581		15.5614		10.9038		17.0331
474		38.1047		4.64149		32.4741		18.4288		14.0193		0.314615		214.241		15.5101		10.8686		16.964
475		37.8371		4.60983		32.254		18.2872		13.9404		0.18711		217.574		15.3692		10.7594		16.8848
476		37.5022		4.50044		31.9514		18.0805		13.8398		0.000152724		142.388		15.1513		10.6509		16.8001
477		37.5372		4.52309		31.9703		18.1126		13.8557		0.000187132		218.992		15.2031		10.68		16.7672
478		38.5297		4.75208		32.8473		18.6737		14.1333		1.03894		152.491		15.7869		11.0348		17.0605
479		38.1966		4.64002		32.5745		18.4619		14.0705		0.318298		214.469		15.529		10.889		17.0455
480		37.8809		4.56156		32.2677		18.2769		13.9716		0.00143795		192.889		15.3523		10.7907		16.9154
481		37.8521		4.57171		32.2347		18.2736		13.9756		0.10979		157.316		15.3424		10.7707		16.8924
482		37.3784		4.52577		31.8364		18.0249		13.8013		5.69898e-05		218.249		15.1056		10.5798		16.7308
483		38.073		4.64053		32.416		18.3866		14.0133		0.364441		206.453		15.4502		10.8097		16.9658
484		38.1139		4.59776		32.4384		18.3813		14.0687		0.044441		113.105		15.419		10.8213		17.0194
485		37.9555		4.58178		32.393		18.3357		14.0303		1.3306e-08		219.178		15.391		10.8092		17.002
486		37.9486		4.61469		32.3862		18.3718		13.9802		0.518459		188.734		15.4813		10.8666		16.905
487		37.4198		4.536		31.8995		18.0848		13.7915		0.000108759		172.852		15.2225		10.6865		16.677
488		37.029		4.46156		31.5585		17.8725		13.6557		0.000118722		183.748		15.0141		10.5525		16.5444
489		37.8392		4.55381		32.2109		18.2298		13.9598		1.35189e-05		219.797		15.2869		10.7331		16.924
490		37.2505		4.50524		31.7589		17.9933		13.7455		3.71125e-06		212.845		15.0992		10.5939		16.6597
491		37.3078		4.50042		31.7939		18.0049		13.7822		3.93038e-06		165.268		15.1087		10.6082		16.6853
492		37.8644		4.57599		32.2743		18.2836		13.9685		3.29991e-05		206.927		15.3613		10.7853		16.913
493		37.8322		4.55031		32.2344		18.2403		13.9665		4.56803e-07		215.239		15.2903		10.74		16.9441
494		38.0716		4.65897		32.4236		18.4027		14.0179		0.198264		221.04		15.4872		10.8282		16.9363
495		37.4674		4.46489		31.8701		18.0251		13.8729		1.64838e-07		189.937		15.0831		10.6183		16.787
496		37.3614		4.58395		31.8914		18.1025		13.752		0.440616		196.412		15.248		10.6641		16.6433
497		37.8549		4.62543		32.2502		18.3017		13.9084		0.6362		174.118		15.406		10.7806		16.8442
498		37.1031		4.45577		31.5934		17.8747		13.6942		3.95815e-05		220.997		14.9984		10.5426		16.595
499		37.3461		4.45089		31.7944		17.9848		13.8239		8.86283e-06		208.024		15.069		10.6181		16.7255
500		37.3005		4.49504		31.7984		17.9967		13.7758		0.000124614		170.86		15.1047		10.6097		16.6937
