1		38.0093		4.58282		32.3287		18.3321		14.01		0.27508		214.225		15.3982		10.8154		16.9306
2		37.7836		4.59507		32.2051		18.2541		13.9266		0.123932		194.87		15.3355		10.7404		16.8696
3		38.1649		4.65457		32.5537		18.4784		14.0555		0.568787		183.311		15.5627		10.9081		16.991
4		37.9125		4.6294		32.2861		18.3463		13.96		0.581749		179.913		15.4588		10.8294		16.8273
5		38.0891		4.62034		32.455		18.4064		14.0259		0.585526		180.481		15.4814		10.8611		16.9735
6		38.231		4.65172		32.5785		18.4752		14.0895		0.160909		207.513		15.5147		10.863		17.0638
7		37.664		4.58336		32.0904		18.2127		13.8645		0.387872		201.382		15.3457		10.7624		16.7447
8		37.8692		4.55377		32.2525		18.2647		13.9562		0.0230627		169.054		15.3464		10.7926		16.9061
9		37.3295		4.46112		31.7888		17.9861		13.7996		2.63882e-06		217.158		15.0776		10.6165		16.7113
10		36.8456		4.42831		31.3753		17.7621		13.6221		8.15636e-06		214.045		14.8967		10.4684		16.4786
11		37.5567		4.47993		31.9907		18.0906		13.8882		3.49489e-06		213.833		15.1647		10.6848		16.826
12		37.4338		4.4848		31.9149		18.061		13.843		0.000404579		155.341		15.1474		10.6626		16.7675
13		37.1233		4.44268		31.5894		17.8648		13.7227		4.85682e-05		215.034		14.9574		10.5148		16.632
14		37.1168		4.45622		31.6063		17.89		13.7224		3.96763e-07		209.086		14.9908		10.5346		16.6155
15		37.4022		4.52988		31.8967		18.0534		13.8095		3.86971e-05		217.978		15.1442		10.6143		16.7525
16		36.9692		4.4591		31.5124		17.8649		13.6459		0.121988		187.947		15.0217		10.5626		16.4907
17		37.0559		4.47783		31.5576		17.8708		13.6679		1.53039e-06		193.835		14.9758		10.498		16.5818
18		37.3827		4.47973		31.8197		18.0056		13.8206		7.78986e-07		220.132		15.0868		10.607		16.7329
19		36.9588		4.33661		31.4354		17.7434		13.6946		6.74499e-08		181.728		14.8439		10.5073		16.5914
20		37.8548		4.62709		32.2914		18.3271		13.9225		0.750163		165.558		15.4601		10.833		16.8313
21		37.7826		4.59932		32.1694		18.2665		13.9278		0.26234		214.34		15.3595		10.7602		16.8099
22		38.4162		4.6633		32.7438		18.5694		14.1394		0.609448		177.371		15.6351		10.9718		17.1087
23		38.052		4.63981		32.4049		18.3839		14.0052		0.549555		184.046		15.4532		10.8134		16.9517
24		37.2858		4.47558		31.7706		17.9851		13.7851		9.34155e-06		219.714		15.0835		10.6079		16.6871
25		38.4615		4.6815		32.7755		18.5898		14.1627		0.276635		220.109		15.6358		10.9543		17.1397
26		37.8068		4.53585		32.2439		18.2418		13.9753		4.96937e-06		221.779		15.3059		10.7701		16.938
27		37.0654		4.42173		31.544		17.838		13.7127		5.56404e-05		208.229		14.9479		10.5262		16.5961
28		38.2993		4.70845		32.6848		18.577		14.0817		1.23389		145.425		15.6991		10.9907		16.9856
29		37.1708		4.46344		31.6317		17.903		13.7127		0.000120599		212.468		15.0083		10.5449		16.6233
30		37.2402		4.4763		31.7243		17.9732		13.7538		2.13773e-05		192.743		15.1042		10.6279		16.6202
31		37.3215		4.52179		31.8345		18.0437		13.7685		0.0435974		209.212		15.1792		10.6574		16.6553
32		38.01		4.57958		32.4153		18.3462		14.0192		3.06564e-05		112.836		15.4018		10.8222		17.0135
33		38.0808		4.67405		32.4382		18.4143		13.996		0.595766		180.203		15.4992		10.8251		16.939
34		37.4384		4.50093		31.9296		18.082		13.8525		2.38655e-06		215.261		15.1637		10.6628		16.7659
35		38.4026		4.70948		32.7127		18.5864		14.0912		1.06613		149.423		15.6841		10.9746		17.0286
36		37.4917		4.52571		31.9838		18.1243		13.833		0.0165873		195.205		15.2454		10.7197		16.7385
37		37.3041		4.50325		31.8048		18.0074		13.7596		3.26025e-05		205.589		15.1189		10.6157		16.6859
38		36.7415		4.49301		31.3484		17.7876		13.5387		0.172783		212.658		14.9796		10.4866		16.3688
39		37.3594		4.53978		31.8555		18.0467		13.7539		0.220471		216.869		15.1828		10.6431		16.6726
40		37.4048		4.56491		31.9141		18.1061		13.7799		0.515255		187.227		15.2629		10.698		16.6511
41		37.5529		4.56415		31.9984		18.1383		13.8377		7.33371e-05		109.592		15.2433		10.6792		16.7551
42		37.3323		4.51429		31.7946		18.0161		13.7639		0.001054		115.135		15.1411		10.6268		16.6535
43		37.5681		4.52576		32.0345		18.1314		13.8734		4.97439e-06		187.116		15.2096		10.6839		16.8249
44		37.9301		4.62005		32.2993		18.3271		13.9902		0.000180524		165.449		15.3962		10.7762		16.9031
45		37.3216		4.49496		31.7885		18.0082		13.7637		9.0231e-05		187.781		15.1448		10.6498		16.6437
46		36.5332		4.33475		31.0457		17.553		13.5339		1.6173e-07		184.069		14.6734		10.3387		16.3722
47		37.3432		4.49506		31.8626		18.0439		13.7911		3.02221e-05		175.007		15.1588		10.6638		16.7038
48		37.819		4.62931		32.2096		18.2805		13.909		0.626317		174.99		15.3731		10.7438		16.8365
49		37.3705		4.49906		31.8157		18.0062		13.8053		1.19394e-05		212.361		15.0732		10.5741		16.7426
50		37.8733		4.63524		32.2768		18.3382		13.9279		0.707278		167.643		15.4691		10.8338		16.8078
51		37.4932		4.5459		31.9335		18.1141		13.8202		0.236739		222.327		15.2387		10.6927		16.6949
52		36.5685		4.37603		31.0747		17.6077		13.5033		2.11082e-08		215.173		14.7694		10.3934		16.3052
53		38.0297		4.64339		32.3794		18.3852		13.9774		0.680194		171.564		15.4904		10.847		16.8891
54		37.4948		4.52738		31.9456		18.0897		13.837		8.32958e-07		124.38		15.187		10.6596		16.7585
55		36.8426		4.43961		31.3783		17.7603		13.626		3.44609e-07		209.334		14.8594		10.4198		16.5189
56		37.7134		4.56887		32.1627		18.218		13.9056		0.0828504		135.41		15.314		10.7451		16.8487
57		37.4099		4.52846		31.8792		18.0536		13.8131		5.33473e-06		203.474		15.1354		10.6069		16.7438
58		36.4932		4.36789		31.0019		17.5409		13.474		7.09621e-07		208.183		14.6609		10.293		16.341
59		36.7987		4.38928		31.308		17.6987		13.6315		1.6994e-05		188.557		14.7907		10.4014		16.5174
60		37.6867		4.56789		32.1193		18.1923		13.8752		0.000749165		194.505		15.2834		10.7155		16.8359
61		37.4787		4.56909		31.8974		18.1025		13.8022		0.00204624		222.494		15.2279		10.6588		16.6695
62		37.5168		4.57751		31.9661		18.1259		13.8064		0.329278		207.753		15.2384		10.6609		16.7277
63		36.969		4.49973		31.5316		17.8546		13.6274		5.04844e-05		152.932		14.9807		10.481		16.5509
64		37.8504		4.61733		32.2917		18.3039		13.9295		0.560311		181.239		15.3992		10.7819		16.8925
65		37.9025		4.60532		32.3182		18.3325		13.967		0.336594		208.729		15.4256		10.8203		16.8926
66		37.0891		4.41151		31.5653		17.8484		13.7118		9.65404e-07		206.57		14.9535		10.542		16.6118
67		37.3257		4.44136		31.7679		17.9574		13.7938		4.24146e-06		217.201		15.0258		10.5845		16.742
68		37.4937		4.53634		31.9211		18.0868		13.8286		0.000819697		191.801		15.1764		10.64		16.7447
69		37.9207		4.68152		32.3265		18.3722		13.9292		1.04013		149.255		15.4812		10.7997		16.8453
70		37.5935		4.56655		32.0401		18.1615		13.8571		0.323544		209.55		15.2467		10.6802		16.7934
71		37.3299		4.46743		31.7564		17.959		13.8117		1.4647e-07		205.769		15.025		10.5575		16.7315
72		37.4431		4.46939		31.9411		18.0487		13.853		7.8335e-05		219.641		15.1336		10.6642		16.8075
73		37.482		4.48947		31.916		18.0475		13.8585		9.47902e-06		214.931		15.1086		10.6191		16.8074
74		37.7308		4.54131		32.1308		18.1735		13.9174		1.61833e-05		177.323		15.2453		10.7039		16.8855
75		37.5929		4.5719		32.0623		18.1859		13.8654		0.000567189		166.058		15.3032		10.7313		16.7591
76		38.1556		4.64521		32.5151		18.452		14.037		0.779382		164.915		15.5437		10.8985		16.9714
77		37.3338		4.49101		31.8093		17.9978		13.78		1.07035e-06		213.96		15.0849		10.5939		16.7244
78		37.5598		4.50265		31.9843		18.0983		13.864		7.74824e-07		187.714		15.1798		10.6772		16.8045
79		38.399		4.68394		32.7501		18.5899		14.1329		0.784355		166.626		15.6856		11.0016		17.0645
80		38.1495		4.67376		32.52		18.4486		14.0398		0.278454		218.731		15.516		10.8422		17.004
81		37.3956		4.51674		31.8894		18.0491		13.8164		0.000247291		219.469		15.1212		10.6045		16.7682
82		37.3774		4.46667		31.7905		17.9854		13.8248		1.73892e-05		205.728		15.0499		10.5832		16.7407
83		37.7612		4.62064		32.1558		18.2679		13.8888		0.539064		182.562		15.3915		10.7709		16.7643
84		37.6224		4.5034		32.0245		18.1164		13.8918		0.000139293		206.856		15.1749		10.6715		16.8497
85		37.484		4.53749		31.9363		18.0857		13.8232		0.000192391		138.224		15.1799		10.6424		16.7564
86		36.6515		4.40352		31.2165		17.6615		13.5283		7.02226e-08		217.981		14.8123		10.4088		16.4042
87		37.7951		4.53326		32.1777		18.218		13.9423		4.93127e-05		180.088		15.2819		10.7487		16.8958
88		37.0609		4.45309		31.5451		17.877		13.7038		5.55298e-09		215.59		14.9792		10.5261		16.5659
89		37.562		4.50373		32.0188		18.093		13.8747		2.63364e-07		208.967		15.1476		10.6438		16.8712
90		37.994		4.6281		32.3553		18.3502		13.9675		0.306		214.077		15.4377		10.8096		16.9176
91		38.1607		4.70319		32.5237		18.4991		13.9921		1.19238		143.434		15.6482		10.945		16.8754
92		37.0696		4.41126		31.5342		17.8333		13.7025		3.27755e-05		210.298		14.9415		10.5302		16.5927
93		37.6006		4.55614		32.0364		18.1439		13.8617		0.0177436		177.584		15.2368		10.6807		16.7996
94		37.6127		4.56565		32.0619		18.1721		13.8449		0.305105		212.19		15.2764		10.7108		16.7855
95		37.4366		4.52579		31.8888		18.0731		13.8148		5.17776e-05		191.049		15.1754		10.6496		16.7134
96		37.0076		4.42748		31.4788		17.8167		13.6718		2.4961e-05		218.922		14.9307		10.5033		16.548
97		36.8201		4.40204		31.3837		17.7355		13.5949		7.23438e-07		213.366		14.8745		10.4725		16.5092
98		37.1932		4.48632		31.7136		17.9623		13.7521		2.66293e-06		218.964		15.0758		10.5895		16.6377
99		38.183		4.68652		32.5556		18.499		14.0396		0.900308		157.404		15.6093		10.9227		16.9463
100		37.5761		4.55216		32.0141		18.1503		13.8509		0.383362		202.127		15.2573		10.7051		16.7569
101		36.6593		4.39873		31.242		17.6754		13.5511		1.19302e-05		215.94		14.8187		10.4199		16.4233
102		37.3098		4.47334		31.7837		17.9855		13.8114		6.40767e-05		215.329		15.0597		10.5863		16.7241
103		36.9023		4.47121		31.4585		17.8141		13.6052		5.08097e-05		166.842		14.9577		10.4864		16.5008
104		37.2618		4.42698		31.7295		17.9287		13.7881		8.86315e-08		192.587		15.0033		10.5764		16.7261
105		37.325		4.48536		31.7942		17.9904		13.7856		4.9185e-06		218.985		15.0766		10.5912		16.7176
106		36.3618		4.30964		30.9326		17.4731		13.4667		1.82301e-05		184.65		14.609		10.2994		16.3236
107		38.4595		4.77292		32.789		18.663		14.1083		1.48066		137.094		15.7714		10.9985		17.0176
108		36.6292		4.4685		31.2008		17.7056		13.4801		0.405718		191.94		14.8916		10.4231		16.3091
109		38.1861		4.60011		32.5127		18.4266		14.0603		0.235844		217.711		15.4964		10.8963		17.0163
110		37.1892		4.50459		31.6964		17.9727		13.7268		0.00529339		185.12		15.1066		10.602		16.5898
111		37.6788		4.51862		32.0425		18.1419		13.9226		5.72007e-06		211.537		15.1959		10.6773		16.8466
112		36.9595		4.40202		31.4223		17.7769		13.6539		2.6716e-05		208.839		14.8888		10.4868		16.5335
113		36.9876		4.41156		31.4749		17.7976		13.679		3.09951e-05		206.524		14.8907		10.4791		16.5842
114		37.5032		4.51738		31.9722		18.0916		13.8535		0.0501092		109.525		15.1704		10.653		16.8018
115		37.3105		4.54239		31.7874		18.0391		13.7494		0.252258		217.996		15.18		10.6376		16.6074
116		37.3833		4.56876		31.8596		18.0981		13.7575		0.532293		182.117		15.2533		10.6845		16.6064
117		38.244		4.68575		32.6005		18.5192		14.0635		0.718261		170.406		15.6173		10.9315		16.9832
118		37.2024		4.47727		31.7151		17.9622		13.7589		2.90526e-07		216.853		15.0673		10.5901		16.6478
119		37.0767		4.45724		31.6134		17.8733		13.7048		1.3543e-06		215.408		14.9636		10.5064		16.6498
120		38.0078		4.63467		32.3869		18.3752		13.9828		0.363927		206.891		15.481		10.8463		16.9059
121		36.2648		4.35992		30.8308		17.4708		13.3981		7.06287e-05		212.724		14.6462		10.2863		16.1846
122		37.4473		4.5081		31.8758		18.0558		13.8178		0.00558946		211.352		15.1582		10.6501		16.7175
123		38.4772		4.72167		32.8195		18.6413		14.1389		1.05723		150.251		15.7193		10.9976		17.1002
124		37.6049		4.55516		32.0602		18.176		13.8666		0.146304		202.984		15.2835		10.7284		16.7767
125		37.8842		4.5408		32.2374		18.2485		13.9803		3.00401e-05		215.253		15.3004		10.7596		16.937
126		37.614		4.55422		32.0296		18.1685		13.8627		0.0149383		210.384		15.2845		10.7303		16.7451
127		37.1444		4.4568		31.5936		17.8952		13.7187		5.60843e-06		205.32		14.9977		10.5409		16.5959
128		38.2339		4.59438		32.5375		18.4122		14.11		8.08643e-06		212.794		15.4372		10.8428		17.1003
129		36.9447		4.44306		31.4978		17.8424		13.6429		0.00125997		149.168		14.9928		10.5498		16.505
130		37.7885		4.5777		32.2		18.2534		13.9326		0.000240173		146.78		15.3481		10.7704		16.8519
131		38.5136		4.68812		32.8133		18.6071		14.1891		0.351804		212.3		15.6291		10.9409		17.1842
132		36.9465		4.35931		31.3816		17.7285		13.6892		1.24677e-05		186.052		14.8001		10.4408		16.5815
133		37.6564		4.54477		32.1013		18.1757		13.8725		0.000173935		110.955		15.2637		10.7189		16.8376
134		38.102		4.6562		32.4655		18.4254		13.9968		0.538589		185.408		15.5136		10.8574		16.9519
135		36.892		4.51073		31.4622		17.8386		13.5994		2.94646e-05		116.47		14.9957		10.485		16.4665
136		37.6387		4.50488		32.0466		18.1197		13.9351		1.26324e-06		208.652		15.162		10.6571		16.8847
137		37.5514		4.5412		31.9904		18.1235		13.8736		0.000503159		125.01		15.1954		10.6542		16.795
138		38.1831		4.63497		32.5349		18.4623		14.0674		0.455884		196.342		15.5303		10.8953		17.0046
139		36.8601		4.41182		31.352		17.7263		13.6177		2.181e-06		203.211		14.8372		10.4253		16.5148
140		37.8779		4.58898		32.2451		18.2876		13.9709		0.0115721		197.593		15.3531		10.7641		16.892
141		38.3746		4.71494		32.7061		18.579		14.0939		0.880137		159.381		15.6799		10.965		17.0262
142		38.3816		4.68074		32.7011		18.5556		14.108		0.469714		192.149		15.629		10.9483		17.0721
143		37.9603		4.65023		32.351		18.3771		13.962		0.728185		166.107		15.4936		10.8433		16.8574
144		36.6718		4.40261		31.2182		17.6741		13.541		0.000169319		134.994		14.8407		10.438		16.3775
145		38.0941		4.61462		32.4529		18.4132		14.0359		0.352827		208.581		15.4944		10.8798		16.9585
146		36.9668		4.45249		31.4786		17.8352		13.6521		3.08222e-05		173.265		14.9789		10.5264		16.4997
147		36.78		4.45547		31.3583		17.7715		13.5829		0.000143804		129.954		14.9315		10.4761		16.4267
148		36.774		4.44328		31.3434		17.7504		13.5594		0.0200075		149.84		14.9045		10.4612		16.4389
149		37.4781		4.58543		31.9139		18.1262		13.7814		0.443144		192.423		15.2597		10.6743		16.6542
150		38.2232		4.65525		32.5765		18.4886		14.0615		0.677685		171.834		15.5896		10.9343		16.9869
151		37.8577		4.58448		32.2832		18.2886		13.9439		0.529605		185.344		15.3884		10.8039		16.8948
152		37.92		4.59373		32.3169		18.3169		13.96		0.373576		205.014		15.4298		10.8361		16.887
153		37.5		4.51722		31.99		18.1091		13.8547		3.22129e-06		186.507		15.2041		10.6869		16.7859
154		36.9786		4.46784		31.5228		17.8518		13.6422		0.0631681		109.509		14.9893		10.5214		16.5335
155		37.2035		4.4094		31.6175		17.8693		13.775		1.92779e-06		184.334		14.9288		10.5194		16.6887
156		36.9205		4.4455		31.4874		17.8311		13.632		8.85775e-06		175.07		14.9774		10.5319		16.5101
157		36.8387		4.39405		31.3252		17.7129		13.6297		9.21016e-06		203.185		14.8003		10.4062		16.525
158		38.4679		4.61841		32.7547		18.5481		14.2107		1.96033e-06		216.422		15.5407		10.9223		17.214
159		37.9103		4.58785		32.2738		18.2873		13.9675		5.65169e-05		171.948		15.356		10.7682		16.9177
160		38.0008		4.58952		32.347		18.3292		14.0163		1.64062e-05		212.275		15.3772		10.7877		16.9698
161		37.3936		4.558		31.8949		18.0887		13.779		0.341338		205.499		15.2065		10.6485		16.6884
162		37.7018		4.56918		32.0816		18.1996		13.8968		0.224326		213.851		15.2909		10.7217		16.7907
163		37.3889		4.5472		31.834		18.061		13.7705		0.000483304		207.844		15.1793		10.6321		16.6547
164		37.6485		4.56953		32.0936		18.1953		13.8601		0.296954		212.827		15.3107		10.7412		16.7828
165		37.2992		4.5299		31.7959		18.0294		13.7432		0.134706		180.991		15.1629		10.633		16.633
166		36.8998		4.419		31.462		17.7934		13.6422		5.86686e-07		213.663		14.9206		10.5016		16.5413
167		36.8963		4.41676		31.3712		17.755		13.6229		6.06568e-06		219.835		14.875		10.4582		16.4962
168		38.5605		4.72482		32.8908		18.689		14.1865		0.776065		165.447		15.7774		11.0526		17.1134
169		37.0629		4.3787		31.5086		17.8055		13.7222		1.12655e-06		174.206		14.88		10.5013		16.6285
170		37.6548		4.542		32.0643		18.1661		13.8719		0.00181631		162.25		15.2547		10.7127		16.8096
171		38.0359		4.65234		32.4028		18.3998		13.9919		0.684586		171.496		15.5112		10.8588		16.8916
172		38.614		4.73331		32.9107		18.6959		14.1965		0.996987		155.166		15.7635		11.0302		17.1471
173		37.3473		4.45797		31.7933		17.9831		13.8076		4.80015e-06		209.979		15.062		10.604		16.7314
174		37.1148		4.46191		31.5884		17.8704		13.7149		7.47033e-05		207.227		14.9687		10.5068		16.6197
175		37.2199		4.46085		31.7142		17.9476		13.7751		1.53357e-07		207.223		15.052		10.5911		16.6622
176		38.491		4.69202		32.8127		18.6342		14.1691		0.742283		169.801		15.7048		11.0128		17.1079
177		38.1282		4.64953		32.4787		18.4297		14.0291		0.455121		195.257		15.5098		10.8603		16.9689
178		37.0645		4.47364		31.5417		17.8846		13.6859		5.6883e-05		111.226		15.0172		10.5436		16.5245
179		37.6893		4.57045		32.1186		18.211		13.8795		0.0243799		150.07		15.3105		10.74		16.8081
180		37.1792		4.4644		31.6726		17.9263		13.7217		9.32444e-06		192.924		15.0463		10.5819		16.6263
181		37.1403		4.46788		31.6233		17.9159		13.7352		0.000266631		214.218		15.0246		10.5567		16.5987
182		37.9186		4.5332		32.3113		18.2824		14.0207		5.05096e-05		220.426		15.3114		10.7782		16.9999
183		37.5534		4.57446		32.0395		18.182		13.835		0.554062		181.242		15.3063		10.7319		16.7331
184		37.2392		4.53452		31.7622		18.0026		13.7263		0.330424		208.049		15.1244		10.5899		16.6378
185		37.5849		4.55568		32.0278		18.1545		13.8555		0.123923		184.544		15.2571		10.7014		16.7707
186		38.279		4.67748		32.6226		18.5178		14.0764		0.604772		178.794		15.598		10.9206		17.0245
187		36.9308		4.41182		31.4579		17.7969		13.6784		2.83775e-09		205.84		14.9004		10.4886		16.5575
188		37.2128		4.46199		31.6774		17.9216		13.7419		0.000100172		214.566		15.0243		10.5623		16.6532
189		37.5463		4.54563		31.9929		18.1415		13.8432		0.0863072		150.538		15.2396		10.6939		16.7533
190		37.938		4.62685		32.3376		18.3499		13.956		0.874068		157.243		15.4542		10.8274		16.8834
191		37.8023		4.58606		32.2419		18.2763		13.9661		0.0050908		202.879		15.3656		10.7795		16.8764
192		36.9121		4.47081		31.4263		17.8144		13.6052		2.67352e-06		173.942		14.9604		10.4896		16.4659
193		38.654		4.80105		33.0289		18.793		14.1906		1.54702		136.416		15.9206		11.1196		17.1083
194		36.6822		4.37261		31.2314		17.6529		13.554		5.18293e-07		206.243		14.7923		10.4197		16.4391
195		37.9185		4.59191		32.3079		18.3288		13.969		0.278351		217.432		15.4268		10.8349		16.8811
196		37.1673		4.54071		31.6774		17.9778		13.6864		0.527985		181.31		15.1307		10.59		16.5468
197		37.6488		4.5447		32.057		18.1677		13.8934		2.49007e-05		152.428		15.2684		10.7237		16.7886
198		37.2552		4.49885		31.7407		17.9738		13.7398		1.28742e-06		207.047		15.0759		10.577		16.6649
199		37.4351		4.55741		31.941		18.1109		13.8079		0.429721		196.86		15.2366		10.6792		16.7044
200		37.5542		4.57011		31.9855		18.146		13.8443		0.221581		215.665		15.2503		10.6802		16.7352
201		36.9376		4.45548		31.4471		17.8235		13.6228		0.000238273		214.174		14.9785		10.523		16.4686
202		36.7333		4.41312		31.2894		17.7026		13.5543		3.12218e-05		202.406		14.831		10.4179		16.4584
203		37.5575		4.53469		32.0246		18.1341		13.8477		0.00010919		132.286		15.2322		10.6975		16.7924
204		37.8518		4.55576		32.224		18.2407		13.9575		1.11797e-07		173.16		15.2902		10.7344		16.9338
205		37.0719		4.47672		31.6099		17.8882		13.6802		2.78789e-05		139.227		15.0045		10.5277		16.6054
206		37.8224		4.60507		32.2039		18.2976		13.9213		0.35966		202.322		15.4225		10.8174		16.7814
207		38.2023		4.69933		32.5728		18.5241		14.0552		1.13171		146.983		15.6421		10.9428		16.9307
208		38.2436		4.61161		32.61		18.4634		14.1286		1.53964e-05		164.914		15.4961		10.8845		17.1139
209		37.3392		4.55805		31.7993		18.047		13.7364		0.540521		180.033		15.1907		10.6326		16.6086
210		38.4392		4.6755		32.7585		18.5859		14.1345		0.613357		179.838		15.6516		10.9761		17.1069
211		37.0171		4.47247		31.5466		17.8738		13.6444		0.197811		215.327		15.0247		10.5522		16.5219
212		37.7126		4.55237		32.1416		18.2034		13.9258		1.13863e-05		221.233		15.279		10.7266		16.8626
213		37.32		4.53091		31.7969		18.0206		13.7443		0.0924264		155.848		15.1457		10.6148		16.6512
214		37.0375		4.45085		31.5612		17.8665		13.6703		0.000233941		162.644		14.9931		10.5422		16.5682
215		37.7835		4.6286		32.2105		18.281		13.8981		0.427859		196.785		15.3886		10.76		16.822
216		37.4012		4.52173		31.8793		18.0573		13.8086		0.000135141		186.434		15.1506		10.6288		16.7288
217		37.1407		4.43339		31.635		17.8792		13.7297		5.56338e-07		196.866		14.9718		10.5384		16.6633
218		38.1766		4.69938		32.5548		18.5117		14.0123		1.19654		144.074		15.6534		10.954		16.9014
219		38.808		4.78769		33.145		18.8287		14.2668		1.31095		141.817		15.8967		11.109		17.2483
220		37.5893		4.53266		32.027		18.1389		13.8878		1.57577e-05		215.295		15.2132		10.6805		16.8138
221		38.683		4.75731		32.9799		18.7393		14.1948		1.00385		152.837		15.8311		11.0738		17.1488
222		37.3997		4.55428		31.8809		18.0841		13.7752		0.459264		190.574		15.222		10.6677		16.6589
223		38.5201		4.72136		32.8304		18.6548		14.1615		1.06025		152.212		15.7278		11.0064		17.1027
224		37.9497		4.59768		32.3472		18.3239		13.9968		0.194919		219.404		15.3909		10.7932		16.9563
225		36.603		4.39803		31.1918		17.6464		13.525		4.923e-05		211.213		14.8033		10.4053		16.3885
226		37.8112		4.6035		32.1825		18.2675		13.9088		0.315716		210.546		15.3861		10.7826		16.7964
227		37.6571		4.57852		32.1275		18.2247		13.8882		0.425741		198.757		15.3282		10.7496		16.7993
228		37.1863		4.48561		31.6815		17.9475		13.7365		1.36536e-06		218.833		15.0543		10.5687		16.6271
229		36.7653		4.37002		31.2095		17.6792		13.5867		0.000157351		202.563		14.8122		10.4422		16.3973
230		37.6237		4.61184		32.115		18.2247		13.8319		0.889561		156.961		15.3573		10.7455		16.7577
231		37.8001		4.63356		32.2469		18.3013		13.92		0.782395		164.172		15.41		10.7764		16.8369
232		37.2843		4.49539		31.736		17.996		13.7517		4.82484e-05		114.051		15.121		10.6256		16.6149
233		37.3979		4.49487		31.7807		18.0033		13.8146		2.09016e-05		210.051		15.0703		10.5755		16.7104
234		37.2599		4.49643		31.781		17.9997		13.7461		0.000256139		165.737		15.1311		10.6346		16.6499
235		37.5863		4.56064		32.014		18.1564		13.8552		0.333484		207.713		15.2626		10.7019		16.7515
236		38.2681		4.65314		32.6045		18.5038		14.0842		0.504214		187.974		15.5866		10.9334		17.0179
237		37.3319		4.45752		31.7651		17.9595		13.8101		3.28849e-06		190.881		15.0325		10.575		16.7326
238		36.9755		4.44106		31.4853		17.8089		13.6539		1.18127e-07		212.864		14.9146		10.4736		16.5707
239		37.9849		4.58175		32.3279		18.3095		13.9968		4.02444e-06		189.254		15.3646		10.7829		16.9633
240		37.0411		4.46711		31.5952		17.8883		13.6785		4.55294e-06		188.639		15.0118		10.5447		16.5834
241		36.4374		4.34171		30.9846		17.5329		13.4805		5.06296e-05		183.585		14.6703		10.3286		16.3142
242		37.1671		4.49476		31.6729		17.9442		13.7003		0.0753736		128.755		15.0586		10.5638		16.6143
243		37.121		4.42248		31.5916		17.8445		13.723		9.06282e-08		202.227		14.9294		10.5069		16.6623
244		37.9585		4.59811		32.3726		18.3364		13.973		0.415768		198.72		15.4354		10.8372		16.9373
245		36.9863		4.39611		31.4451		17.7913		13.6808		1.47024e-06		200.421		14.8921		10.496		16.553
246		37.4233		4.49925		31.8858		18.0565		13.8221		7.29309e-06		215.349		15.1492		10.65		16.7366
247		37.5659		4.47857		31.9804		18.0694		13.8796		2.67225e-05		198.553		15.1234		10.6448		16.857
248		37.1146		4.48446		31.668		17.9347		13.6868		1.03604e-08		213.897		15.0627		10.5783		16.6053
249		38.4511		4.67833		32.7664		18.593		14.1672		0.213298		215.319		15.6472		10.9689		17.1192
250		38.127		4.65263		32.4886		18.443		14.0355		0.583612		179.966		15.523		10.8703		16.9656
251		36.9531		4.41833		31.497		17.8194		13.6522		2.13566e-05		216.396		14.9582		10.5398		16.5388
252		37.4653		4.4961		31.9062		18.0572		13.8405		5.46067e-07		216.492		15.1363		10.6401		16.7699
253		36.3026		4.30969		30.9068		17.4687		13.4404		2.51265e-07		198.888		14.6185		10.3088		16.2883
254		37.3503		4.52619		31.8366		18.0333		13.7907		1.48379e-05		206.855		15.1258		10.5996		16.7107
255		38.0484		4.62885		32.4301		18.3736		13.9807		0.514151		186.913		15.4533		10.8244		16.9768
256		37.297		4.48859		31.7528		17.9871		13.7392		1.39476e-07		180.922		15.1195		10.6309		16.6333
257		36.4872		4.34949		31.0059		17.5424		13.4819		5.68884e-09		197.732		14.6812		10.3317		16.3247
258		37.8341		4.59928		32.246		18.2979		13.9606		0.152478		207.667		15.3745		10.7752		16.8715
259		37.7506		4.58579		32.2297		18.2707		13.9113		0.308789		215.299		15.3693		10.7835		16.8604
260		37.0221		4.45488		31.5502		17.872		13.6664		5.30703e-05		217.996		15.007		10.5521		16.5432
261		37.7702		4.60118		32.173		18.2717		13.9218		0.211003		215.817		15.3633		10.7621		16.8097
262		38.2022		4.57173		32.5462		18.4079		14.1173		1.86735e-05		218.393		15.4157		10.8439		17.1306
263		37.1767		4.47442		31.6672		17.9158		13.7325		0.000708179		130.485		15.0181		10.5437		16.649
264		37.1449		4.43928		31.6426		17.8944		13.7236		2.04971e-08		200.921		14.9971		10.5578		16.6455
265		37.203		4.50989		31.7406		17.9798		13.738		0.162203		211.983		15.1054		10.5955		16.6353
266		37.5251		4.52979		31.9492		18.1024		13.8428		0.0925452		146.162		15.1906		10.6608		16.7586
267		37.1945		4.51973		31.7301		17.9887		13.7293		0.182263		217.236		15.1107		10.591		16.6194
268		36.9604		4.38277		31.4699		17.7693		13.6885		2.11322e-08		178.575		14.8433		10.4605		16.6266
269		37.8632		4.55519		32.2152		18.2539		13.9715		0.000105382		154.875		15.3088		10.7536		16.9065
270		37.2971		4.5067		31.7509		18.004		13.756		0.000648573		120.831		15.1274		10.6207		16.6235
271		37.6787		4.56058		32.0911		18.1918		13.8983		0.023689		192.041		15.2847		10.7241		16.8064
272		38.4067		4.61619		32.7054		18.519		14.1726		2.90754e-05		166.406		15.5304		10.9142		17.175
273		37.7818		4.58602		32.1991		18.2616		13.9165		0.571414		181.312		15.3622		10.7762		16.8369
274		37.3706		4.44689		31.777		17.9874		13.8121		3.07318e-07		215.655		15.0938		10.6469		16.6832
275		37.7657		4.54668		32.1494		18.2062		13.9314		0.000164342		119.664		15.2768		10.7301		16.8726
276		38.2906		4.67426		32.6482		18.5305		14.0746		0.696583		169.516		15.6292		10.9549		17.019
277		37.7009		4.52077		32.1093		18.1625		13.9459		6.01518e-07		207.973		15.2097		10.689		16.8995
278		36.5775		4.33501		31.1098		17.5883		13.5367		2.22037e-05		190.823		14.72		10.385		16.3897
279		36.9462		4.47774		31.5205		17.8505		13.6237		0.053139		108.023		14.9862		10.5085		16.5343
280		38.0872		4.66333		32.4327		18.4322		14.0134		0.382221		202.042		15.5361		10.8728		16.8967
281		37.7627		4.58253		32.2105		18.2424		13.9256		0.000213337		115.028		15.327		10.7444		16.8835
282		37.7027		4.57097		32.159		18.2256		13.8921		0.188394		219.243		15.3215		10.7505		16.8375
283		37.9716		4.59114		32.3168		18.3139		14.0046		0.0571138		111.711		15.3611		10.77		16.9556
284		38.1457		4.61396		32.4801		18.408		14.0563		0.0389977		111.176		15.4799		10.866		17.0002
285		38.4513		4.68165		32.7498		18.5724		14.1356		0.453157		197.131		15.6253		10.9436		17.1246
286		37.5346		4.55382		31.9635		18.1332		13.8379		0.121954		176.717		15.2679		10.7141		16.6956
287		37.4251		4.50564		31.8586		18.0472		13.7873		0.22356		217.872		15.1601		10.6544		16.6985
288		37.1564		4.53403		31.6926		17.9683		13.6874		0.0599082		114.904		15.1173		10.5832		16.5754
289		37.4345		4.47897		31.8867		18.0369		13.8571		0.00017475		207.781		15.1042		10.6253		16.7825
290		38.3707		4.73074		32.7205		18.5879		14.0887		1.34315		140.609		15.6809		10.9502		17.0395
291		37.7815		4.55956		32.1896		18.2426		13.9474		0.0356932		125.835		15.3037		10.7441		16.8859
292		37.6131		4.54354		32.053		18.1454		13.8673		0.0358866		120.565		15.2453		10.7018		16.8077
293		38.0159		4.60732		32.4068		18.3577		14.0149		9.98236e-06		165.676		15.4238		10.8165		16.983
294		37.9967		4.59844		32.3918		18.3605		13.9969		0.000384723		144.896		15.4313		10.8328		16.9605
295		37.1507		4.51765		31.6573		17.9452		13.6826		0.239822		216.108		15.0788		10.5611		16.5786
296		36.9088		4.42968		31.4436		17.7809		13.6361		3.87747e-07		204.554		14.8774		10.4477		16.5662
297		38.1762		4.6546		32.5674		18.4705		14.0702		0.335887		206.499		15.5343		10.8797		17.033
298		38.4292		4.75928		32.7866		18.6525		14.0878		1.55682		135.761		15.7874		11.0281		16.9992
299		38.5941		4.78222		32.9151		18.7224		14.1572		1.26735		143.316		15.8245		11.0422		17.0907
300		37.9869		4.58175		32.3361		18.3347		13.9819		0.0944079		154.803		15.4224		10.8406		16.9137
301		37.039		4.4765		31.5953		17.8894		13.6764		0.000164443		217.958		15.0278		10.5512		16.5676
302		38.529		4.67393		32.8038		18.6249		14.2059		0.0156787		216.819		15.6793		11.0053		17.1245
303		37.2408		4.46848		31.6813		17.9556		13.7751		3.86463e-09		212.912		15.0494		10.5809		16.632
304		37.7165		4.63071		32.1449		18.2515		13.8883		0.675079		170.842		15.3546		10.7239		16.7903
305		37.5332		4.51226		32.0006		18.1081		13.851		1.51823e-06		175.439		15.194		10.6817		16.8066
306		37.5328		4.49805		31.9707		18.0751		13.882		0.000297843		213.522		15.1245		10.6264		16.8462
307		37.3525		4.55315		31.8543		18.0563		13.7773		0.000461697		170.822		15.1573		10.6041		16.697
308		37.0556		4.46512		31.5934		17.8804		13.6721		2.50467e-09		108.515		15.0141		10.549		16.5793
309		37.7149		4.56222		32.1581		18.2102		13.9169		2.43265e-06		171.391		15.2892		10.727		16.8689
310		37.5889		4.54443		32.02		18.1321		13.8798		1.60829e-06		111.117		15.2021		10.6577		16.8179
311		36.4274		4.37144		31.0177		17.5561		13.473		1.08287e-05		208.794		14.7087		10.3373		16.309
312		37.8937		4.58651		32.2355		18.2762		13.9729		2.33564e-05		208.619		15.3378		10.7513		16.8977
313		37.6755		4.57277		32.1203		18.2016		13.8802		0.168572		212.686		15.2941		10.7213		16.8262
314		38.4472		4.68807		32.7861		18.6141		14.1694		0.667715		171.137		15.6913		11.0033		17.0948
315		37.5368		4.54081		31.9737		18.1093		13.8321		2.65303e-06		203.287		15.1937		10.6529		16.78
316		37.2154		4.44963		31.69		17.926		13.7762		3.17061e-05		212.333		15.0004		10.5507		16.6896
317		38.1848		4.72145		32.5509		18.5077		14.0063		1.08286		147.724		15.6354		10.914		16.9155
318		38.2383		4.61253		32.5265		18.4548		14.1008		9.55663e-05		112.167		15.5146		10.9021		17.0119
319		37.311		4.50908		31.8311		18.0297		13.7809		5.301e-05		175.461		15.1375		10.6285		16.6936
320		37.2443		4.57229		31.8023		18.0496		13.7165		0.3237		210.469		15.2061		10.6338		16.5961
321		38.088		4.67312		32.4669		18.4449		14.0076		0.69037		171.908		15.5479		10.8748		16.919
322		38.1292		4.63188		32.4495		18.4148		14.0469		0.193756		214.892		15.499		10.8671		16.9506
323		37.75		4.54269		32.1492		18.202		13.9275		6.21056e-05		160.252		15.2736		10.7309		16.8755
324		37.6588		4.5489		32.1157		18.192		13.8991		0.183912		216.17		15.2697		10.7208		16.846
325		37.2237		4.47019		31.7049		17.9429		13.7531		9.47916e-08		214.35		15.0412		10.571		16.6637
326		37.9419		4.59758		32.3137		18.3193		13.9871		0.00362953		166.818		15.3893		10.7917		16.9245
327		38.017		4.64518		32.3982		18.3916		13.9763		0.640495		174.487		15.491		10.8458		16.9071
328		37.7028		4.5533		32.1471		18.21		13.8845		0.311149		212.383		15.3157		10.7624		16.8314
329		38.2486		4.59405		32.5269		18.4397		14.1297		0.00015436		192.587		15.4686		10.8745		17.0583
330		37.2151		4.48192		31.7069		17.9682		13.7298		0.257429		214.545		15.0833		10.6013		16.6236
331		38.0493		4.6208		32.3887		18.3645		14.0065		0.0281364		135.46		15.4307		10.8099		16.958
332		37.9277		4.59869		32.2996		18.3185		13.967		0.456135		190.265		15.4146		10.816		16.885
333		38.024		4.59578		32.3693		18.3664		14.0172		0.358298		203.936		15.4304		10.8346		16.9388
334		37.2294		4.46536		31.7013		17.931		13.759		1.45257e-06		215.854		15.0161		10.5507		16.6852
335		37.4044		4.51471		31.8359		18.0186		13.8063		2.22186e-08		213.506		15.0766		10.5619		16.7593
336		38.0821		4.68078		32.4624		18.4552		13.9984		1.04899		150.466		15.5846		10.9039		16.8778
337		38.6667		4.6944		32.9201		18.6662		14.245		0.00227471		111.638		15.6777		10.9833		17.2424
338		37.9046		4.58206		32.3201		18.2999		13.99		9.79833e-06		115.753		15.3623		10.7802		16.9578
339		38.3261		4.66636		32.6491		18.5379		14.1007		0.659041		173.792		15.625		10.9587		17.0241
340		37.4046		4.46006		31.8458		18.0265		13.8342		0.000137067		220.542		15.1085		10.6484		16.7373
341		37.765		4.59263		32.1958		18.2546		13.9224		1.18178e-06		112.41		15.3186		10.726		16.8772
342		37.3208		4.49848		31.7597		17.9814		13.7787		1.10317e-05		220.179		15.0679		10.5694		16.6918
343		37.521		4.52519		31.945		18.0926		13.8309		8.06662e-07		115.35		15.2012		10.676		16.7438
344		37.8218		4.59449		32.2732		18.274		13.941		0.191376		221.403		15.3557		10.7612		16.9176
345		38.3907		4.65819		32.6837		18.5195		14.1421		0.439773		200.125		15.5464		10.8882		17.1373
346		37.2854		4.55879		31.7676		18.0428		13.7163		0.582921		176.21		15.1933		10.6345		16.5743
347		37.3961		4.51616		31.9011		18.0598		13.8095		2.66616e-05		128.044		15.1598		10.6436		16.7413
348		38.1619		4.59847		32.5243		18.4269		14.0716		0.00162608		117.414		15.4693		10.8708		17.055
349		37.7698		4.55266		32.2011		18.2305		13.9627		6.53042e-06		176.326		15.3055		10.7528		16.8956
350		37.9603		4.6335		32.3443		18.3606		13.9608		0.76829		164.465		15.4586		10.8251		16.8856
351		38.0167		4.59414		32.3853		18.3437		14.0114		2.39199e-06		109.313		15.403		10.8089		16.9822
352		38.0235		4.65401		32.4232		18.4148		13.9849		0.682065		171.498		15.5258		10.8718		16.8975
353		38.1115		4.68675		32.5096		18.4652		14.0285		0.460947		195.135		15.5632		10.8765		16.9464
354		38.0654		4.61781		32.4368		18.3814		13.9993		0.787359		163.838		15.4619		10.8441		16.9749
355		38.584		4.70279		32.8661		18.6585		14.2081		0.447958		195.923		15.7236		11.0208		17.1425
356		37.8637		4.63769		32.254		18.3243		13.9369		0.797986		162.439		15.4344		10.7967		16.8195
357		37.9686		4.63175		32.3785		18.3522		13.9696		0.360803		207.046		15.4376		10.8059		16.9409
358		37.5978		4.54607		32.069		18.1526		13.8704		0.000251727		184.191		15.2497		10.7036		16.8193
359		37.2678		4.45853		31.733		17.9557		13.7669		1.69671e-07		209.522		15.0371		10.5786		16.6958
360		37.7489		4.6444		32.1692		18.2751		13.8776		0.593687		178.552		15.4003		10.7559		16.7689
361		38.3993		4.67693		32.7079		18.555		14.1524		0.302367		212.035		15.6015		10.9246		17.1064
362		38.7107		4.74592		33.0303		18.7694		14.2185		1.04121		151.984		15.8635		11.1176		17.1668
363		36.5934		4.35004		31.1716		17.6088		13.5324		2.52139e-05		206.35		14.7274		10.3774		16.4442
364		37.7294		4.56338		32.107		18.2005		13.9142		4.24868e-05		108.891		15.285		10.7216		16.822
365		37.5539		4.57779		31.995		18.1434		13.827		0.137501		181.258		15.2453		10.6675		16.7497
366		37.6908		4.59989		32.1027		18.2038		13.8672		0.203627		217.418		15.3085		10.7086		16.7942
367		37.6621		4.58927		32.0961		18.207		13.8572		0.687169		168.551		15.3223		10.733		16.7738
368		38.4646		4.71173		32.7813		18.6245		14.1455		0.858399		160.948		15.7027		10.991		17.0785
369		37.1139		4.43284		31.6096		17.8909		13.7436		5.3679e-06		198.108		14.9999		10.5671		16.6096
370		36.4903		4.32671		30.983		17.5165		13.5188		2.88267e-06		173.913		14.6145		10.2878		16.3685
371		36.7319		4.42109		31.2687		17.7044		13.5682		3.79366e-06		166.509		14.8497		10.4286		16.419
372		37.9143		4.59215		32.2669		18.323		13.9873		0.191502		215.411		15.4076		10.8155		16.8593
373		36.3912		4.34622		30.9455		17.5108		13.463		5.93945e-06		189.738		14.6704		10.3241		16.2752
374		38.0392		4.60528		32.4001		18.375		14.0029		0.183584		217.842		15.4723		10.867		16.9278
375		36.8071		4.43438		31.3858		17.7762		13.5908		2.924e-05		111.989		14.9324		10.498		16.4535
376		37.9441		4.5788		32.3186		18.3079		13.9721		7.02397e-07		112.767		15.37		10.7912		16.9486
377		37.6282		4.56676		32.0307		18.1496		13.8635		0.00497269		170.871		15.2291		10.6623		16.8016
378		37.5478		4.5412		32.0008		18.1332		13.8416		0.0294545		127.342		15.2341		10.6929		16.7667
379		38.2599		4.63324		32.5738		18.4686		14.0812		0.237492		218.875		15.5364		10.9031		17.0374
380		38.0318		4.66979		32.3913		18.4264		13.9726		1.04685		148.871		15.5679		10.8981		16.8234
381		37.8938		4.57738		32.3173		18.296		13.9908		1.5893e-05		161.915		15.3553		10.778		16.9619
382		37.1722		4.46076		31.6889		17.9201		13.7346		1.34525e-08		211.143		15.0186		10.5578		16.6704
383		36.8748		4.46937		31.4524		17.8176		13.61		0.0233719		136.043		14.9608		10.4915		16.4916
384		37.3631		4.52896		31.8597		18.0456		13.7872		0.0822008		117.809		15.14		10.6111		16.7197
385		38.5144		4.70176		32.8282		18.6245		14.164		0.566793		185.53		15.678		10.9762		17.1502
386		36.5692		4.33716		31.1203		17.5974		13.5416		2.7151e-09		192.532		14.7371		10.3999		16.3832
387		37.9995		4.65185		32.3861		18.3893		13.9632		0.765298		166.235		15.5145		10.8627		16.8716
388		37.4306		4.49727		31.8267		18.0136		13.8058		5.9946e-05		214.636		15.0864		10.5892		16.7403
389		36.7922		4.41859		31.3643		17.7405		13.6002		3.78172e-06		178.893		14.8658		10.4472		16.4985
390		38.153		4.60925		32.4459		18.4233		14.0763		1.84834e-05		199.728		15.4793		10.8701		16.9665
391		38.0151		4.655		32.3986		18.4148		13.9621		0.946024		154.38		15.5676		10.9126		16.8311
392		37.82		4.54499		32.2468		18.2488		13.97		6.17834e-08		215.336		15.3244		10.7794		16.9224
393		36.8281		4.3486		31.2679		17.6541		13.6306		3.33829e-08		172.008		14.7407		10.3921		16.5271
394		36.5364		4.40042		31.1221		17.6361		13.5229		2.17164e-05		212.597		14.7844		10.384		16.3377
395		37.1887		4.47757		31.682		17.9447		13.7121		0.00144632		192.64		15.0742		10.5967		16.6077
396		37.7287		4.54281		32.1348		18.1899		13.9222		0.00422077		173.516		15.2446		10.7017		16.8902
397		37.1078		4.43286		31.5227		17.8344		13.722		7.48118e-09		192.059		14.9112		10.4783		16.6116
398		37.5397		4.56584		32.0157		18.1508		13.8428		0.384234		201.619		15.2438		10.678		16.7719
399		37.6268		4.54589		32.0771		18.1709		13.8897		0.246775		218.24		15.2537		10.7078		16.8234
400		36.952		4.41368		31.466		17.8089		13.6733		2.77983e-05		202.873		14.9289		10.5153		16.5371
401		37.5549		4.5467		31.9995		18.1354		13.8463		0.000439408		109.656		15.2399		10.6932		16.7596
402		38.2259		4.65819		32.5785		18.4959		14.0674		0.702115		170.226		15.5777		10.9195		17.0008
403		37.2453		4.49588		31.7813		18.006		13.7418		7.77234e-05		136.743		15.1366		10.6407		16.6446
404		38.1056		4.64704		32.4565		18.4303		14.033		0.535603		185.074		15.5079		10.8609		16.9486
405		37.0256		4.37551		31.4696		17.7759		13.7144		1.71668e-08		178.739		14.8474		10.4719		16.6222
406		38.1006		4.63798		32.4897		18.4246		14.0475		0.215511		221.021		15.4864		10.8484		17.0033
407		37.1844		4.47507		31.6976		17.9399		13.7239		6.73655e-06		210.855		15.0592		10.5841		16.6384
408		38.1009		4.58808		32.3904		18.3719		14.0714		3.39456e-06		216.99		15.404		10.816		16.9864
409		36.9344		4.47886		31.5066		17.8574		13.6258		6.95458e-06		115.569		15.0167		10.5378		16.4899
410		37.0039		4.48559		31.5357		17.8705		13.636		0.293191		209.453		15.0024		10.5168		16.5334
411		38.1895		4.64883		32.4963		18.4523		14.0412		0.64741		173.403		15.5332		10.8843		16.9631
412		38.2758		4.6008		32.5567		18.4442		14.1402		0.000127811		217.878		15.4704		10.8696		17.0863
413		37.9695		4.63151		32.3923		18.3758		13.9601		0.360742		207.587		15.4695		10.838		16.9228
414		38.584		4.66184		32.873		18.6234		14.2044		0.549009		186.701		15.6636		11.0017		17.2094
415		37.8087		4.59925		32.1804		18.2669		13.9316		0.230534		214.55		15.3685		10.7692		16.8119
416		37.9115		4.6071		32.2807		18.3104		13.9574		6.39157e-05		154.131		15.401		10.7939		16.8797
417		36.9408		4.41463		31.4661		17.7919		13.6635		6.5927e-05		204.173		14.8887		10.4741		16.5774
418		37.9499		4.63027		32.341		18.3647		13.9954		0.625047		176.727		15.4473		10.817		16.8937
419		38.3944		4.6646		32.7157		18.5635		14.1282		0.457521		197.569		15.6304		10.9658		17.0853
420		36.2064		4.26323		30.7467		17.3598		13.4152		1.44853e-06		168.291		14.4958		10.2326		16.2509
421		38.3904		4.65673		32.6957		18.5462		14.1236		0.370514		205.664		15.6128		10.9561		17.0829
422		37.4086		4.53933		31.8659		18.0465		13.7657		7.40363e-05		112.328		15.1509		10.6116		16.715
423		37.987		4.61736		32.3319		18.3545		14.0104		0.453231		193.028		15.4244		10.8071		16.9075
424		37.4036		4.52879		31.8746		18.0674		13.8003		7.35815e-05		218.756		15.181		10.6522		16.6936
425		36.7921		4.3873		31.3224		17.7051		13.6168		1.36337e-05		208.918		14.8127		10.4255		16.5096
426		37.9228		4.52271		32.243		18.2241		14.0078		9.17512e-07		208.924		15.2275		10.7048		17.0155
427		38.3013		4.65174		32.6603		18.5297		14.1102		0.56413		184.745		15.5961		10.9444		17.0642
428		38.0344		4.5792		32.3598		18.3295		14.0174		2.68707e-05		182.632		15.3786		10.7994		16.9812
429		37.5548		4.51194		32.0103		18.1168		13.8578		5.68702e-06		121.347		15.2141		10.7021		16.7963
430		38.1744		4.68659		32.5583		18.519		14.0253		1.47826		135.671		15.661		10.9744		16.8972
431		37.1892		4.49045		31.6973		17.9568		13.7282		0.00441614		202.892		15.0907		10.6002		16.6066
432		36.6543		4.37696		31.2096		17.6705		13.5882		4.49417e-09		211.184		14.798		10.421		16.4117
433		36.8207		4.4248		31.3839		17.76		13.6146		1.61923e-05		215.923		14.8774		10.4526		16.5065
434		38.6883		4.72935		32.9309		18.7128		14.2353		0.572029		184.205		15.758		11.0287		17.1729
435		36.7264		4.3913		31.2639		17.6986		13.5698		1.77567e-05		213.858		14.8655		10.4742		16.3984
436		37.7161		4.60473		32.1362		18.2382		13.894		0.521472		185.453		15.3369		10.7322		16.7993
437		37.7901		4.5668		32.2093		18.2506		13.9433		0.000220126		113.979		15.3304		10.7636		16.8789
438		37.6461		4.55237		32.0724		18.17		13.8967		4.13003e-06		219.76		15.2394		10.687		16.833
439		37.6855		4.58139		32.146		18.2287		13.8922		0.344127		210.042		15.3465		10.7651		16.7995
440		38.2023		4.65346		32.5461		18.4739		14.0618		0.393956		203.323		15.5598		10.9063		16.9863
441		36.8178		4.4863		31.3865		17.7963		13.5687		0.00104379		108.306		14.9672		10.4809		16.4193
442		38.6924		4.78394		32.9978		18.7744		14.1976		1.5471		135.425		15.8769		11.0929		17.121
443		36.9701		4.47712		31.4828		17.8249		13.6542		0.000180448		215.312		14.9224		10.4453		16.5603
444		38.4069		4.66068		32.7025		18.5431		14.1295		0.48181		191.781		15.5963		10.9356		17.1062
445		36.3058		4.31116		30.8962		17.4575		13.4503		8.15166e-07		180.255		14.6094		10.2983		16.2867
446		37.5192		4.54366		31.9805		18.1264		13.8229		4.76292e-05		120.236		15.2305		10.6868		16.75
447		38.2563		4.66463		32.5541		18.4878		14.0886		0.727982		168.227		15.5536		10.8889		17.0006
448		37.6716		4.60963		32.105		18.2484		13.8704		0.566194		180.534		15.3784		10.7688		16.7266
449		37.508		4.52202		31.9888		18.1068		13.8685		3.30425e-10		214.946		15.1829		10.6609		16.8058
450		38.1874		4.59552		32.4883		18.4018		14.0876		0.153321		208.435		15.4249		10.8294		17.0633
451		37.3209		4.49724		31.7718		17.9926		13.7761		0.000335561		152.392		15.0848		10.5875		16.6871
452		36.8239		4.4129		31.3831		17.7418		13.6039		4.70355e-05		214.765		14.8529		10.44		16.5302
453		37.9083		4.58266		32.2381		18.3071		13.9887		7.08079e-05		109.405		15.3963		10.8136		16.8418
454		38.2849		4.63556		32.5733		18.4751		14.0883		0.28476		214.95		15.5422		10.9066		17.0311
455		38.4584		4.70687		32.7832		18.6182		14.1385		0.918123		158.182		15.7017		10.9948		17.0815
456		38.0472		4.64389		32.4578		18.4184		13.987		0.685159		172.274		15.5312		10.8873		16.9267
457		37.4191		4.52411		31.8624		18.078		13.8002		6.54768e-06		119.282		15.2001		10.676		16.6623
458		37.7697		4.55739		32.1424		18.2318		13.9209		0.110625		173.814		15.3211		10.7637		16.8212
459		38.9828		4.74951		33.2341		18.8456		14.3429		0.603646		179.914		15.8657		11.1162		17.3684
460		37.7409		4.55297		32.1527		18.2079		13.9212		0.0274884		134.908		15.2664		10.7134		16.8864
461		38.5576		4.76639		32.8943		18.714		14.155		1.19412		145.546		15.8226		11.0562		17.0717
462		37.1391		4.475		31.6401		17.9123		13.7309		1.90021e-05		214.655		15.0012		10.5262		16.639
463		37.5863		4.55388		32.0515		18.1548		13.8539		7.07107e-05		110.094		15.2586		10.7048		16.7928
464		37.703		4.57509		32.1399		18.216		13.9084		0.0107286		183.1		15.298		10.723		16.8419
465		37.7063		4.56999		32.1447		18.2273		13.9047		0.124594		193.54		15.3264		10.7564		16.8183
466		37.2051		4.49566		31.7023		17.9528		13.7412		0.000135971		173.983		15.0687		10.573		16.6336
467		38.3963		4.68787		32.6757		18.559		14.1065		0.725111		168.877		15.6472		10.9593		17.0286
468		37.814		4.63981		32.2033		18.295		13.8914		1.00568		150.884		15.4133		10.7735		16.79
469		37.6317		4.53387		32.0589		18.1513		13.9006		7.0398e-06		222.916		15.2456		10.7117		16.8133
470		38.2709		4.58126		32.518		18.4098		14.1311		6.18916e-05		209.921		15.4083		10.8271		17.1096
471		38.1697		4.62647		32.4969		18.4178		14.0779		0.000106178		123.666		15.4654		10.8389		17.0315
472		38.0193		4.65483		32.4201		18.4098		13.9865		0.515468		188.195		15.5086		10.8538		16.9115
473		38.0489		4.64248		32.4444		18.3909		13.9888		0.666478		172.373		15.4712		10.8287		16.9732
474		37.9677		4.61839		32.3146		18.3435		13.968		0.241247		218.668		15.4378		10.8194		16.8768
475		38.4093		4.72992		32.7298		18.6152		14.1207		0.691982		171.306		15.7136		10.9837		17.0163
476		38.0026		4.61869		32.4001		18.3754		14.0198		0.200616		217.807		15.4452		10.8265		16.9549
477		37.6973		4.55616		32.1107		18.1951		13.9005		1.3069e-06		111.54		15.2837		10.7275		16.8271
478		36.9806		4.44098		31.4787		17.8321		13.6643		3.75582e-08		212.734		14.9647		10.5237		16.514
479		37.4497		4.52707		31.9432		18.0928		13.817		7.01174e-06		113.558		15.1996		10.6725		16.7436
480		36.8768		4.44601		31.4343		17.812		13.6094		4.9883e-05		124.655		14.9834		10.5374		16.4509
481		38.6563		4.70153		32.8964		18.6695		14.2279		0.441201		197.445		15.7055		11.0039		17.1909
482		38.2335		4.67792		32.5724		18.4998		14.0474		0.851701		158.237		15.6104		10.9325		16.962
483		37.5661		4.56954		32.0251		18.1498		13.8261		0.241931		217.169		15.2401		10.6705		16.785
484		36.322		4.3711		30.9459		17.523		13.4222		3.17084e-08		210.52		14.7065		10.3354		16.2393
485		38.4209		4.68724		32.7312		18.5797		14.1367		0.648129		175.347		15.6368		10.9495		17.0944
486		36.8303		4.42724		31.3979		17.7778		13.6109		1.12223e-05		209.725		14.9202		10.493		16.4776
487		36.9868		4.42739		31.4682		17.8047		13.6923		1.17647e-08		200.432		14.8925		10.4652		16.5757
488		37.1066		4.43135		31.5778		17.855		13.7082		0.000138998		210.364		14.9302		10.4988		16.6476
489		37.0533		4.47514		31.5853		17.894		13.676		0.000238252		161.006		15.023		10.5479		16.5623
490		37.9461		4.60163		32.3114		18.3345		13.977		0.308193		210.728		15.4086		10.8069		16.9028
491		37.0242		4.39075		31.4872		17.8063		13.6859		2.01107e-06		186.469		14.9161		10.5253		16.5712
492		37.4328		4.47138		31.9062		18.0385		13.8439		6.41115e-05		206.859		15.1055		10.6341		16.8007
493		36.9682		4.43266		31.4865		17.8205		13.6641		3.50705e-06		207.813		14.9426		10.51		16.5439
494		36.8041		4.37558		31.2639		17.6745		13.6304		2.64288e-06		178.212		14.7654		10.3898		16.4985
495		37.733		4.61345		32.1485		18.2523		13.8942		0.55882		180.946		15.3441		10.7306		16.8044
496		37.0499		4.47149		31.5923		17.8741		13.6904		7.91982e-06		215.542		14.9876		10.5161		16.6047
497		38.088		4.60821		32.4449		18.394		14.0465		0.107478		167.513		15.4452		10.837		16.9996
498		38.6057		4.70812		32.9		18.6857		14.1945		0.880317		160.948		15.7606		11.0525		17.1395
499		37.8777		4.57994		32.311		18.2764		13.9633		2.08144e-05		159.428		15.3088		10.7289		17.0022
500		37.3948		4.53434		31.8344		18.0428		13.7792		0.401884		196.084		15.1547		10.6204		16.6797
