0
0
0
0
0
792
3244
7250
12705
16718
18798
18538
17023
15281
13285
11735
10646
9481
8617
7619
7233
6356
5867
5007
4367
3620
3220
2716
2322
1966
1758
1496
1350
1196
1063
952
882
857
813
687
632
701
659
641
658
648
614
564
618
629
586
603
587
619
645
654
617
658
648
720
708
713
729
725
721
728
721
714
680
704
692
691
771
790
749
752
743
758
766
769
744
713
736
748
799
731
738
722
730
713
733
709
753
733
709
718
652
668
738
690
724
648
683
689
670
673
626
615
649
645
636
608
583
625
561
587
582
587
587
526
523
527
517
500
509
499
475
458
491
475
476
438
456
450
443
475
485
428
392
440
455
403
449
408
381
381
419
398
390
354
397
353
368
338
344
358
322
382
309
301
324
302
300
325
321
297
304
289
293
299
261
278
305
277
276
254
250
249
239
286
237
256
241
242
240
247
224
240
225
229
218
197
217
216
208
196
193
204
212
195
211
184
204
185
160
197
218
180
183
181
182
199
177
153
186
151
159
164
169
182
153
155
165
141
147
175
157
166
132
185
134
145
128
157
140
134
151
177
135
131
137
137
122
134
122
113
142
137
128
108
124
99
121
115
109
121
107
97
111
105
110
102
113
111
107
115
109
103
103
100
89
107
85
86
85
93
95
95
91
104
98
88
78
90
85
92
85
86
81
78
90
81
90
87
97
106
87
67
82
70
73
77
85
63
78
74
82
67
83
57
76
68
66
78
57
65
70
55
65
73
74
62
54
66
61
64
59
58
59
53
44
53
49
55
55
62
52
70
83
64
43
50
51
66
53
55
49
44
41
47
65
77
53
47
40
44
41
43
42
47
43
43
47
42
60
45
45
45
40
41
37
33
38
47
41
32
31
45
44
40
34
49
34
33
39
35
48
35
25
36
37
33
38
28
35
38
38
41
36
26
40
35
34
27
28
30
29
29
27
20
42
40
34
23
28
32
35
31
22
21
29
28
29
20
25
30
22
25
21
29
33
34
22
26
21
26
32
23
21
31
22
21
24
20
23
25
25
20
20
21
14
22
34
27
31
22
30
19
22
18
21
25
27
24
21
24
22
25
23
24
26
23
27
18
15
14
23
27
20
29
16
24
4
20
24
20
14
24
19
31
24
19
22
17
21
19
21
21
18
19
12
26
24
18
25
18
20
18
19
22
24
26
30
30
27
20
12
14
17
25
21
21
13
16
23
15
20
15
19
17
27
24
18
26
22
13
10
16
14
12
24
16
21
18
21
17
18
15
16
17
18
23
17
25
25
14
19
20
22
19
22
15
19
16
19
14
22
15
22
23
18
20
15
16
13
23
19
16
14
17
21
16
13
18
20
23
21
17
17
20
14
18
18
16
17
20
19
21
24
16
24
17
19
23
15
12
14
15
18
29
16
18
27
25
26
13
24
12
20
19
20
19
23
22
23
20
12
13
20
11
19
19
16
25
12
18
24
19
19
22
20
24
15
18
18
17
16
21
16
16
25
16
22
17
22
19
13
15
18
12
27
26
29
25
19
11
23
22
22
25
21
25
22
19
22
18
24
22
18
15
18
14
21
21
19
17
16
22
20
23
20
18
13
21
28
14
22
20
13
18
24
16
17
20
25
22
19
22
24
20
21
22
19
15
23
25
30
19
12
21
15
26
22
20
18
14
22
19
19
14
20
22
13
18
15
18
28
15
18
20
13
14
16
16
23
24
17
10
18
20
20
19
19
18
15
20
21
18
19
12
9
24
27
18
18
20
21
16
25
16
18
11
18
15
14
24
17
25
12
19
19
28
29
15
24
17
19
19
14
13
19
18
23
16
16
12
23
16
23
22
12
18
15
13
16
18
19
22
15
25
24
21
21
20
22
15
11
20
14
27
17
22
16
16
17
14
25
15
16
22
20
12
14
17
21
17
20
12
18
19
21
20
12
24
20
17
23
21
13
21
19
25
7
17
19
28
13
13
16
22
23
14
16
11
15
13
14
19
15
18
22
16
16
22
16
19
18
19
22
15
17
9
19
16
10
15
23
17
17
15
16
13
18
8
15
11
19
11
15
19
15
22
16
21
21
24
16
20
13
18
15
22
17
13
17
8
13
13
19
17
19
10
21
19
27
18
10
20
10
15
15
12
13
12
11
11
10
10
8
14
15
10
12
15
15
12
10
20
15
19
15
15
17
15
12
14
16
21
9
10
21
17
12
15
8
12
21
12
18
23
12
11
8
16
20
14
16
14
23
8
18
9
17
10
10
18
9
14
19
7
12
12
12
14
17
13
13
15
6
14
17
18
6
24
11
6
11
19
13
6
13
7
11
12
12
9
9
8
18
11
12
10
11
11
14
17
15
10
12
16
13
18
11
12
11
14
16
9
11
12
16
12
9
13
15
11
13
13
16
10
10
18
8
14
17
9
15
15
13
1
13
13
13
15
13
10
11
10
8
10
7
9
11
12
6
13
10
12
5
12
7
8
15
10
6
8
9
11
10
12
16
12
10
2
9
10
6
6
10
12
12
9
18
6
6
13
16
11
12
12
10
10
13
13
4
12
17
16
17
18
15
16
12
14
27
34
17
17
9
10
5
16
12
9
10
13
9
2
10
6
8
5
9
5
12
10
10
11
4
12
12
9
12
10
5
10
10
11
8
11
13
10
8
8
9
10
14
5
17
11
9
14
10
6
8
5
11
6
9
6
13
9
12
16
7
9
3
4
3
7
4
7
6
9
11
9
11
9
4
10
6
9
14
12
9
9
9
13
10
9
5
11
6
7
10
8
6
4
7
9
13
10
9
9
4
10
6
3
8
13
14
8
8
9
7
7
8
5
10
12
6
13
8
7
1
6
5
5
8
4
5
7
7
7
6
6
6
5
11
9
8
7
6
9
7
7
7
2
8
8
10
4
5
2
4
10
6
9
4
6
6
4
2
4
8
7
5
9
10
5
12
4
6
9
6
5
5
4
3
6
8
6
8
7
7
8
7
5
4
10
3
5
6
7
8
5
7
10
4
7
2
3
8
3
4
10
9
5
4
6
8
2
10
4
3
3
10
7
3
8
6
2
9
2
7
5
8
9
4
7
3
1
9
4
4
6
9
5
8
2
6
5
4
4
8
5
4
7
10
3
5
7
7
9
4
7
5
7
2
5
8
5
5
6
4
2
3
5
6
6
5
5
2
5
4
12
4
7
2
3
7
5
5
9
2
1
8
4
6
3
3
3
2
4
2
4
2
5
0
9
2
3
4
3
5
5
4
7
4
4
1
2
5
9
1
3
8
6
2
2
3
6
4
5
2
1
4
2
2
6
2
3
6
3
2
4
6
9
16
67
170
276
253
87
15
4
3
3
0
2
2
1
5
1
4
6
1
4
2
1
3
1
0
2
5
5
4
0
1
0
7
2
0
5
0
2
0
3
1
2
3
1
3
1
2
1
3
0
0
1
0
0
2
0
2
1
0
2
2
2
2
6
10
19
36
51
63
22
2
1
1
1
3
1
2
2
2
1
2
2
3
1
1
2
1
2
0
0
2
1
1
2
1
0
2
3
3
4
0
0
1
1
1
1
0
2
1
0
2
0
1
2
2
0
0
0
0
0
1
1
0
0
2
0
1
0
1
1
1
1
1
0
0
4
1
1
1
4
1
0
0
0
0
1
2
0
0
0
0
1
0
3
1
0
2
2
0
1
0
0
0
1
0
2
3
1
1
0
0
2
1
0
1
0
0
2
1
1
2
1
0
1
0
1
0
1
0
1
2
1
1
0
0
0
0
0
1
1
0
1
1
0
0
1
1
2
1
0
1
3
0
0
1
1
0
1
2
0
0
0
0
0
1
0
0
0
0
1
0
0
0
1
0
0
1
0
0
0
0
0
0
0
1
1
1
0
0
0
1
1
1
0
0
1
1
0
0
1
1
0
0
0
0
0
0
0
1
1
0
1
0
0
0
0
0
0
0
0
0
0
1
0
0
0
0
0
0
0
0
0
0
0
0
0
1
0
0
0
0
0
0
1
0
1
5
2
0
2
0
0
1
0
2
0
0
0
0
0
0
0
0
0
0
0
0
0
1
0
0
0
0
0
0
0
0
0
0
0
0
0
1
0
0
0
1
0
0
0
0
0
1
1
0
0
1
0
0
0
0
0
0
0
0
0
0
0
0
0
0
0
0
0
0
0
0
1
0
0
0
1
0
0
0
0
0
0
0
0
0
0
0
1
0
0
0
0
0
0
0
0
0
0
0
0
0
0
0
1
0
0
1
0
0
0
0
0
0
0
0
0
0
0
0
0
0
0
0
0
0
1
1
0
0
0
0
0
0
0
0
0
0
0
0
0
0
0
0
0
0
1
0
0
0
0
1
0
0
0
0
0
0
0
0
0
0
0
0
0
0
0
0
0
0
0
0
0
0
0
0
0
0
0
0
0
0
0
0
0
0
0
0
0
0
0
0
0
0
1
0
0
0
1
2
0
0
0
0
0
0
0
0
0
0
0
0
0
0
0
0
0
0
0
0
0
0
0
0
0
1
0
0
0
0
0
1
0
0
0
0
0
0
0
0
0
0
0
0
0
0
0
0
1
0
0
0
0
0
0
0
0
0
0
0
0
0
0
0
0
0
0
0
0
0
0
0
0
0
0
0
0
0
0
0
0
0
0
0
0
0
0
0
0
0
0
0
0
0
0
0
0
0
0
0
0
0
1
0
0
0
0
1
0
0
0
0
0
0
0
0
0
0
0
0
0
0
0
0
0
0
0
0
0
0
0
0
0
0
0
0
0
0
0
0
0
0
0
0
0
0
0
0
0
0
0
0
0
0
0
0
1
1
0
0
0
0
1
0
0
0
0
0
0
0
0
0
0
0
0
0
0
0
0
0
0
0
1
0
0
0
1
0
0
0
0
0
0
0
0
0
0
0
0
0
0
0
0
0
0
0
0
0
0
0
0
0
0
0
0
0
0
0
0
0
0
0
0
0
0
0
0
0
0
0
0
0
0
0
0
0
0
1
0
0
0
1
1
0
0
0
0
0
0
0
1
0
0
0
0
0
0
0
0
0
0
0
0
0
0
0
0
0
0
0
0
0
1
0
0
1
0
0
0
0
0
1
0
0
0
0
0
0
0
0
0
0
0
0
0
0
0
0
0
0
0
0
1
0
0
0
0
0
0
0
0
0
1
0
0
0
0
0
0
0
0
0
0
0
0
0
0
0
0
1
0
0
0
0
0
0
0
0
0
0
0
0
0
0
0
0
0
0
0
0
0
0
0
0
0
0
0
1
0
1
0
0
0
0
0
0
0
0
0
0
0
0
0
1
0
0
0
0
0
0
0
0
0
0
0
0
0
0
0
0
0
0
0
0
0
0
0
0
0
0
0
0
0
0
0
0
0
0
0
0
0
0
0
0
0
0
0
0
0
0
0
0
0
0
0
0
0
0
0
0
0
0
0
0
0
0
0
0
0
0
0
0
0
0
0
1
0
0
0
0
0
0
0
0
0
0
0
0
1
0
0
1
1
0
0
0
0
0
0
0
0
0
0
0
0
1
1
0
0
0
0
0
0
0
1
0
0
0
0
0
0
0
0
0
0
0
0
0
0
0
0
0
0
0
0
0
0
0
0
0
0
0
0
0
0
0
0
0
0
0
0
0
0
0
0
0
0
0
0
0
0
0
0
1
0
0
0
0
0
0
0
0
0
1
0
0
1
0
0
0
0
0
0
1
1
0
0
0
0
0
0
0
0
0
0
0
0
0
0
1
0
0
0
0
0
0
0
0
0
0
0
0
0
0
0
0
0
0
0
0
0
0
0
0
0
0
0
0
0
0
0
0
0
0
0
0
0
0
0
0
0
0
0
0
0
0
0
0
0
0
0
0
0
0
0
0
0
1
0
0
0
0
0
0
0
0
0
0
0
0
0
0
0
0
0
0
0
0
0
0
0
0
0
0
1
0
0
0
0
0
0
0
0
0
0
0
0
0
0
0
0
0
0
0
0
0
0
0
0
0
0
0
0
0
0
0
0
0
0
0
0
0
0
0
0
0
0
1
1
0
0
0
0
0
0
0
0
0
0
0
0
0
0
0
0
0
0
1
0
0
0
0
0
0
0
0
0
0
0
0
0
0
0
0
0
1
0
0
0
0
0
0
0
0
0
0
0
0
0
0
0
0
0
0
0
0
0
0
0
0
0
0
0
0
0
0
0
0
0
0
0
0
0
0
0
0
0
0
0
0
0
0
0
0
0
0
0
0
0
0
0
0
0
0
0
0
0
0
0
0
0
0
0
0
0
0
0
0
0
0
0
0
0
0
0
0
0
0
0
0
0
0
0
0
0
0
0
0
0
0
0
0
0
0
0
0
0
0
0
0
0
0
0
0
0
1
0
0
0
0
0
0
0
0
0
0
0
0
0
0
0
0
0
0
0
0
0
0
0
0
0
0
0
0
0
1
0
0
0
0
0
0
0
0
0
0
0
0
0
0
0
0
0
0
0
0
0
0
0
0
0
0
0
0
0
0
0
0
0
0
0
0
0
0
0
0
0
0
0
0
0
0
0
0
0
1
0
0
0
0
0
0
0
0
0
0
0
0
0
0
0
0
0
0
0
0
0
0
0
0
0
0
0
0
0
0
0
0
0
0
0
0
0
0
0
0
0
0
0
0
0
0
0
1
0
0
0
0
0
0
0
0
0
0
0
0
0
0
0
0
0
0
0
0
0
0
0
0
0
0
0
0
0
0
0
0
0
0
0
0
0
0
0
0
0
0
0
0
0
0
0
0
0
0
0
0
0
0
0
0
0
0
0
0
0
0
1
0
0
0
0
0
0
0
0
0
0
0
0
0
0
0
0
0
0
0
0
0
0
0
0
0
0
0
0
0
0
0
0
0
0
0
0
0
0
0
0
0
0
0
0
0
0
0
0
0
0
0
0
0
0
0
0
0
0
0
0
0
0
0
0
0
0
0
0
0
0
0
0
0
0
0
0
0
0
0
0
0
0
0
0
0
0
0
0
0
0
0
0
0
0
0
0
0
0
0
0
1
0
0
0
0
0
0
0
0
0
0
0
0
0
0
0
0
0
0
0
0
0
0
0
0
0
1
0
0
0
0
0
0
0
0
0
0
0
0
0
0
0
0
0
0
0
0
0
0
0
0
0
0
0
0
0
0
0
0
0
0
0
0
0
0
0
0
0
0
0
1
0
0
0
0
0
0
0
0
0
0
0
0
0
0
1
0
0
0
0
0
0
0
0
0
0
0
0
0
0
0
0
0
0
0
0
1
0
0
0
0
0
0
0
0
0
0
0
0
0
0
0
0
0
0
0
0
0
0
0
0
0
0
0
0
0
0
0
0
0
0
0
0
0
0
0
0
0
0
0
0
0
0
0
0
0
0
0
0
0
0
0
0
0
0
0
0
0
0
0
0
0
0
0
0
0
0
0
0
0
0
0
0
0
0
0
0
0
0
0
0
0
0
0
0
0
0
0
0
0
0
0
0
0
0
0
0
0
0
0
0
0
0
0
0
0
0
0
0
0
0
0
0
0
0
0
0
0
0
0
0
0
0
0
0
0
0
0
0
0
0
0
0
0
0
0
0
0
0
0
0
0
0
0
0
0
0
0
0
0
0
0
0
0
0
0
0
0
0
0
0
0
0
0
0
0
0
0
0
0
0
0
0
0
0
0
0
0
0
0
0
0
0
0
0
0
0
0
1
0
0
0
0
0
0
0
0
0
0
0
0
0
0
0
0
0
0
0
0
0
0
0
0
0
0
0
0
0
0
0
0
0
0
0
0
0
0
0
0
0
0
0
0
0
0
1
0
0
0
0
0
0
1
0
0
0
0
0
0
0
0
0
0
0
0
0
0
0
0
0
0
0
0
0
0
0
0
1
0
0
0
0
0
0
0
0
0
0
1
0
0
0
0
0
0
0
0
0
0
0
0
0
0
0
0
0
0
0
0
0
0
0
0
0
0
0
0
0
0
0
0
0
0
0
0
0
0
0
0
0
0
0
0
0
0
0
0
0
0
0
0
0
0
0
0
0
0
0
0
0
0
0
0
0
0
0
0
0
0
0
0
0
0
0
0
0
0
0
0
0
0
0
0
0
0
0
0
0
0
0
0
0
0
0
0
0
0
0
0
0
0
0
0
0
0
0
0
0
0
0
0
0
0
0
0
0
0
0
0
0
0
0
0
0
0
0
0
0
0
0
0
0
0
0
0
0
0
0
0
0
0
0
0
0
0
0
0
0
0
0
0
0
0
0
0
0
0
0
0
0
0
0
0
0
0
0
0
0
0
0
0
0
0
0
0
0
1
0
0
0
0
0
0
0
0
0
0
0
0
1
0
1
0
0
0
0
0
0
0
0
0
0
0
0
0
0
0
0
1
0
0
0
0
0
0
0
0
0
0
0
0
0
0
0
0
0
0
0
0
0
0
0
0
0
0
0
0
0
0
0
0
0
0
0
0
0
0
0
0
0
0
0
0
0
0
1
0
0
0
0
0
0
0
0
0
0
0
0
0
0
0
0
0
0
0
0
0
0
0
0
0
0
0
0
0
0
0
0
0
0
1
0
0
0
0
0
0
0
0
0
0
0
0
0
0
0
0
0
0
0
0
0
0
0
0
0
0
0
0
0
0
0
0
0
0
1
0
0
0
0
0
0
0
0
0
0
0
0
0
0
0
0
1
0
0
0
0
0
0
0
0
0
0
0
0
0
0
0
0
0
0
0
0
0
0
0
0
0
0
0
0
0
0
0
0
0
0
0
0
0
0
0
0
0
0
0
0
0
0
0
0
0
0
0
0
0
0
0
0
0
0
0
0
0
0
0
0
0
0
0
0
0
0
0
0
0
0
0
0
0
0
0
0
0
0
0
0
0
0
0
0
0
0
0
0
0
0
0
0
0
0
0
0
0
0
0
0
0
0
0
0
0
0
0
0
0
1
0
0
0
0
0
0
0
0
0
0
0
0
0
0
0
0
0
0
0
0
0
0
0
1
0
0
0
0
0
0
0
0
0
0
0
0
0
0
0
0
0
0
0
0
0
0
0
0
0
0
0
0
0
0
0
0
0
0
0
0
0
0
0
0
0
0
0
0
0
0
0
0
0
0
0
1
0
0
0
0
0
0
0
0
0
0
0
0
0
0
1
0
0
0
1
0
0
0
0
0
0
0
0
1
0
0
0
0
0
0
0
0
0
0
0
0
0
0
0
0
0
0
0
0
0
0
0
0
0
0
0
0
0
1
0
0
0
0
0
0
0
0
0
0
0
0
0
0
0
0
0
0
0
0
0
1
0
0
1
0
0
0
1
0
0
0
0
0
0
0
0
0
0
0
0
0
0
0
0
0
0
0
0
0
0
0
0
0
0
0
0
0
0
0
0
0
0
0
0
0
0
0
0
0
1
0
0
0
0
0
0
0
0
0
0
1
0
0
0
0
0
0
0
0
0
0
0
0
0
0
0
0
0
0
0
0
0
0
0
0
0
0
0
0
0
0
0
0
0
0
0
0
0
0
0
0
0
0
0
0
0
0
0
0
1
0
0
0
0
0
0
0
0
0
0
0
0
0
0
0
0
0
0
0
0
0
1
0
0
0
0
0
0
0
0
0
0
0
0
0
0
0
0
0
0
1
0
0
0
0
0
0
0
1
0
0
0
0
0
0
0
0
0
0
0
0
0
0
0
0
0
0
0
0
0
0
0
0
0
0
0
0
0
0
0
0
1
0
0
0
0
0
0
0
0
0
0
0
0
0
0
0
0
0
0
0
0
0
0
0
0
0
0
0
0
0
0
0
0
0
0
0
0
0
0
0
0
0
0
0
1
0
0
0
0
0
0
0
0
0
0
0
0
0
0
0
0
1
0
0
0
0
0
1
0
0
0
0
0
0
0
0
0
0
0
0
0
0
0
0
0
0
0
0
0
0
0
0
0
0
0
0
0
0
0
0
0
0
0
1
0
0
0
0
0
0
0
0
0
0
0
0
0
0
0
0
0
0
0
0
0
0
0
0
0
0
0
0
0
0
0
0
0
0
0
0
0
0
0
0
0
0
0
0
0
0
0
0
0
0
0
0
0
0
0
1
0
0
0
0
0
0
0
0
0
0
0
0
0
0
0
0
1
0
0
0
0
0
0
0
0
0
1
0
0
0
0
0
0
0
0
0
0
0
0
0
0
0
0
0
0
0
0
1
0
0
0
0
0
0
0
0
0
0
0
0
0
0
0
0
0
0
0
0
0
0
0
0
1
0
0
0
0
0
0
0
0
0
0
0
0
0
0
0
0
0
0
0
0
0
0
0
0
0
0
0
0
0
0
0
0
0
0
0
0
0
0
0
1
0
0
0
0
0
0
0
0
0
0
0
0
0
0
0
1
0
0
0
0
0
0
0
0
0
1
0
0
0
0
0
0
0
0
0
0
0
0
0
0
0
0
0
0
0
0
0
0
0
0
0
1
0
0
0
0
0
0
0
0
0
0
0
0
0
0
0
0
0
0
0
0
0
0
0
0
0
0
0
0
0
0
0
0
0
0
0
0
0
0
0
0
0
0
1
0
0
0
0
0
0
0
0
0
0
0
0
1
0
0
0
0
1
0
0
1
0
0
0
0
0
0
0
0
0
1
0
0
1
0
0
0
0
0
1
2
0
0
1
0
0
0
0
0
0
0
0
0
0
0
0
0
0
0
0
0
0
0
0
0
1
0
0
1
0
0
0
0
0
0
0
0
0
1
0
0
0
0
0
0
0
0
0
0
0
0
0
0
0
0
0
0
0
0
0
0
1
0
0
0
0
0
0
0
0
0
0
0
0
0
0
0
0
1
0
0
1
0
0
0
0
0
0
0
0
0
0
0
0
0
0
0
0
0
0
0
0
0
0
0
0
0
0
0
0
0
1
0
0
0
0
0
0
0
0
1
0
0
0
0
0
0
0
0
0
0
0
0
0
0
0
0
0
0
0
0
0
0
0
0
0
0
0
0
0
0
0
0
0
0
0
0
0
0
0
0
0
0
0
0
0
0
0
0
0
0
0
0
0
0
0
1
1
0
0
0
0
0
0
0
0
0
0
1
1
0
0
0
0
0
0
0
0
0
0
0
0
0
0
0
0
0
0
0
0
0
0
0
0
0
1
0
0
0
1
0
0
0
0
0
0
0
1
1
0
0
1
0
0
0
0
0
0
0
1
1
0
0
3
0
0
0
0
0
0
0
0
0
0
0
0
0
0
0
0
0
0
1
0
0
0
0
0
1
0
0
0
0
0
0
0
0
0
1
0
0
1
0
1
0
0
0
0
0
0
0
0
0
0
1
0
0
0
0
0
0
0
0
0
0
0
1
0
0
0
0
0
1
0
0
0
0
0
0
0
0
1
0
0
0
0
0
0
1
0
0
0
0
0
1
1
0
0
0
1
0
0
3
0
1
0
0
0
0
0
0
2
0
0
0
2
0
0
0
0
2
0
1
0
0
0
1
0
0
0
1
1
1
0
0
0
0
0
0
1
1
0
2
0
0
0
0
0
1
1
1
3
1
0
0
2
1
0
0
0
0
1
0
1
0
0
0
0
0
2
1
0
0
0
0
0
1
0
1
0
0
2
1
0
0
0
0
0
0
0
1
1
0
1
0
0
0
0
0
0
0
1
0
1
0
0
0
1
0
0
2
2
0
0
0
0
0
1
0
1
0
0
0
0
0
1
0
2
0
1
1
0
1
0
0
1
0
0
0
1
0
0
1
0
1
0
0
0
0
2
0
2
1
2
0
2
1
0
1
