0
0
0
0
0
4
4
7
33
57
136
384
1258
3063
6089
11484
18442
25361
30380
32417
31771
29525
26739
23568
20442
16867
14252
12275
10139
8371
7168
5829
5027
4446
3644
3179
2783
2440
2195
1982
1830
1715
1668
1559
1491
1560
1489
1420
1388
1478
1416
1405
1451
1448
1478
1481
1495
1573
1608
1647
1626
1667
1723
1829
1748
1850
1821
1876
1935
1998
1922
1982
2027
2113
2117
2087
1965
2155
2142
2158
2182
2167
2169
2235
2204
2204
2145
2208
2201
2226
2084
2133
2215
2174
2166
2215
2182
2138
2061
2129
2123
2067
2133
2128
2154
2039
2000
1961
1991
1979
2008
1900
1972
1910
1898
1870
1824
1863
1764
1942
1822
1818
1740
1799
1701
1623
1666
1612
1571
1591
1619
1574
1565
1516
1464
1485
1434
1426
1351
1431
1426
1309
1304
1335
1277
1253
1246
1245
1252
1194
1181
1223
1180
1137
1101
1128
1101
1050
1104
1082
1026
997
1005
1025
975
949
952
936
953
880
883
851
863
848
852
881
866
875
846
782
832
807
734
771
773
727
768
710
728
717
686
675
679
651
668
1243
1166
1159
1129
1095
1111
1095
1175
1052
1023
1034
1023
1019
1018
965
1036
947
979
916
873
915
904
975
886
894
871
864
873
872
803
834
788
842
793
766
831
753
768
704
734
752
791
828
946
786
741
722
695
663
648
631
695
623
650
610
622
626
630
601
571
608
565
586
580
567
590
527
537
535
506
526
526
524
540
524
486
486
537
497
447
481
479
475
480
451
495
495
419
447
398
416
436
481
424
418
425
412
379
431
482
504
456
405
380
379
372
400
383
359
370
339
367
372
367
358
356
362
353
309
310
359
340
321
319
320
306
319
328
307
307
290
317
324
293
295
260
259
300
248
287
262
331
282
300
292
276
275
233
281
244
245
256
232
278
278
324
357
363
242
234
231
233
233
231
228
221
212
241
237
225
207
216
228
225
214
230
217
217
209
202
217
202
208
196
199
198
193
233
207
193
193
178
198
167
176
178
188
182
205
205
179
186
170
177
192
170
176
154
171
167
155
165
183
167
171
171
175
165
166
173
175
158
154
170
176
168
153
183
161
154
139
171
119
177
128
172
124
151
163
148
153
158
155
156
137
137
136
152
141
136
134
144
165
154
136
144
143
136
141
157
117
141
146
161
150
138
132
127
149
141
118
144
142
133
141
141
138
127
136
128
133
131
155
165
157
155
122
123
145
111
121
131
130
115
126
121
126
126
138
121
129
135
128
115
133
134
123
118
123
139
129
122
141
103
129
108
122
136
187
187
145
112
136
118
126
146
130
118
123
121
123
106
114
120
128
141
142
127
122
108
128
129
134
104
115
127
126
132
116
116
120
135
131
118
117
126
130
123
125
98
127
135
114
119
141
106
117
114
116
124
99
143
126
133
126
117
132
104
133
147
124
122
106
126
118
129
153
130
115
134
115
122
133
138
136
108
143
115
121
116
119
140
119
120
129
145
138
119
132
152
143
145
143
133
142
138
130
121
135
125
131
109
125
117
131
114
130
124
125
127
126
106
139
106
134
144
108
127
142
119
152
143
138
134
150
118
162
117
119
127
136
130
134
115
111
134
137
128
144
152
132
138
136
127
108
144
186
155
142
134
117
127
143
119
131
125
124
141
149
114
152
131
126
120
139
138
142
117
130
123
109
134
127
128
133
108
140
123
126
129
139
148
134
131
126
124
117
132
161
109
128
130
124
132
143
153
127
125
125
129
133
120
111
114
139
115
131
126
132
143
117
139
140
148
115
124
120
139
124
140
138
147
111
121
129
131
123
125
131
129
124
131
112
120
155
143
108
111
129
126
125
136
127
106
105
129
119
153
110
119
128
122
135
108
133
111
134
129
139
110
124
130
110
111
135
139
133
131
125
126
110
138
143
114
131
123
101
108
122
123
132
109
117
135
112
118
99
140
143
121
125
112
119
103
133
122
121
111
94
114
144
111
119
129
127
106
109
131
119
128
113
119
108
115
107
120
126
120
114
124
120
129
125
121
118
144
118
106
132
122
94
132
114
120
115
113
114
118
118
115
107
117
136
121
112
112
115
103
111
92
105
110
128
116
115
115
106
125
92
102
124
131
106
117
106
128
112
100
123
107
114
108
99
111
112
120
117
101
122
109
117
101
110
112
93
113
113
98
111
106
103
113
120
119
121
124
139
117
105
111
99
130
107
100
118
81
106
120
110
107
94
100
109
96
107
121
104
96
102
101
85
105
93
111
92
108
95
94
95
99
104
111
111
114
109
112
114
105
95
91
97
112
93
108
107
101
96
92
101
107
85
97
103
108
98
102
94
118
105
84
98
93
93
110
87
93
96
94
101
91
91
107
94
89
100
112
86
82
97
76
87
99
78
71
107
102
101
103
103
93
94
106
108
67
90
103
83
106
77
79
98
81
92
89
87
80
96
92
69
87
81
100
90
87
99
85
71
96
90
71
87
83
98
99
82
80
87
88
82
83
79
89
80
86
89
100
75
86
84
71
73
93
75
71
69
82
85
89
90
79
79
80
86
97
92
79
85
73
75
91
71
80
69
75
75
85
80
75
76
87
73
77
71
75
71
79
77
88
83
77
89
74
93
68
80
78
65
90
66
58
72
73
85
66
81
80
66
79
73
77
78
64
70
68
65
74
84
58
66
71
69
75
64
79
62
71
64
69
59
75
78
66
90
60
77
69
61
71
71
53
65
85
58
57
62
58
61
70
61
70
61
57
79
82
55
49
63
46
59
61
44
72
63
69
64
47
80
64
64
61
65
60
50
47
64
72
58
55
60
59
63
63
58
68
68
68
66
62
46
62
58
57
70
59
59
57
50
62
77
69
64
63
52
57
68
52
53
51
55
57
61
43
56
64
55
61
48
49
57
64
53
41
48
58
52
55
45
58
56
67
31
60
56
63
55
49
56
46
43
55
48
52
45
41
47
36
46
45
34
43
46
37
37
41
47
48
50
42
58
43
45
46
51
36
48
52
27
41
38
57
51
55
39
28
46
45
47
50
41
47
35
34
37
39
38
40
40
49
51
43
40
46
51
50
49
47
33
58
37
33
41
33
34
39
33
52
35
31
40
31
41
28
36
39
36
35
33
47
49
48
33
47
36
31
33
35
38
52
43
32
36
29
39
42
46
36
38
30
34
32
31
28
39
36
44
36
34
27
25
41
31
23
44
20
39
36
32
31
30
34
29
30
30
39
34
36
34
28
33
33
30
29
38
30
36
18
34
31
32
28
26
35
27
25
21
31
16
20
19
25
18
25
22
27
32
29
26
27
25
16
24
29
24
28
26
26
16
24
16
16
18
22
26
24
31
21
22
19
18
25
21
21
17
21
17
16
25
21
20
19
23
18
26
17
23
19
15
23
24
25
17
17
24
22
13
19
12
17
16
24
18
14
35
106
378
798
797
357
96
27
18
13
20
11
12
15
12
25
14
15
19
10
14
18
13
14
14
17
15
23
15
11
7
13
13
21
12
10
17
9
9
10
8
8
8
11
10
9
11
11
10
13
11
5
17
11
13
15
11
14
10
15
17
12
12
8
17
50
153
291
253
117
26
9
19
9
8
6
12
7
11
10
8
8
15
10
3
10
12
11
9
9
9
4
8
4
8
6
8
5
9
12
7
11
9
10
12
5
9
8
10
7
11
3
10
8
2
5
6
11
5
3
8
6
5
10
5
5
3
4
6
1
13
5
7
4
3
3
3
7
3
5
2
8
4
4
7
8
8
6
3
5
4
4
5
8
3
10
5
7
4
5
10
2
6
4
8
5
7
6
9
4
4
3
4
4
5
9
6
4
5
4
7
2
2
1
3
3
3
7
4
6
2
1
2
0
2
3
3
1
2
4
4
4
3
5
4
3
8
3
2
3
3
2
4
3
2
5
5
1
3
5
2
3
1
2
4
5
2
2
2
2
3
4
3
2
0
3
1
5
2
0
1
3
2
0
0
5
4
0
3
3
2
2
3
3
1
0
3
1
1
4
1
2
2
1
2
2
2
3
3
1
1
4
3
6
4
2
2
2
2
0
1
2
2
0
3
0
4
0
4
1
0
1
0
2
2
2
3
0
0
1
2
2
1
0
4
1
8
8
9
4
3
0
0
2
0
1
0
0
0
0
1
1
0
0
1
0
0
1
0
0
3
2
1
0
1
2
0
1
1
1
0
1
1
0
2
1
1
0
1
2
0
2
0
0
0
0
1
2
0
0
0
1
1
0
0
0
0
2
1
1
0
0
0
2
0
0
0
0
0
1
0
1
1
0
0
0
0
1
1
2
0
2
2
1
1
0
0
0
0
1
1
2
2
1
0
0
0
0
0
1
0
0
0
1
0
0
0
1
1
0
1
0
1
2
0
0
0
1
0
1
0
0
1
1
0
1
1
0
0
1
0
0
0
0
0
0
0
1
0
1
0
0
0
0
0
0
1
1
1
0
0
0
0
1
1
1
0
1
1
0
0
0
0
0
0
1
0
1
1
0
0
0
2
0
0
2
0
0
0
0
1
0
0
1
0
0
2
0
0
1
0
1
1
2
0
0
1
1
0
0
1
1
0
1
0
0
2
0
0
0
1
1
1
0
0
2
0
0
1
0
0
0
1
0
0
0
1
0
0
0
1
0
0
0
0
0
1
0
0
0
0
0
0
0
1
0
0
0
0
0
0
0
0
0
0
0
1
0
0
0
0
0
0
0
0
0
0
0
0
0
0
0
0
0
0
0
0
0
0
0
0
0
0
0
0
0
0
0
0
0
0
0
0
0
0
0
0
1
0
0
1
0
0
0
0
0
0
0
0
1
0
0
0
0
0
0
0
0
1
1
0
1
0
0
2
0
2
1
0
1
0
2
2
0
0
2
0
0
2
0
0
1
1
0
0
0
1
1
0
0
1
3
1
0
1
0
1
0
1
0
0
0
0
0
1
0
0
0
0
0
0
0
1
0
0
0
0
0
0
1
0
0
0
0
0
0
0
0
0
0
0
0
0
0
1
0
0
0
0
0
0
1
0
0
0
0
0
0
1
0
2
0
0
0
0
0
0
1
0
0
0
0
0
0
0
0
0
0
1
0
0
0
1
1
0
2
5
5
4
1
1
0
0
0
1
0
1
1
1
0
1
0
0
2
0
0
0
1
0
0
0
1
0
0
0
0
0
0
0
0
0
0
0
0
1
0
0
1
0
0
0
0
0
0
0
1
0
0
0
0
0
0
0
0
1
0
0
0
0
0
0
0
0
1
1
0
0
1
1
0
1
0
0
1
1
0
0
0
0
0
0
0
0
0
0
0
0
0
0
0
0
0
0
0
0
0
0
0
0
0
0
0
2
0
0
0
0
0
0
0
0
0
1
1
0
0
0
0
0
0
0
1
1
0
0
0
0
0
0
1
0
0
0
1
0
0
0
0
1
0
0
0
1
0
1
0
0
0
0
0
0
0
0
0
0
0
0
0
0
0
1
0
0
0
0
0
1
0
0
0
0
0
0
0
0
0
0
0
1
0
0
0
0
0
1
0
1
0
1
1
0
0
0
0
0
0
0
0
0
0
0
0
0
0
0
0
0
2
0
0
0
1
0
0
0
0
0
0
0
1
0
0
0
0
0
0
0
0
0
0
0
0
1
0
0
1
0
1
1
1
3
2
2
0
0
0
0
0
0
1
0
1
0
0
0
0
0
0
0
0
1
0
0
1
1
0
1
1
0
0
0
0
1
0
0
0
0
0
0
0
2
0
0
1
0
0
1
0
0
0
0
0
0
0
0
0
0
0
1
1
2
0
0
0
1
0
0
0
0
0
0
1
0
0
0
0
0
0
0
0
0
0
0
1
0
0
0
0
1
0
0
0
0
0
0
0
0
0
0
1
0
0
1
0
0
0
0
2
0
0
0
0
1
0
0
0
1
0
0
0
0
0
0
0
0
0
0
1
0
0
1
0
0
1
0
0
0
0
0
0
0
0
0
0
0
0
1
0
0
0
0
0
0
0
0
0
1
0
0
0
0
1
0
0
0
0
1
2
2
0
0
1
1
1
0
0
0
0
0
0
2
1
0
0
1
0
0
0
0
0
0
0
0
0
0
0
0
0
0
0
0
0
0
0
0
0
0
0
0
0
0
0
0
0
1
0
0
0
0
0
0
0
1
1
0
0
0
1
0
0
2
1
0
0
0
0
0
0
1
0
0
1
0
1
1
0
0
0
1
0
1
0
0
0
0
0
1
0
0
1
0
0
0
0
0
0
0
0
0
0
0
0
0
0
0
0
0
0
0
0
0
0
0
0
0
0
0
0
0
0
0
0
0
0
0
0
0
0
0
0
1
0
0
0
0
0
0
0
0
1
1
0
0
0
0
0
0
0
0
0
0
2
0
0
0
0
0
0
0
0
0
0
0
0
0
0
0
2
0
0
0
0
1
0
0
0
0
0
2
0
0
0
0
0
1
0
0
0
0
0
1
0
0
0
1
0
0
0
0
1
0
0
0
0
0
1
0
1
0
0
1
0
0
0
0
1
0
0
0
0
0
0
0
0
0
0
0
0
0
0
0
1
0
1
0
0
0
2
0
0
0
0
0
0
0
1
0
0
0
1
0
0
1
0
0
0
0
1
0
1
0
0
0
0
0
0
1
0
0
1
0
0
0
1
0
0
1
0
0
0
0
0
1
0
0
0
1
0
0
0
0
0
0
0
1
0
0
0
0
0
0
1
0
2
0
0
0
0
0
0
1
0
1
2
0
0
1
0
0
0
0
0
0
0
1
0
0
0
0
0
0
0
1
1
0
0
1
0
1
0
0
0
0
1
0
0
0
0
0
0
1
1
0
1
1
0
1
0
0
0
0
0
0
1
0
0
0
1
0
1
0
0
1
1
0
1
0
0
0
0
0
0
0
0
0
0
0
0
0
1
0
0
0
0
0
0
0
0
0
0
0
0
0
0
0
1
0
0
0
0
1
0
1
1
0
0
0
0
0
1
0
0
0
0
0
0
0
0
0
0
0
0
0
1
0
0
0
0
0
0
0
0
0
0
0
0
0
0
0
0
2
0
0
0
0
0
0
0
0
1
0
0
1
0
0
0
0
0
1
0
0
0
0
0
0
0
0
0
0
0
0
0
0
1
0
0
0
0
0
1
0
1
0
0
1
0
0
0
0
0
0
0
0
1
0
0
1
0
0
0
1
0
0
1
1
0
0
0
0
0
0
0
0
0
0
0
0
0
2
0
0
0
0
0
0
0
0
1
0
0
0
1
1
0
1
0
0
0
0
0
0
1
1
0
1
0
0
0
0
0
0
0
0
0
0
0
0
0
0
0
0
0
0
0
0
0
0
0
0
0
1
1
0
0
0
1
2
0
0
2
0
0
0
1
0
0
1
0
1
0
1
0
0
1
1
0
0
0
2
0
0
0
0
0
0
0
1
0
0
1
1
0
0
0
0
0
0
0
0
0
0
0
0
0
0
0
0
1
0
0
0
0
0
2
0
0
0
0
2
0
0
1
1
0
0
0
0
0
0
1
0
0
0
0
0
0
0
0
0
0
0
0
0
0
0
0
0
0
1
1
0
0
0
0
0
0
1
0
1
0
0
0
0
0
0
0
0
0
0
0
0
0
1
0
0
0
0
1
0
0
0
0
0
1
0
0
0
0
1
0
0
0
0
0
1
0
1
1
0
0
0
1
0
0
0
1
0
1
0
0
0
2
0
1
0
1
0
0
0
0
0
0
1
0
0
0
1
0
0
0
0
1
1
0
0
0
0
0
0
1
0
0
0
1
0
0
0
0
0
0
0
0
0
0
0
0
0
0
0
1
0
0
0
0
0
1
0
1
2
1
0
0
0
0
0
1
0
0
0
0
0
1
0
0
0
0
0
1
0
0
1
0
0
1
0
1
0
0
0
0
0
0
0
1
0
0
1
0
0
0
0
0
1
0
1
0
0
0
0
0
0
0
0
1
0
1
0
0
0
0
0
0
0
0
0
0
0
0
1
0
1
0
0
0
1
0
0
1
0
0
0
0
0
0
1
1
1
0
0
0
3
0
0
0
1
0
0
0
0
0
0
0
0
0
0
0
0
0
0
0
0
0
0
0
0
1
1
0
1
0
1
1
0
0
0
0
0
0
1
0
0
0
0
0
0
0
0
0
0
0
0
0
2
0
1
0
0
1
0
0
0
0
0
0
0
1
1
0
0
0
0
0
0
0
0
0
0
0
1
1
0
2
0
0
0
0
3
0
1
0
0
0
1
0
0
1
0
0
1
0
1
0
1
0
1
0
0
0
0
0
2
0
0
0
1
0
0
0
0
0
0
0
0
0
0
0
1
2
0
0
0
0
1
0
0
1
0
0
0
1
0
0
0
0
0
0
0
1
1
0
0
0
0
0
0
2
1
1
0
3
0
1
0
1
0
1
0
0
0
0
0
1
0
0
1
0
0
1
0
1
1
1
1
1
0
1
0
1
0
0
0
1
1
0
0
0
0
0
0
0
1
0
0
0
1
0
0
0
1
0
1
0
0
0
0
0
1
0
1
0
0
2
0
0
0
1
0
1
0
0
0
0
0
2
0
0
0
0
1
1
0
0
0
0
0
0
0
0
0
1
1
1
0
1
0
0
0
2
1
0
0
1
0
0
0
0
2
1
0
0
0
0
1
0
0
0
0
0
0
0
0
0
0
1
0
0
1
0
0
1
0
0
0
0
0
0
1
0
0
0
0
0
1
0
0
0
0
0
1
0
0
0
0
1
0
0
2
0
0
0
0
1
0
1
0
0
0
1
0
1
0
1
1
0
1
0
0
0
1
0
1
0
0
0
0
0
0
0
1
0
0
1
0
0
0
0
1
0
0
0
1
0
1
1
1
0
0
1
0
0
1
0
0
0
1
0
0
1
0
0
0
0
1
0
1
0
0
0
0
1
0
0
0
0
0
0
0
0
1
0
0
0
0
0
0
0
0
1
1
0
0
2
0
0
1
2
0
0
1
1
0
0
0
0
0
0
0
0
0
0
1
2
0
1
0
0
1
0
0
0
1
1
0
1
0
0
0
0
0
1
0
0
1
0
0
0
0
1
0
0
0
1
0
1
0
1
0
0
0
0
0
1
0
1
1
0
0
0
0
0
0
0
1
0
1
0
1
0
0
0
0
0
0
1
0
2
0
0
0
0
0
0
0
0
1
0
1
0
0
1
0
1
1
0
0
0
0
1
1
1
0
0
2
0
1
0
0
1
1
0
0
0
2
0
1
0
0
1
0
0
1
0
0
0
1
1
0
1
0
0
1
0
1
1
0
0
1
1
0
0
0
1
0
0
0
0
0
0
1
0
0
0
0
0
0
0
0
0
0
0
0
0
0
0
1
0
1
0
0
0
0
0
0
0
0
0
0
0
0
0
0
0
0
0
0
0
1
0
0
0
0
0
0
0
0
0
0
0
0
0
0
1
0
0
1
1
0
0
0
0
0
0
0
0
1
0
0
1
1
0
0
1
1
0
0
0
0
0
0
0
0
0
0
0
1
1
1
0
2
1
0
0
0
0
0
0
0
1
1
1
0
0
0
1
1
0
0
1
2
0
1
0
0
0
0
1
0
0
0
1
1
0
0
0
1
0
0
0
0
1
1
0
2
0
0
0
0
0
0
0
0
1
0
0
1
1
1
0
0
0
0
0
0
1
0
2
0
0
0
0
1
1
1
0
1
1
1
0
1
0
0
0
0
0
0
1
0
0
0
0
0
0
1
0
0
2
0
1
0
0
0
1
0
0
0
0
0
0
0
0
0
0
0
1
0
0
0
2
0
0
0
1
0
0
0
0
0
0
0
1
0
0
0
1
1
1
0
0
0
1
1
0
0
1
0
0
0
0
0
0
0
1
2
0
0
1
1
4
0
1
0
0
0
3
0
0
0
0
0
0
1
0
0
0
0
0
1
0
0
1
1
2
1
1
0
0
0
0
0
0
0
0
0
2
0
0
0
0
1
0
0
0
0
0
0
0
0
2
0
0
0
0
0
3
0
0
0
0
0
1
1
0
4
2
0
0
0
0
0
1
0
0
1
0
0
0
1
1
1
1
0
0
0
0
0
0
1
1
0
0
0
2
0
1
1
0
1
1
1
0
0
0
0
2
1
0
1
2
0
0
0
2
2
1
0
2
0
1
0
0
0
1
0
1
2
1
0
1
0
0
2
0
0
0
0
0
0
0
1
1
0
0
0
0
0
0
0
0
0
2
0
0
0
1
0
0
1
0
0
0
0
0
0
0
0
0
0
0
0
0
0
1
0
0
0
0
0
0
1
1
0
1
0
0
1
0
0
0
0
0
1
1
0
0
0
0
1
0
2
0
0
0
0
2
1
0
0
0
0
0
0
0
0
2
1
0
2
0
1
1
1
0
0
0
0
1
1
0
2
0
0
1
0
0
0
2
0
1
1
0
1
0
2
2
0
0
2
1
0
0
1
1
0
1
0
1
0
2
1
1
0
2
0
0
0
1
0
0
1
0
1
0
0
0
0
1
1
0
0
2
2
0
0
0
1
3
1
0
1
0
2
1
3
0
1
0
0
0
0
0
1
0
0
0
1
0
0
0
0
0
0
1
1
1
0
0
2
2
0
1
1
0
1
0
2
0
2
0
0
1
1
1
0
0
0
1
0
0
0
2
1
0
0
0
0
0
0
1
0
0
0
2
2
1
0
2
2
0
0
0
0
0
1
0
0
0
1
0
1
0
0
0
2
0
0
1
0
0
0
1
1
2
1
1
0
0
0
0
0
1
1
0
1
1
0
0
0
0
0
0
0
1
0
1
0
0
2
1
1
0
0
1
1
2
1
1
1
0
0
2
0
1
0
0
0
0
4
1
0
0
1
0
1
0
1
2
0
0
0
0
0
1
0
3
2
2
1
0
1
1
2
0
1
0
0
0
1
0
1
1
0
0
0
2
1
1
0
0
0
0
2
2
0
1
0
0
0
0
1
1
0
0
1
0
2
0
2
1
0
0
1
1
0
0
0
2
1
0
3
0
1
0
2
0
1
0
0
0
0
2
1
1
1
0
0
3
1
2
0
1
1
1
1
2
1
4
2
0
1
0
2
2
0
0
0
1
1
0
2
1
4
3
0
0
1
1
1
0
1
0
1
2
1
2
0
0
0
1
2
1
1
0
2
1
1
0
1
1
1
2
1
0
0
0
0
1
0
1
1
2
0
0
2
1
2
1
2
0
1
2
0
1
1
2
0
2
1
1
3
3
0
2
1
1
0
1
0
0
2
3
1
0
2
0
0
0
0
2
0
1
2
1
1
0
1
1
2
2
0
4
2
3
0
1
2
2
0
1
2
1
1
0
5
3
1
3
1
0
0
0
3
0
3
2
2
1
0
1
1
3
1
1
3
0
1
1
2
2
3
6
4
2
1
3
3
2
0
0
2
1
2
4
1
2
1
0
2
2
2
1
3
0
1
1
0
1
1
1
3
2
2
2
3
1
0
1
2
2
0
2
0
2
0
2
3
2
1
1
1
2
1
3
1
3
2
3
3
5
3
4
4
0
2
3
2
2
0
4
0
3
1
4
3
1
2
1
1
2
0
0
5
2
1
3
2
3
1
2
2
2
6
4
4
3
2
2
4
2
2
3
2
4
2
1
1
1
2
0
2
4
4
1
6
5
2
0
3
3
3
3
5
8
3
0
3
2
3
8
4
3
2
2
1
3
2
5
2
3
5
1
3
2
4
2
4
2
3
5
6
1
5
8
7
4
2
2
4
2
6
4
2
7
5
3
4
7
2
8
5
4
4
2
6
5
0
1
2
5
7
3
6
6
1
4
9
2
2
4
4
2
1
3
3
5
3
6
3
1
2
2
2
1
2
