0
0
0
0
0
824
3775
9297
17156
23486
26858
26636
24534
21824
18782
16275
14195
12286
10678
9040
8230
7057
6479
5451
4737
3871
3312
2699
2198
1836
1538
1254
1082
971
875
751
704
688
655
562
560
571
545
554
574
582
563
522
533
565
548
535
536
529
589
597
580
604
581
639
609
635
674
625
690
699
650
672
614
631
636
630
680
689
665
661
626
642
691
673
617
626
619
653
683
629
645
629
609
638
603
602
631
643
600
613
527
558
601
582
631
526
547
587
561
561
529
537
569
502
507
491
506
529
478
492
506
516
474
439
429
446
441
416
417
426
375
382
392
373
393
368
368
357
349
391
397
349
319
361
374
358
373
341
306
287
323
311
331
280
312
279
298
268
271
279
257
283
249
258
263
262
233
239
256
221
248
228
223
235
207
202
233
230
212
210
192
201
213
233
199
204
188
180
172
179
165
182
165
181
163
151
168
176
161
158
158
170
157
153
164
125
151
141
127
146
152
152
142
140
125
158
149
121
149
118
108
122
129
130
123
127
125
106
115
136
130
121
108
128
104
109
95
110
113
99
114
156
136
104
105
100
83
99
84
86
91
89
87
80
98
73
87
92
74
89
90
74
90
73
68
80
85
77
91
96
68
78
77
69
69
74
60
67
64
72
65
70
71
73
60
57
58
64
53
61
57
58
80
64
66
61
75
65
83
79
63
56
51
57
45
44
57
53
55
65
55
52
57
35
59
47
47
47
51
46
56
50
51
57
57
43
37
48
44
38
41
49
40
36
39
32
31
52
46
49
40
55
65
54
35
40
35
53
46
35
42
34
45
45
65
70
36
40
33
32
37
36
40
40
42
47
44
38
42
39
32
42
37
32
26
26
31
37
31
26
29
36
34
29
32
32
29
24
30
39
42
27
22
25
28
33
36
18
28
34
39
30
34
23
35
21
31
24
24
24
28
26
26
29
29
32
29
19
26
25
27
28
23
16
33
27
24
28
28
23
24
24
25
25
28
29
31
27
22
21
34
25
18
25
19
22
23
24
18
24
25
20
18
20
17
25
28
27
26
28
33
17
24
18
15
26
21
22
22
22
26
26
25
23
21
22
26
20
15
23
28
27
23
22
20
25
9
17
23
21
13
29
18
31
27
25
20
24
22
20
20
25
18
14
14
30
29
22
26
19
25
17
20
22
31
25
30
32
27
22
16
19
23
22
22
24
16
18
27
21
22
21
24
20
29
28
22
26
29
18
15
16
17
14
25
22
25
23
20
21
24
23
18
19
20
27
17
25
25
20
23
27
29
21
31
16
19
22
22
18
28
22
25
27
17
21
19
18
15
30
24
21
20
25
30
28
19
24
22
32
30
24
19
27
18
20
28
19
17
24
19
20
28
23
30
22
22
30
22
19
20
15
23
37
17
22
28
27
30
17
26
15
24
20
24
20
31
22
20
26
14
20
23
19
22
21
18
28
21
20
32
24
23
23
27
30
22
21
25
26
21
21
20
22
27
17
24
17
28
23
12
17
21
18
36
30
31
26
19
15
26
25
22
24
28
33
27
23
31
19
26
24
18
22
19
19
27
24
25
19
14
26
26
29
28
21
16
23
32
23
25
26
15
24
30
18
16
28
26
23
26
26
27
28
24
24
22
21
22
26
36
16
16
28
21
29
26
25
21
20
25
22
24
23
19
22
22
18
18
21
33
18
24
23
16
16
26
19
25
28
20
16
17
25
20
20
23
21
19
21
24
17
23
17
11
27
25
21
21
24
30
20
25
21
22
19
23
14
19
31
18
27
19
19
20
34
32
18
21
24
24
22
15
18
19
22
26
19
17
19
29
18
24
26
16
24
18
16
18
21
21
24
20
25
26
30
27
29
23
17
15
25
21
26
25
27
17
24
19
29
27
22
19
25
24
18
17
19
23
18
21
16
21
22
23
33
19
30
24
19
26
20
16
26
25
23
8
21
21
27
17
21
23
23
25
18
18
19
14
16
19
26
20
24
23
20
22
22
20
21
22
24
23
16
20
12
21
18
20
16
31
20
18
22
17
19
23
7
19
17
22
17
13
23
19
26
20
23
24
28
22
23
16
20
20
25
16
17
18
11
15
16
28
22
24
11
22
18
27
22
17
21
12
16
18
14
18
15
13
17
10
15
13
14
12
14
15
17
24
16
14
25
19
22
16
17
17
15
18
12
17
23
18
17
23
18
11
18
14
15
21
16
23
27
19
15
13
22
21
16
15
15
25
13
22
8
16
14
13
19
14
25
21
10
13
18
14
17
27
14
18
15
9
18
21
21
10
25
15
8
16
22
16
11
16
12
17
17
17
8
13
16
22
14
15
14
14
16
20
19
14
12
15
22
16
20
12
15
10
19
18
9
11
16
16
16
10
19
14
12
15
12
16
14
12
18
9
17
16
14
18
15
18
1
16
16
16
21
15
10
10
12
10
16
11
13
12
13
10
18
14
17
8
17
10
12
20
15
10
9
14
8
9
13
12
20
12
8
12
18
6
5
14
13
13
9
19
8
11
14
21
11
13
13
12
14
12
14
8
16
24
17
23
16
17
17
12
17
44
46
21
17
12
10
10
18
15
14
8
14
9
9
13
9
11
8
10
7
15
9
14
15
6
13
11
11
12
15
6
12
13
9
11
11
17
11
9
11
11
13
17
6
17
13
9
15
14
9
11
7
12
8
15
10
14
12
18
20
9
12
8
8
6
9
3
12
7
13
14
12
15
13
5
10
8
13
15
16
9
5
8
12
9
10
8
12
9
10
10
8
6
5
9
13
13
10
7
10
7
10
7
6
8
15
13
10
10
12
6
6
12
6
13
12
7
11
11
9
4
8
9
4
8
4
5
9
3
10
8
7
7
5
12
12
9
8
8
9
7
8
7
5
8
8
7
4
5
2
7
12
8
10
5
7
9
7
4
5
7
10
6
6
9
8
11
5
6
9
7
9
7
5
6
5
6
4
6
7
9
11
7
5
6
12
4
7
6
9
11
7
9
11
7
8
4
5
7
4
4
10
11
5
3
6
8
4
10
6
5
6
11
5
7
7
7
6
11
4
9
6
8
9
5
9
6
2
8
5
6
6
10
6
9
2
8
5
3
3
9
5
3
8
14
5
7
7
5
8
5
11
9
8
5
7
10
6
6
7
5
4
2
4
6
6
4
4
3
4
4
12
5
8
3
2
8
6
4
10
1
2
8
5
6
3
2
3
6
2
3
6
3
8
0
6
6
6
5
4
4
3
3
6
6
5
1
1
4
10
2
4
8
7
4
3
4
8
4
3
2
3
4
3
3
8
5
3
9
4
3
5
5
4
9
40
146
308
251
93
13
5
4
2
0
5
1
1
5
1
2
7
2
3
3
2
3
1
1
2
3
4
3
1
1
0
6
5
0
4
1
1
0
2
2
3
3
2
4
3
1
0
2
1
0
2
0
1
4
0
3
3
1
2
2
2
2
3
5
12
30
45
65
21
1
1
1
1
3
1
2
2
3
1
3
3
4
1
1
2
1
2
1
2
2
1
1
3
1
0
2
4
3
4
0
1
1
2
1
1
1
2
1
0
2
0
2
1
2
0
1
0
0
1
1
1
2
0
2
0
3
0
1
2
2
2
1
0
0
3
1
1
2
1
1
0
0
0
1
1
2
2
0
0
0
1
0
3
1
0
2
1
0
1
1
0
0
1
1
0
2
1
1
0
0
2
2
0
2
1
0
2
1
1
2
2
0
0
0
2
0
0
0
1
1
2
2
0
1
0
0
0
2
1
0
1
2
0
0
1
1
2
1
0
1
3
0
0
0
1
0
1
2
0
0
0
0
0
1
0
0
0
0
1
0
0
0
0
0
0
2
0
0
0
1
0
0
0
1
1
1
0
0
0
0
0
1
0
0
0
1
0
0
0
1
0
0
0
0
0
0
0
1
0
1
1
0
0
0
0
0
0
0
0
0
0
0
0
0
0
1
0
0
0
0
0
0
0
0
0
1
0
0
0
0
0
0
1
1
1
2
2
1
1
1
0
1
0
1
0
0
0
0
0
0
0
0
0
0
0
0
0
1
0
0
0
0
0
0
0
0
0
0
0
0
0
1
1
0
0
1
0
0
0
0
0
1
1
0
0
0
0
0
0
0
1
0
0
0
0
0
0
0
0
0
0
0
0
0
0
0
0
0
0
0
1
0
0
0
0
0
0
0
0
0
0
0
1
0
0
0
0
0
0
0
0
0
0
0
0
0
0
0
1
0
0
0
0
0
0
0
0
0
0
0
0
0
0
0
0
0
0
1
0
0
1
1
0
0
0
0
0
0
0
0
0
0
0
0
0
0
0
0
0
0
1
0
0
0
0
1
0
0
0
0
0
0
0
0
0
0
0
0
0
0
0
0
0
0
0
0
0
0
0
0
0
0
0
0
0
0
0
0
0
0
0
0
0
0
0
0
0
0
0
0
0
0
1
0
0
0
0
0
0
0
0
0
0
0
0
0
0
0
0
0
0
0
0
0
0
0
0
0
1
1
0
0
0
0
0
0
0
0
0
0
0
0
0
0
0
0
0
0
0
0
0
0
1
0
0
0
0
0
0
0
0
0
0
0
0
0
0
0
0
0
0
0
0
0
0
0
0
0
0
0
0
0
0
0
0
0
0
0
0
0
0
0
0
0
0
0
0
0
0
0
0
0
0
0
0
0
0
0
0
0
0
0
0
0
0
0
0
0
0
0
0
0
0
1
0
0
0
0
0
0
0
0
0
0
0
0
0
0
0
0
0
0
0
0
0
0
0
0
0
0
0
0
0
0
0
0
0
0
0
0
1
0
0
0
0
0
0
0
0
0
0
0
0
0
0
0
0
0
0
0
0
0
0
1
0
0
1
0
0
0
0
0
0
0
0
0
0
0
0
0
0
0
0
0
0
0
0
0
1
0
0
0
0
0
0
0
0
0
0
0
0
0
0
0
0
0
0
0
0
0
0
0
0
0
0
0
0
0
0
0
0
0
0
0
0
2
1
0
0
0
0
0
0
0
1
0
0
0
0
0
0
0
0
0
0
0
0
0
0
0
0
0
0
0
0
0
1
0
0
0
0
0
0
0
0
0
0
0
0
0
0
0
0
0
0
0
0
0
0
0
0
0
0
0
0
0
0
0
0
0
0
0
0
0
0
0
0
0
0
0
0
0
0
0
0
0
0
1
0
0
0
0
0
0
0
0
0
0
0
0
0
0
0
0
0
0
0
0
0
0
0
0
0
0
0
0
0
0
0
0
0
0
0
1
0
0
0
0
0
0
0
0
0
0
0
0
0
0
0
0
0
0
0
0
0
0
0
0
0
0
0
0
0
0
0
0
0
0
0
0
0
0
0
0
0
0
0
0
0
0
0
0
0
0
0
0
0
0
0
0
0
0
0
0
0
0
0
0
0
0
0
0
0
0
0
0
0
0
0
0
0
0
0
0
0
0
0
0
0
1
0
0
1
0
0
0
0
0
0
0
0
0
1
0
0
1
0
0
0
0
0
0
0
0
0
0
0
0
0
1
1
0
0
0
0
0
0
0
0
0
0
0
0
1
0
0
0
0
0
0
0
0
0
0
0
0
0
0
0
0
0
0
0
0
0
0
0
0
0
0
0
0
0
0
0
0
0
0
0
0
0
0
0
0
0
0
0
0
0
0
0
0
0
0
0
1
0
0
0
0
1
0
0
0
0
0
0
1
0
0
0
0
0
0
0
0
1
0
0
0
0
0
0
1
0
0
0
0
0
0
0
0
0
0
0
0
0
0
0
0
0
0
0
0
0
0
0
0
0
0
0
0
0
0
0
0
0
0
0
0
0
0
0
0
0
0
0
0
0
0
0
0
0
0
0
0
0
0
0
0
0
0
0
0
0
0
0
0
0
0
0
0
0
0
0
0
0
0
0
0
0
0
0
0
0
0
0
0
1
0
0
0
0
0
0
0
0
0
0
0
0
0
0
0
0
0
0
0
0
0
0
0
0
0
0
0
0
0
0
0
0
0
0
0
0
0
0
0
0
0
0
0
1
0
0
0
0
0
0
0
0
0
0
0
0
0
0
0
0
0
0
1
0
0
0
0
0
0
0
0
0
0
0
0
0
0
0
0
0
1
0
0
0
0
0
0
0
0
0
0
0
0
1
0
0
0
0
0
0
0
0
0
0
0
0
0
0
0
0
0
0
0
0
0
0
0
0
0
0
0
0
0
0
0
0
0
0
0
0
0
0
0
0
0
0
0
0
0
0
0
0
0
0
0
0
0
0
0
0
0
0
0
0
0
0
0
0
0
0
0
0
0
0
0
0
0
0
0
0
0
0
0
0
0
0
0
0
0
0
0
0
0
0
0
0
0
0
0
0
0
0
0
0
0
0
0
0
0
0
0
0
0
0
0
0
0
0
0
0
0
0
0
0
0
0
0
0
0
0
0
0
0
0
0
0
0
0
0
0
0
0
0
0
0
0
0
0
0
0
0
1
0
0
0
0
0
0
0
0
0
0
0
0
0
0
0
0
0
0
1
0
0
0
0
0
0
0
0
0
0
0
0
0
0
0
0
0
0
0
0
0
0
0
0
0
0
0
0
0
0
0
0
0
0
0
0
0
0
0
0
0
0
0
0
0
0
0
0
0
0
0
0
0
0
0
0
0
0
0
0
0
0
0
0
0
0
0
0
0
0
0
0
0
0
0
0
0
0
0
0
0
0
0
0
0
0
0
0
0
0
0
0
0
0
0
0
0
0
0
0
0
0
0
0
0
0
0
0
0
0
0
0
0
0
0
0
0
0
0
0
1
0
0
0
0
0
0
0
0
0
0
0
0
0
0
0
0
0
0
0
0
0
0
0
0
0
0
0
0
0
0
0
0
0
0
0
0
0
0
0
0
0
0
0
0
0
0
0
0
0
0
0
0
0
0
0
0
0
0
0
0
0
0
0
0
0
0
0
0
0
0
0
0
0
0
0
0
0
0
0
0
0
0
0
0
0
0
0
0
0
0
0
0
0
0
0
0
0
0
0
0
0
0
0
0
0
0
0
0
0
0
0
0
0
0
0
0
0
0
0
0
0
0
0
0
0
0
0
0
0
0
0
0
0
0
0
0
0
0
0
0
0
0
0
0
0
0
0
0
0
0
0
0
0
0
0
0
1
0
0
0
0
0
0
0
0
0
0
0
0
0
0
0
0
0
0
0
0
0
0
0
0
0
0
0
0
1
0
0
0
0
0
0
0
0
0
0
0
0
0
0
0
0
0
0
0
0
0
0
0
0
0
0
0
0
0
0
0
0
0
0
0
0
0
0
0
0
0
0
0
0
0
0
0
0
0
0
0
0
0
0
0
0
0
0
0
0
0
0
0
0
0
0
0
0
0
0
0
0
0
0
0
0
0
0
0
0
0
0
0
0
0
0
0
0
0
0
0
0
0
0
0
0
0
0
0
0
0
0
0
0
0
0
0
0
0
0
0
0
0
0
0
0
0
0
0
0
0
0
0
0
0
0
0
0
0
0
0
0
0
0
0
0
0
0
0
0
0
0
0
0
0
0
0
0
0
0
0
0
0
0
0
0
0
0
0
0
0
0
1
0
0
0
0
0
0
0
0
0
0
0
0
0
0
0
0
0
0
0
0
0
0
0
0
0
0
0
0
0
0
0
0
0
0
0
0
0
0
0
0
0
0
0
0
0
0
0
0
0
0
0
0
0
0
0
0
0
0
0
0
0
0
0
0
0
0
0
0
0
0
0
0
0
0
0
0
0
0
0
0
0
0
0
0
0
0
0
0
0
0
0
0
0
0
0
0
0
0
0
0
0
0
0
0
0
0
0
0
0
0
0
0
0
0
0
0
0
0
0
0
0
0
0
0
0
0
0
0
0
0
0
0
0
0
0
0
0
0
0
0
0
0
1
0
0
0
0
0
0
0
0
0
0
0
0
0
0
0
0
0
0
0
0
0
0
0
0
0
0
0
0
0
0
0
0
0
0
0
0
0
0
0
0
0
0
0
0
0
0
0
0
0
0
0
0
0
0
0
0
0
0
0
0
0
0
0
0
0
0
0
0
0
0
0
0
0
0
0
0
0
0
0
0
0
0
0
0
0
0
0
0
0
0
0
0
0
0
0
0
0
0
0
0
0
0
0
0
0
0
0
0
0
0
0
0
0
0
0
0
0
0
0
0
0
0
0
0
0
0
0
0
0
0
0
0
0
0
0
0
0
0
0
0
0
0
0
0
0
0
0
0
0
0
0
0
0
0
0
0
0
0
0
0
0
0
0
0
0
0
0
0
0
0
0
0
0
0
1
0
0
0
0
0
0
0
0
0
0
0
0
0
0
0
0
0
0
0
0
0
0
0
0
0
0
0
0
0
0
0
0
0
0
0
0
0
0
0
0
0
0
0
0
0
0
0
0
0
0
0
0
0
0
0
0
0
0
0
0
0
0
0
0
0
0
0
0
0
0
0
0
0
0
0
0
1
0
0
0
0
0
0
0
0
0
0
0
0
0
0
0
0
0
0
0
0
0
0
0
0
0
0
0
0
0
0
0
0
0
0
0
0
0
0
0
0
0
0
0
0
0
0
0
0
0
0
0
0
0
0
0
0
0
0
0
0
0
0
0
0
0
0
0
0
0
0
0
0
0
0
0
0
0
0
0
0
0
0
0
0
0
0
0
0
0
0
0
0
0
0
0
0
0
0
0
0
0
0
0
0
0
0
1
0
0
0
0
0
0
0
0
0
0
0
0
0
0
0
0
0
0
0
0
0
0
0
0
0
0
0
0
0
0
0
0
0
0
0
0
0
0
0
0
0
0
0
0
0
0
0
0
0
0
0
0
0
0
0
0
0
0
0
0
0
0
0
0
0
0
0
0
0
0
0
0
0
0
0
0
0
0
0
0
0
0
0
0
0
0
0
0
0
0
0
0
0
0
0
0
0
0
0
0
0
0
0
0
0
0
0
0
1
0
0
0
0
0
0
0
0
0
0
0
0
0
0
0
0
0
0
0
0
0
0
0
0
0
0
0
0
0
0
0
0
0
0
0
0
0
0
0
0
0
0
0
0
0
0
0
0
0
0
0
0
0
0
0
0
0
0
0
0
0
0
1
0
0
0
0
0
0
0
0
0
0
0
0
0
0
0
0
0
0
0
0
0
0
0
0
0
0
0
1
0
0
0
0
0
0
0
0
0
0
0
0
0
0
0
0
0
0
0
0
0
0
0
0
0
0
0
0
0
0
0
0
0
0
0
0
0
0
0
0
0
0
0
0
0
0
0
0
0
0
0
0
0
0
1
0
0
0
0
0
0
0
0
0
0
0
0
0
0
0
0
0
0
0
0
0
0
0
0
0
0
0
0
0
0
0
0
0
0
0
0
0
0
0
0
0
0
0
0
0
1
0
0
0
0
0
0
0
0
0
0
0
0
0
0
0
0
0
0
0
0
0
0
0
0
0
0
0
0
0
0
0
0
0
0
0
0
0
0
0
0
0
0
0
0
0
0
0
0
0
0
0
0
0
0
0
0
0
0
0
0
0
0
0
0
0
0
0
0
0
0
0
0
0
0
0
0
0
0
0
0
0
0
0
0
0
0
0
0
0
0
0
0
0
0
0
0
0
0
0
0
2
0
0
0
0
0
0
0
0
0
0
0
0
0
0
0
0
0
0
0
0
0
0
0
0
0
0
0
0
0
0
0
0
0
0
0
0
0
0
0
0
0
0
0
0
0
0
0
0
0
0
0
0
0
0
0
0
0
0
0
0
0
0
0
0
0
0
0
0
0
0
0
0
0
0
0
0
0
0
0
0
0
0
0
0
0
0
0
1
0
0
0
0
0
0
0
0
0
0
0
0
0
0
0
0
0
0
0
1
0
0
0
0
0
0
0
0
0
0
0
0
0
0
0
0
0
0
0
0
0
0
0
0
0
0
0
0
0
0
0
0
0
0
0
1
0
0
0
0
0
0
0
0
0
0
0
0
0
0
0
0
0
0
0
0
0
0
0
0
0
0
0
0
0
0
0
0
0
0
0
0
0
0
0
0
0
0
0
0
0
0
0
0
0
0
0
0
0
0
0
0
0
0
0
0
0
0
0
0
0
0
0
0
0
0
0
0
1
0
0
0
0
0
0
0
0
0
0
0
0
0
0
0
0
0
0
0
0
0
0
0
0
0
0
0
0
0
0
0
0
0
0
0
0
0
0
0
0
0
0
0
0
0
0
0
0
0
0
0
0
0
0
0
0
0
0
0
0
0
0
0
0
0
0
0
0
0
0
0
0
0
0
0
0
0
0
0
0
0
0
0
0
0
0
0
0
0
0
0
0
1
0
0
0
0
0
0
0
0
0
0
0
0
0
0
0
0
0
0
0
0
0
0
0
0
0
0
0
0
0
0
0
0
0
0
0
0
0
0
0
0
0
0
0
0
0
0
0
0
0
0
0
0
0
0
0
0
0
0
0
0
0
0
0
0
0
0
0
0
0
0
0
0
0
0
0
0
0
0
0
0
0
0
0
0
1
0
0
0
0
0
0
0
0
0
0
0
0
0
0
1
0
0
0
0
0
0
0
0
0
0
0
0
0
0
0
0
0
0
1
0
0
0
0
0
0
0
0
0
1
0
0
0
0
0
0
0
0
0
0
0
0
0
0
0
0
0
0
1
0
0
0
0
0
0
0
0
0
0
0
0
0
0
0
0
0
0
0
0
0
0
0
0
0
0
0
0
0
0
0
0
0
0
0
0
0
0
0
0
0
0
0
0
0
0
0
0
0
0
0
0
0
0
0
0
0
0
0
0
0
0
0
0
0
0
0
0
0
0
0
0
0
0
0
0
0
0
0
0
0
0
0
0
0
0
0
1
0
0
0
0
0
0
0
0
0
0
0
0
0
1
0
0
0
0
0
0
0
0
0
0
0
0
0
0
0
0
0
0
0
0
0
0
0
0
0
0
0
0
0
0
0
0
0
0
0
0
0
0
0
0
0
0
0
0
0
0
0
0
0
0
0
0
0
0
0
0
0
0
0
0
0
0
1
0
0
0
0
0
0
0
0
0
0
0
0
0
0
0
0
1
0
0
0
0
0
0
0
0
0
0
0
0
0
0
0
0
0
0
0
0
0
0
0
1
0
0
0
1
0
0
0
0
0
0
0
0
0
0
0
0
0
0
0
0
0
0
0
0
0
0
0
0
0
0
0
0
0
0
0
0
0
0
0
0
0
0
0
0
0
0
0
0
0
0
0
0
0
0
0
0
0
0
0
0
0
0
1
0
0
0
0
0
0
0
0
1
0
0
0
0
0
0
0
0
0
0
0
0
0
0
0
0
0
0
0
0
0
0
0
0
0
0
0
0
0
0
0
0
0
1
0
0
0
0
0
0
0
0
0
0
0
0
1
0
1
0
0
0
0
0
1
0
0
0
0
0
0
0
0
1
0
0
0
2
0
0
1
0
0
0
2
0
0
0
0
0
0
0
0
0
1
0
0
0
0
0
0
0
0
0
1
0
0
0
0
0
1
0
0
2
0
0
0
0
0
0
0
0
0
0
0
1
0
0
1
0
0
0
0
0
0
0
0
0
0
0
0
0
0
2
0
0
0
0
0
0
0
0
1
1
0
0
0
0
0
1
0
0
0
0
0
0
0
0
0
0
0
0
0
0
0
0
0
0
0
1
0
0
0
0
0
0
0
1
0
0
0
0
0
0
0
0
0
0
0
0
0
0
0
0
0
0
0
0
0
0
0
0
0
0
0
0
0
0
0
0
0
