0
0
0
0
0
845
3842
9446
17402
23790
27179
26932
24815
22092
18997
16515
14428
12462
10848
9183
8377
7193
6585
5563
4828
3947
3382
2754
2240
1866
1587
1278
1104
992
889
770
718
698
672
578
578
586
562
565
587
594
573
536
549
584
565
549
556
542
607
609
596
615
602
658
624
645
685
640
703
714
657
684
627
646
653
644
697
710
675
675
642
666
706
687
637
641
642
674
701
643
660
645
627
652
621
615
643
661
617
622
542
568
615
593
648
535
564
600
569
573
537
544
588
519
520
504
516
539
487
497
517
530
485
446
443
456
448
429
426
433
392
390
401
387
401
379
374
366
362
398
409
354
322
366
380
361
381
345
313
300
331
319
337
290
323
285
303
272
272
289
264
290
257
260
271
265
237
244
261
225
253
234
226
240
211
205
240
234
217
216
197
206
217
235
205
206
191
186
178
184
169
191
170
189
174
153
173
181
162
165
162
173
160
159
170
130
156
144
129
152
154
153
145
140
127
159
149
124
157
123
111
124
131
132
125
129
127
111
118
138
132
122
111
133
106
112
95
112
114
104
115
158
140
109
107
100
85
102
86
86
92
94
88
82
99
76
92
95
79
91
95
76
92
74
70
83
87
79
92
99
69
81
79
71
71
79
60
68
65
76
67
71
74
75
61
58
59
65
57
63
57
59
82
66
66
62
78
69
84
80
63
56
54
57
46
46
59
56
57
65
56
52
57
35
60
48
47
47
51
47
58
51
52
59
57
47
38
49
45
39
41
50
41
36
39
35
32
52
46
49
40
55
66
58
36
42
35
55
46
35
43
34
47
46
65
73
36
41
34
33
38
36
41
41
44
47
46
40
42
39
33
42
37
33
26
26
31
39
31
26
30
37
36
29
32
33
31
26
30
40
44
27
22
26
28
34
37
18
29
35
39
30
34
23
35
21
32
24
25
25
28
26
26
30
30
33
30
19
26
25
27
28
23
20
34
27
24
28
29
23
24
24
25
25
29
29
32
27
22
22
34
25
19
26
19
25
23
24
18
25
26
20
18
20
17
25
29
27
28
28
33
17
24
19
17
27
21
22
22
22
26
27
26
23
22
23
27
21
15
24
29
30
23
22
20
25
10
17
24
21
14
30
19
34
28
25
21
24
23
20
21
25
19
15
14
30
31
24
26
20
25
17
20
23
31
26
32
33
28
22
16
20
23
23
22
24
16
19
28
22
23
21
24
22
29
28
22
27
29
18
15
17
17
14
26
22
25
23
21
23
24
24
18
19
21
27
17
27
25
20
23
27
30
21
31
16
20
22
23
18
28
22
26
27
17
22
19
19
16
30
25
21
20
25
30
28
19
24
22
32
30
24
19
28
18
21
28
19
18
25
19
20
28
23
31
22
22
30
22
19
21
15
23
38
18
22
30
28
31
17
27
15
26
20
25
20
32
23
22
27
15
20
24
19
22
22
19
30
22
20
33
24
23
24
28
30
23
22
25
26
21
23
20
22
28
19
26
19
28
23
12
18
21
19
36
30
31
26
19
15
26
25
24
24
28
34
27
23
32
20
26
25
20
23
19
19
28
24
26
19
15
27
26
29
28
22
16
24
32
23
25
27
15
24
30
18
17
29
26
25
26
27
27
28
24
24
22
21
24
26
37
18
17
28
21
31
26
25
22
20
28
22
25
23
20
23
23
18
18
21
33
19
24
23
16
16
26
19
25
28
20
16
17
26
21
21
24
22
19
21
24
18
23
18
12
27
27
21
22
24
31
20
27
21
23
19
23
15
19
31
18
27
19
21
21
34
33
19
23
24
24
24
15
18
20
22
26
19
18
19
30
18
24
27
16
24
18
16
18
21
21
24
20
25
27
30
27
29
25
18
16
27
21
27
25
27
19
24
20
29
27
23
20
26
24
19
17
20
23
19
21
17
21
22
23
33
19
30
24
20
26
21
17
26
25
25
8
21
21
29
17
21
23
23
26
19
18
19
14
16
20
26
21
24
24
20
23
22
20
22
23
24
25
17
20
13
22
19
20
16
31
20
18
22
18
19
23
8
19
17
22
17
13
24
19
28
20
23
24
29
24
25
17
20
20
26
16
17
19
11
15
16
28
23
24
13
24
18
28
22
17
23
12
16
18
15
18
17
13
18
10
15
13
14
13
14
15
18
24
16
15
25
19
22
16
17
18
15
19
14
17
24
19
17
24
18
12
18
14
15
22
17
23
28
19
15
13
22
21
18
15
17
26
13
22
9
16
14
13
19
14
25
21
10
15
18
14
17
28
16
21
17
9
18
21
21
10
25
15
8
16
22
17
11
16
12
17
18
17
8
13
16
22
14
15
14
14
17
21
20
14
12
16
23
16
20
12
16
11
21
18
9
13
16
18
17
10
19
15
12
16
12
17
14
12
19
9
18
16
14
18
16
18
2
16
17
17
21
15
10
10
12
10
16
11
13
12
14
11
19
14
17
8
18
11
12
20
15
10
9
14
8
10
13
12
21
12
8
12
18
6
5
15
15
14
9
20
9
11
14
22
11
14
13
12
14
12
14
8
16
24
17
24
16
17
19
13
17
44
47
21
17
12
10
10
18
15
14
8
14
10
9
13
10
11
8
10
7
15
9
14
15
6
14
12
12
12
15
6
12
13
9
11
11
17
11
9
11
12
14
17
6
17
14
9
15
14
9
11
7
12
8
16
10
14
12
18
20
9
12
8
8
6
10
3
13
7
13
14
13
15
13
7
10
9
13
15
16
9
6
8
13
9
12
8
12
9
10
10
10
6
5
9
13
13
10
7
10
7
12
7
6
8
15
14
10
10
12
6
7
12
6
13
12
7
11
11
9
4
8
9
5
8
4
5
9
4
10
8
7
7
5
13
12
9
8
8
9
7
8
7
5
8
8
7
4
6
2
7
13
8
10
5
7
9
7
4
5
7
10
6
6
9
8
12
5
6
10
7
9
7
5
6
5
6
4
8
7
9
11
8
5
6
13
5
8
6
9
11
7
9
11
7
8
4
5
7
4
4
10
11
5
3
6
8
4
11
6
5
6
11
5
7
7
7
6
12
4
9
6
8
9
5
9
6
2
9
5
6
6
10
6
9
2
8
5
3
3
10
5
4
8
14
5
7
7
5
8
5
11
9
8
5
7
10
6
6
8
5
4
2
5
6
6
4
4
3
4
4
12
5
8
4
2
8
8
4
10
1
2
8
5
6
3
3
3
6
3
3
6
3
8
0
7
6
6
6
4
4
3
3
7
6
6
1
1
4
10
2
4
8
7
4
3
4
8
4
4
2
3
4
3
3
8
5
3
9
4
3
5
5
4
10
42
150
315
257
97
14
5
4
2
0
5
1
1
5
1
3
7
2
3
3
2
3
1
1
2
3
4
3
1
1
0
6
5
0
4
1
2
0
2
2
3
3
2
4
3
1
0
2
1
0
2
0
1
4
0
3
3
1
2
2
2
2
3
5
12
30
49
65
21
2
1
1
1
3
1
2
2
3
1
3
3
4
1
1
2
1
2
1
2
2
1
1
3
1
0
2
4
3
4
0
1
1
2
1
1
1
2
1
0
2
0
2
2
2
0
1
0
0
1
1
1
2
0
2
0
3
0
1
2
2
2
1
0
0
3
1
1
2
1
1
0
0
0
1
1
2
2
0
0
0
1
0
3
1
0
2
1
0
1
1
0
0
1
1
0
3
1
1
0
0
2
2
0
2
1
0
2
1
1
2
2
0
0
0
2
0
1
0
1
1
2
2
0
1
0
0
0
2
1
0
1
2
0
0
1
1
2
1
0
1
3
0
0
0
1
0
1
2
0
0
0
0
0
1
0
0
0
0
1
0
0
0
0
0
0
2
0
0
0
1
0
0
0
1
1
1
0
0
0
0
0
1
0
0
0
1
0
0
0
1
0
0
0
0
0
0
0
1
0
1
1
0
0
0
0
0
0
0
0
0
0
0
0
0
0
1
0
0
0
0
0
0
0
0
0
1
0
0
0
0
0
0
1
1
1
2
2
1
1
1
0
1
0
1
0
0
0
0
0
0
0
0
0
0
0
0
0
1
0
0
0
0
0
0
0
0
0
0
0
0
0
1
1
0
0
1
0
0
0
0
0
1
1
0
0
0
0
0
0
0
1
0
0
0
0
0
0
0
0
0
0
0
0
0
0
0
1
0
0
0
1
0
0
0
0
0
0
0
0
0
0
0
1
0
0
0
0
0
0
0
0
0
0
0
0
0
0
0
1
0
0
0
0
0
0
0
0
0
0
0
0
0
0
0
0
0
0
1
0
0
1
1
0
0
0
0
0
0
0
0
0
0
0
0
0
0
0
0
0
0
1
0
0
0
0
1
0
0
0
0
0
0
0
0
0
0
0
0
0
0
0
0
0
0
0
0
0
0
0
0
0
0
0
0
0
0
0
0
0
0
0
0
0
0
0
0
0
0
0
0
0
0
1
0
0
0
0
0
0
0
0
0
0
0
0
0
0
0
0
0
0
0
0
0
0
0
0
0
1
1
0
0
0
0
0
0
0
0
0
0
0
0
0
0
0
0
0
0
0
0
0
0
1
0
0
0
0
0
0
0
0
0
0
0
0
0
0
0
0
0
0
0
0
0
0
0
0
0
0
0
0
0
0
0
0
0
0
0
0
0
0
0
0
0
0
0
0
0
0
0
0
0
0
0
0
0
0
0
0
0
0
0
0
0
0
0
0
0
0
0
0
0
0
1
0
0
0
0
0
0
0
0
0
0
0
0
0
0
0
0
0
0
0
0
0
0
0
0
0
0
0
0
0
0
0
0
0
0
0
0
1
0
0
0
0
0
0
0
0
0
0
0
0
0
0
0
0
0
0
0
0
0
0
1
0
0
1
0
0
0
0
0
0
0
0
0
0
0
0
0
0
0
0
0
0
0
0
0
1
0
0
0
0
0
0
0
0
0
0
0
0
0
0
0
0
0
0
0
0
0
0
0
0
0
0
0
0
0
0
0
0
0
0
0
0
2
1
0
0
0
0
0
0
0
1
0
0
0
0
0
0
0
0
0
0
0
0
0
0
0
0
0
0
0
0
0
1
0
0
0
0
0
0
0
0
0
0
0
0
0
0
0
0
0
0
0
0
0
0
0
0
0
0
0
0
0
0
0
0
0
0
0
0
0
0
0
0
0
0
0
0
0
0
0
0
0
0
1
0
0
0
0
0
0
0
0
0
0
0
0
0
0
0
0
0
0
0
0
0
0
0
0
0
0
0
0
0
0
0
0
0
0
0
1
0
0
0
0
0
0
0
0
0
0
0
0
0
0
0
0
0
0
0
0
0
0
0
0
0
0
0
0
0
0
0
0
0
0
0
0
0
0
0
0
0
0
0
0
0
0
0
0
0
0
0
0
0
0
0
0
0
0
0
0
0
0
0
0
0
0
0
0
0
0
0
0
0
0
0
0
0
0
0
0
0
0
0
0
0
1
0
0
1
0
0
0
0
0
0
0
0
0
1
0
0
1
0
0
0
0
0
0
0
0
0
0
0
0
0
1
1
0
0
0
0
0
0
0
0
0
0
0
0
1
0
0
0
0
0
0
0
0
0
0
0
0
0
0
0
0
0
0
0
0
0
0
0
0
0
0
0
0
0
0
0
0
0
0
0
0
0
0
0
0
0
0
0
1
0
0
0
0
0
0
0
1
0
0
0
0
1
0
0
0
0
0
0
1
0
0
0
0
0
0
0
0
1
0
0
0
0
0
0
1
0
0
0
0
0
0
0
0
0
0
0
0
0
0
0
0
0
0
0
0
0
0
0
0
0
0
0
0
0
0
0
0
0
0
0
0
0
0
0
0
0
0
0
0
0
0
0
0
0
0
0
0
0
0
0
0
0
0
0
0
0
0
0
0
0
0
0
0
0
0
0
0
0
0
0
0
0
0
0
0
0
0
0
0
1
0
0
0
0
0
0
0
0
0
0
0
0
0
0
0
0
0
0
0
0
0
0
0
0
0
0
0
0
0
0
0
0
0
0
0
0
0
0
0
0
0
0
0
1
0
0
0
0
0
0
0
0
0
0
0
0
0
0
0
0
0
0
1
0
0
0
0
0
0
0
0
0
0
0
0
0
0
0
0
0
1
0
0
0
0
0
0
0
0
0
0
0
0
1
0
0
0
0
0
0
0
0
0
0
0
0
0
0
0
0
0
0
0
0
0
0
0
0
0
0
0
0
0
0
0
0
0
0
0
0
0
0
0
0
0
0
0
0
0
0
0
0
0
0
0
0
0
0
0
0
0
0
0
0
0
0
0
0
0
0
0
0
0
0
0
0
0
0
0
0
0
0
0
0
0
0
0
0
0
0
0
0
0
0
0
0
0
0
0
0
0
0
0
0
0
0
0
0
0
0
0
0
0
0
0
0
0
0
0
0
0
0
0
0
0
0
0
0
0
0
0
0
0
0
0
0
0
0
0
0
0
0
0
0
0
0
0
0
0
0
0
1
0
0
0
0
0
0
0
0
0
0
0
0
0
0
0
0
0
0
1
0
0
0
0
0
0
0
0
0
0
0
0
0
0
0
0
0
0
0
0
0
0
0
0
0
0
0
0
0
0
0
0
0
0
0
0
0
0
0
0
0
0
0
0
0
0
0
0
0
0
0
0
0
0
0
0
0
0
0
0
0
0
0
0
0
0
0
0
0
0
0
0
0
0
0
0
0
0
0
0
0
0
0
0
0
0
0
0
0
0
0
0
0
0
0
0
0
0
0
0
0
0
0
0
0
0
0
0
0
0
0
0
0
0
0
0
0
0
0
0
1
0
0
0
0
0
0
0
0
0
0
0
0
0
0
0
0
0
0
0
0
0
0
0
0
0
0
0
0
0
0
0
0
0
0
0
0
0
0
0
0
0
0
0
0
0
0
0
0
0
0
0
0
0
0
0
0
0
0
0
0
0
0
0
0
0
0
0
0
0
0
0
0
0
0
0
0
0
0
0
0
0
0
0
0
0
0
0
0
0
0
0
0
0
0
0
0
0
0
0
0
0
0
0
0
0
0
0
0
0
0
0
0
0
0
0
0
0
0
0
0
0
0
0
0
0
0
0
0
0
0
0
0
0
0
0
0
0
0
0
0
0
0
0
0
0
0
0
0
0
0
0
0
0
0
0
0
1
0
0
0
0
0
0
0
0
0
0
0
0
0
0
0
0
0
0
0
0
0
0
0
0
0
0
0
0
1
0
0
0
0
0
0
0
0
0
0
0
0
0
0
0
0
0
0
0
0
0
0
0
0
0
0
0
0
0
0
0
0
0
0
0
0
0
0
0
0
0
0
0
0
0
0
0
0
0
0
0
0
0
0
0
0
0
0
0
0
0
0
0
0
0
0
0
0
0
0
0
0
0
0
0
0
0
0
0
0
0
0
0
0
0
0
0
0
0
0
0
0
0
0
0
0
0
0
0
0
0
0
0
0
0
0
0
0
0
0
0
0
0
0
0
0
0
0
0
0
0
0
0
0
0
0
0
0
0
0
0
0
0
0
0
0
0
0
0
0
0
0
0
0
0
0
0
0
0
0
0
0
0
0
0
0
0
0
0
0
0
0
1
0
0
0
0
0
0
0
0
0
0
0
0
0
0
0
0
0
0
0
0
0
0
0
0
0
0
0
0
0
0
0
0
0
0
0
0
0
0
0
0
0
0
0
0
0
0
0
0
0
0
0
0
0
0
0
0
0
0
0
0
0
0
0
0
0
0
0
0
0
0
0
0
0
0
0
0
0
0
0
0
0
0
0
0
0
0
0
0
0
0
0
0
0
0
0
0
0
0
0
0
0
0
0
0
0
0
0
0
0
0
0
0
0
0
0
0
0
0
0
0
0
0
0
0
0
0
0
0
0
0
0
0
0
0
0
0
0
0
0
0
0
0
1
0
0
0
0
0
0
0
0
0
0
0
0
0
0
0
0
0
0
0
0
0
0
0
0
0
0
0
0
0
0
0
0
0
0
0
0
0
0
0
0
0
0
0
0
0
0
0
0
0
0
0
0
0
0
0
0
0
0
0
0
0
0
0
0
0
0
0
0
0
0
0
0
0
0
0
0
0
0
0
0
0
0
0
0
0
0
0
0
0
0
0
0
0
0
0
0
0
0
0
0
0
0
0
0
0
0
0
0
0
0
0
0
0
0
0
0
0
0
0
0
0
0
0
0
0
0
0
0
0
0
0
0
0
0
0
0
0
0
0
0
0
0
0
0
0
0
0
0
0
0
0
0
0
0
0
0
0
0
0
0
0
0
0
0
0
0
0
0
0
0
0
0
0
0
1
0
0
0
0
0
0
0
0
0
0
0
0
0
0
0
0
0
0
0
0
0
0
0
0
0
0
0
0
0
0
0
0
0
0
0
0
0
0
0
0
0
0
0
0
0
0
0
0
0
0
0
0
0
0
0
0
0
0
0
0
0
0
0
0
0
0
0
0
0
0
0
0
0
0
0
0
1
0
0
0
0
0
0
0
0
0
0
0
0
0
0
0
0
0
0
0
0
0
0
0
0
0
0
0
0
0
0
0
0
0
0
0
0
0
0
0
0
0
0
0
0
0
0
0
0
0
0
0
0
0
0
0
0
0
0
0
0
0
0
0
0
0
0
0
0
0
0
0
0
0
0
0
0
0
0
0
0
0
0
0
0
0
0
0
0
0
0
0
0
0
0
0
0
0
0
0
0
0
0
0
0
0
0
1
0
0
0
0
0
0
0
0
0
0
0
0
0
0
0
0
0
0
0
0
0
0
0
0
0
0
0
0
0
0
0
0
0
0
0
0
0
0
0
0
0
0
0
0
0
0
0
0
0
0
0
0
0
0
0
0
0
0
0
0
0
0
0
0
0
0
0
0
0
0
0
0
0
0
0
0
0
0
0
0
0
0
0
0
0
0
0
0
0
0
0
0
0
0
0
0
0
0
0
0
0
0
0
0
0
0
0
0
1
0
0
0
0
0
0
0
0
0
0
0
0
0
0
0
0
0
0
0
0
0
0
0
0
0
0
0
0
0
0
0
0
0
0
0
0
0
0
0
0
0
0
0
0
0
0
0
0
0
0
0
0
0
0
0
0
0
0
0
0
0
0
1
0
0
0
0
0
0
0
0
0
0
0
0
0
0
0
0
0
0
0
0
0
0
0
0
0
0
0
1
0
0
0
0
0
0
0
0
0
0
0
0
0
0
0
0
0
0
0
0
0
0
0
0
0
0
0
0
0
0
0
0
0
0
0
0
0
0
0
0
0
0
0
0
0
0
0
0
0
0
0
0
0
0
1
0
0
0
0
0
0
0
0
0
0
0
0
0
0
0
0
0
0
0
0
0
0
0
0
0
0
0
0
0
0
0
0
0
0
0
0
0
0
0
0
0
0
0
0
0
1
0
0
0
0
0
0
0
0
0
0
0
0
0
0
0
0
0
0
0
0
0
0
0
0
0
0
0
0
0
0
0
0
0
0
0
0
0
0
0
0
0
0
0
0
0
0
0
0
0
0
0
0
0
0
0
0
0
0
0
0
0
0
0
0
0
0
0
0
0
0
0
0
0
0
0
0
0
0
0
0
0
0
0
0
0
0
0
0
0
0
0
0
0
0
0
0
0
0
0
0
2
0
0
0
0
0
0
0
0
0
0
0
0
0
0
0
0
0
0
0
0
0
0
0
0
0
0
0
0
0
0
0
0
0
0
0
0
0
0
0
0
0
0
0
0
0
0
0
0
0
0
0
0
0
0
0
0
0
0
0
0
0
0
0
0
0
0
0
0
0
0
0
0
0
0
0
0
0
0
0
0
0
0
0
0
0
0
0
1
0
0
0
0
0
0
0
0
0
0
0
0
0
0
0
0
0
0
0
1
0
0
0
0
0
0
0
0
0
0
0
0
0
0
0
0
0
0
0
0
0
0
0
0
0
0
0
0
0
0
0
0
0
0
0
1
0
0
0
0
0
0
0
0
0
0
0
0
0
0
0
0
0
0
0
0
0
0
0
0
0
0
0
0
0
0
0
0
0
0
0
0
0
0
0
0
0
0
0
0
0
0
0
0
0
0
0
0
0
0
0
0
0
0
0
0
0
0
0
0
0
0
0
0
0
0
0
0
1
0
0
0
0
0
0
0
0
0
0
0
0
0
0
0
0
0
0
0
0
0
0
0
0
0
0
0
0
0
0
0
0
0
0
0
0
0
0
0
0
0
0
0
0
0
0
0
0
0
0
0
0
0
0
0
0
0
0
0
0
0
0
0
0
0
0
0
0
0
0
0
0
0
0
0
0
0
0
0
0
0
0
0
0
0
0
0
0
0
0
0
0
1
0
0
0
0
0
0
0
0
0
0
0
0
0
0
0
0
0
0
0
0
0
0
0
0
0
0
0
0
0
0
0
0
0
0
0
0
0
0
0
0
0
0
0
0
0
0
0
0
0
0
0
0
0
0
0
0
0
0
0
0
0
0
0
0
0
0
0
0
0
0
0
0
0
0
0
0
0
0
0
0
0
0
0
0
1
0
0
0
0
0
0
0
0
0
0
0
0
0
0
1
0
0
0
0
0
0
0
0
0
0
0
0
0
0
0
0
0
0
1
0
0
0
0
0
0
0
0
0
1
0
0
0
0
0
0
0
0
0
0
0
0
0
0
0
0
0
0
1
0
0
0
0
0
0
0
0
0
0
0
0
0
0
0
0
0
0
0
0
0
0
0
0
0
0
0
0
0
0
0
0
0
0
0
0
0
0
0
0
0
0
0
0
0
0
0
0
0
0
0
0
0
0
0
0
0
0
0
0
0
0
0
0
0
0
0
0
0
0
0
0
0
0
0
0
0
0
0
0
0
0
0
0
0
0
0
1
0
0
0
0
0
0
0
0
0
0
0
0
0
1
0
0
0
0
0
0
0
0
0
0
0
0
0
0
0
0
0
0
0
0
0
0
0
0
0
0
0
0
0
0
0
0
0
0
0
0
0
0
0
0
0
0
0
0
0
0
0
0
0
0
0
1
0
0
0
0
0
0
0
0
0
0
1
0
0
0
0
0
0
0
0
0
0
0
0
0
0
0
0
1
0
0
0
0
0
0
0
0
0
0
0
0
0
0
0
0
0
0
0
0
0
0
0
1
0
0
0
1
0
0
0
0
0
0
0
0
0
0
0
0
0
0
0
0
0
0
0
0
0
0
0
0
0
0
0
0
0
0
0
0
0
0
0
0
0
0
0
0
0
0
0
0
0
0
0
0
0
0
0
0
0
0
0
0
0
0
1
0
0
0
0
0
0
0
0
1
0
0
0
0
0
0
0
0
0
0
0
0
0
0
0
0
0
0
0
0
0
0
0
0
0
0
0
0
0
0
0
0
0
1
0
0
0
0
0
0
0
0
0
0
0
0
1
0
1
0
0
0
0
0
1
0
0
0
0
0
0
0
0
1
0
0
0
2
0
0
1
0
0
0
2
0
0
0
0
0
0
0
0
0
1
0
0
0
0
0
0
0
0
0
1
0
0
0
0
0
1
0
0
2
0
0
0
0
0
0
0
0
0
0
0
1
0
0
1
0
0
0
0
0
0
0
0
0
0
0
0
0
0
2
0
0
0
0
0
0
0
0
1
1
0
0
0
0
0
1
0
0
0
0
0
0
0
0
0
0
0
0
0
1
0
0
0
0
0
1
0
0
0
0
0
0
0
1
0
0
0
0
0
0
0
0
0
0
0
0
0
0
0
0
0
0
0
0
0
0
0
0
0
0
0
0
0
0
0
0
0
