6.00E+01		214
6.10E+01		204
6.20E+01		194
6.30E+01		185
6.40E+01		177
6.50E+01		169
6.60E+01		161
6.70E+01		154
6.80E+01		147
6.90E+01		141
7.00E+01		135
7.10E+01		130
7.20E+01		124
7.30E+01		119
7.40E+01		115
7.50E+01		110
7.60E+01		106
7.70E+01		102
7.80E+01		97.8
7.90E+01		94.1
8.00E+01		90.6
8.10E+01		87.3
8.20E+01		84.1
8.30E+01		81.1
8.40E+01		78.3
8.50E+01		75.5
8.60E+01		72.9
8.70E+01		70.4
8.80E+01		68
8.90E+01		65.7
9.00E+01		63.6
9.10E+01		61.5
9.20E+01		59.5
9.30E+01		57.6
9.40E+01		55.7
9.50E+01		54
9.60E+01		52.3
9.70E+01		50.7
9.80E+01		49.2
9.90E+01		47.7
1.00E+02		46.2
1.01E+02		44.9
1.02E+02		43.6
1.03E+02		42.3
1.04E+02		41.1
1.05E+02		39.9
1.06E+02		38.8
1.07E+02		37.7
1.08E+02		36.6
1.09E+02		35.6
1.10E+02		34.7
1.11E+02		33.7
1.12E+02		32.8
1.13E+02		32
1.14E+02		31.1
1.15E+02		30.3
1.16E+02		29.5
1.17E+02		28.8
1.18E+02		28
1.19E+02		27.3
1.20E+02		26.6
1.21E+02		26
1.22E+02		25.3
1.23E+02		24.7
1.24E+02		24.1
1.25E+02		23.5
1.26E+02		23
1.27E+02		22.4
1.28E+02		21.9
1.29E+02		21.4
1.30E+02		20.9
1.31E+02		20.4
1.32E+02		20
1.33E+02		19.5
1.34E+02		19.1
1.35E+02		18.7
1.36E+02		18.2
1.37E+02		17.8
1.38E+02		17.5
1.39E+02		17.1
1.40E+02		16.7
1.41E+02		16.4
1.42E+02		16
1.43E+02		15.7
1.44E+02		15.3
1.45E+02		15
1.46E+02		14.7
1.47E+02		14.4
1.48E+02		14.1
1.49E+02		13.8
1.50E+02		13.6
1.51E+02		13.3
1.52E+02		13
1.53E+02		12.8
1.54E+02		12.5
1.55E+02		12.3
1.56E+02		12
1.57E+02		11.8
1.58E+02		11.6
1.59E+02		11.4
1.60E+02		11.2
1.61E+02		11
1.62E+02		10.8
1.63E+02		10.6
1.64E+02		10.4
1.65E+02		10.2
1.66E+02		9.99
1.67E+02		9.81
1.68E+02		9.63
1.69E+02		9.46
1.70E+02		9.29
1.71E+02		9.13
1.72E+02		8.97
1.73E+02		8.82
1.74E+02		8.67
1.75E+02		8.52
1.76E+02		8.37
1.77E+02		8.23
1.78E+02		8.09
1.79E+02		7.96
1.80E+02		7.83
1.81E+02		7.7
1.82E+02		7.57
1.83E+02		7.45
1.84E+02		7.33
1.85E+02		7.21
1.86E+02		7.09
1.87E+02		6.98
1.88E+02		6.87
1.89E+02		6.76
1.90E+02		6.65
1.91E+02		6.55
1.92E+02		6.45
1.93E+02		6.35
1.94E+02		6.25
1.95E+02		6.16
1.96E+02		6.06
1.97E+02		5.97
1.98E+02		5.88
1.99E+02		5.79
2.00E+02		5.71
2.01E+02		5.62
2.02E+02		5.54
2.03E+02		5.46
2.04E+02		5.38
2.05E+02		5.3
2.06E+02		5.22
2.07E+02		5.15
2.08E+02		5.08
2.09E+02		5
2.10E+02		4.93
2.11E+02		4.86
2.12E+02		4.8
2.13E+02		4.73
2.14E+02		4.66
2.15E+02		4.6
2.16E+02		4.54
2.17E+02		4.47
2.18E+02		4.41
2.19E+02		4.35
2.20E+02		4.3
2.21E+02		4.24
2.22E+02		4.18
2.23E+02		4.13
2.24E+02		4.07
2.25E+02		4.02
2.26E+02		3.97
2.27E+02		3.91
2.28E+02		3.86
2.29E+02		3.81
2.30E+02		3.76
2.31E+02		3.72
2.32E+02		3.67
2.33E+02		3.62
2.34E+02		3.58
2.35E+02		3.53
2.36E+02		3.49
2.37E+02		3.45
2.38E+02		3.4
2.39E+02		3.36
2.40E+02		3.32
2.41E+02		3.28
2.42E+02		3.24
2.43E+02		3.2
2.44E+02		3.16
2.45E+02		3.12
2.46E+02		3.09
2.47E+02		3.05
2.48E+02		3.01
2.49E+02		2.98
2.50E+02		2.94
2.51E+02		2.91
2.52E+02		2.88
2.53E+02		2.84
2.54E+02		2.81
2.55E+02		2.78
2.56E+02		2.75
2.57E+02		2.72
2.58E+02		2.68
2.59E+02		2.65
2.60E+02		2.62
2.61E+02		2.6
2.62E+02		2.57
2.63E+02		2.54
2.64E+02		2.51
2.65E+02		2.48
2.66E+02		2.46
2.67E+02		2.43
2.68E+02		2.4
2.69E+02		2.38
2.70E+02		2.35
2.71E+02		2.33
2.72E+02		2.3
2.73E+02		2.28
2.74E+02		2.25
2.75E+02		2.23
2.76E+02		2.21
2.77E+02		2.18
2.78E+02		2.16
2.79E+02		2.14
2.80E+02		2.12
2.81E+02		2.09
2.82E+02		2.07
2.83E+02		2.05
2.84E+02		2.03
2.85E+02		2.01
2.86E+02		1.99
2.87E+02		1.97
2.88E+02		1.95
2.89E+02		1.93
2.90E+02		1.91
2.91E+02		1.89
2.92E+02		1.87
2.93E+02		1.86
2.94E+02		1.84
2.95E+02		1.82
2.96E+02		1.8
2.97E+02		1.78
2.98E+02		1.77
2.99E+02		1.75
3.00E+02		1.73
3.01E+02		1.72
3.02E+02		1.7
3.03E+02		1.68
3.04E+02		1.67
3.05E+02		1.65
3.06E+02		1.64
3.07E+02		1.62
3.08E+02		1.61
3.09E+02		1.59
3.10E+02		1.58
3.11E+02		1.56
3.12E+02		1.55
3.13E+02		1.54
3.14E+02		1.52
3.15E+02		1.51
3.16E+02		1.49
3.17E+02		1.48
3.18E+02		1.47
3.19E+02		1.45
3.20E+02		1.44
3.21E+02		1.43
3.22E+02		1.42
3.23E+02		1.4
3.24E+02		1.39
3.25E+02		1.38
3.26E+02		1.37
3.27E+02		1.36
3.28E+02		1.34
3.29E+02		1.33
3.30E+02		1.32
3.31E+02		1.31
3.32E+02		1.3
3.33E+02		1.29
3.34E+02		1.28
3.35E+02		1.27
3.36E+02		1.26
3.37E+02		1.25
3.38E+02		1.23
3.39E+02		1.22
3.40E+02		1.21
3.41E+02		1.2
3.42E+02		1.19
3.43E+02		1.18
3.44E+02		1.18
3.45E+02		1.17
3.46E+02		1.16
3.47E+02		1.15
3.48E+02		1.14
3.49E+02		1.13
3.50E+02		1.12
3.51E+02		1.11
3.52E+02		1.1
3.53E+02		1.09
3.54E+02		1.08
3.55E+02		1.08
3.56E+02		1.07
3.57E+02		1.06
3.58E+02		1.05
3.59E+02		1.04
3.60E+02		1.03
3.61E+02		1.03
3.62E+02		1.02
3.63E+02		1.01
3.64E+02		1
3.65E+02		0.995
3.66E+02		0.988
3.67E+02		0.98
3.68E+02		0.973
3.69E+02		0.966
3.70E+02		0.958
3.71E+02		0.951
3.72E+02		0.944
3.73E+02		0.937
3.74E+02		0.93
3.75E+02		0.923
3.76E+02		0.917
3.77E+02		0.91
3.78E+02		0.903
3.79E+02		0.897
3.80E+02		0.89
3.81E+02		0.884
3.82E+02		0.877
3.83E+02		0.871
3.84E+02		0.865
3.85E+02		0.859
3.86E+02		0.852
3.87E+02		0.846
3.88E+02		0.84
3.89E+02		0.835
3.90E+02		0.829
3.91E+02		0.823
3.92E+02		0.817
3.93E+02		0.811
3.94E+02		0.806
3.95E+02		0.8
3.96E+02		0.795
3.97E+02		0.789
3.98E+02		0.784
3.99E+02		0.778
4.00E+02		0.773
4.01E+02		0.768
4.02E+02		0.763
4.03E+02		0.758
4.04E+02		0.752
4.05E+02		0.747
4.06E+02		0.742
4.07E+02		0.737
4.08E+02		0.733
4.09E+02		0.728
4.10E+02		0.723
4.11E+02		0.718
4.12E+02		0.713
4.13E+02		0.709
4.14E+02		0.704
4.15E+02		0.699
4.16E+02		0.695
4.17E+02		0.69
4.18E+02		0.686
4.19E+02		0.682
4.20E+02		0.677
4.21E+02		0.673
4.22E+02		0.668
4.23E+02		0.664
4.24E+02		0.66
4.25E+02		0.656
4.26E+02		0.652
4.27E+02		0.648
4.28E+02		0.644
4.29E+02		0.639
4.30E+02		0.635
4.31E+02		0.632
4.32E+02		0.628
4.33E+02		0.624
4.34E+02		0.62
4.35E+02		0.616
4.36E+02		0.612
4.37E+02		0.609
4.38E+02		0.605
4.39E+02		0.601
4.40E+02		0.598
4.41E+02		0.594
4.42E+02		0.59
4.43E+02		0.587
4.44E+02		0.583
4.45E+02		0.58
4.46E+02		0.576
4.47E+02		0.573
4.48E+02		0.569
4.49E+02		0.566
4.50E+02		0.563
4.51E+02		0.559
4.52E+02		0.556
4.53E+02		0.553
4.54E+02		0.55
4.55E+02		0.546
4.56E+02		0.543
4.57E+02		0.54
4.58E+02		0.537
4.59E+02		0.534
4.60E+02		0.531
4.61E+02		0.528
4.62E+02		0.525
4.63E+02		0.522
4.64E+02		0.519
4.65E+02		0.516
4.66E+02		0.513
4.67E+02		0.51
4.68E+02		0.507
4.69E+02		0.504
4.70E+02		0.502
4.71E+02		0.499
4.72E+02		0.496
4.73E+02		0.493
4.74E+02		0.491
4.75E+02		0.488
4.76E+02		0.485
4.77E+02		0.483
4.78E+02		0.48
4.79E+02		0.477
4.80E+02		0.475
4.81E+02		0.472
4.82E+02		0.47
4.83E+02		0.467
4.84E+02		0.465
4.85E+02		0.462
4.86E+02		0.46
4.87E+02		0.457
4.88E+02		0.455
4.89E+02		0.452
4.90E+02		0.45
4.91E+02		0.448
4.92E+02		0.445
4.93E+02		0.443
4.94E+02		0.441
4.95E+02		0.438
4.96E+02		0.436
4.97E+02		0.434
4.98E+02		0.431
4.99E+02		0.429
5.00E+02		0.427
5.01E+02		0.425
5.02E+02		0.423
5.03E+02		0.421
5.04E+02		0.418
5.05E+02		0.416
5.06E+02		0.414
5.07E+02		0.412
5.08E+02		0.41
5.09E+02		0.408
5.10E+02		0.406
5.11E+02		0.404
5.12E+02		0.402
5.13E+02		0.4
5.14E+02		0.398
5.15E+02		0.396
5.16E+02		0.394
5.17E+02		0.392
5.18E+02		0.39
5.19E+02		0.388
5.20E+02		0.386
5.21E+02		0.384
5.22E+02		0.382
5.23E+02		0.381
5.24E+02		0.379
5.25E+02		0.377
5.26E+02		0.375
5.27E+02		0.373
5.28E+02		0.372
5.29E+02		0.37
5.30E+02		0.368
5.31E+02		0.366
5.32E+02		0.364
5.33E+02		0.363
5.34E+02		0.361
5.35E+02		0.359
5.36E+02		0.358
5.37E+02		0.356
5.38E+02		0.354
5.39E+02		0.353
5.40E+02		0.351
5.41E+02		0.349
5.42E+02		0.348
5.43E+02		0.346
5.44E+02		0.345
5.45E+02		0.343
5.46E+02		0.341
5.47E+02		0.34
5.48E+02		0.338
5.49E+02		0.337
5.50E+02		0.335
5.51E+02		0.334
5.52E+02		0.332
5.53E+02		0.331
5.54E+02		0.329
5.55E+02		0.328
5.56E+02		0.326
5.57E+02		0.325
5.58E+02		0.323
5.59E+02		0.322
5.60E+02		0.32
5.61E+02		0.319
5.62E+02		0.318
5.63E+02		0.316
5.64E+02		0.315
5.65E+02		0.313
5.66E+02		0.312
5.67E+02		0.311
5.68E+02		0.309
5.69E+02		0.308
5.70E+02		0.307
5.71E+02		0.305
5.72E+02		0.304
5.73E+02		0.303
5.74E+02		0.301
5.75E+02		0.3
5.76E+02		0.299
5.77E+02		0.297
5.78E+02		0.296
5.79E+02		0.295
5.80E+02		0.294
5.81E+02		0.292
5.82E+02		0.291
5.83E+02		0.29
5.84E+02		0.289
5.85E+02		0.287
5.86E+02		0.286
5.87E+02		0.285
5.88E+02		0.284
5.89E+02		0.283
5.90E+02		0.281
5.91E+02		0.28
5.92E+02		0.279
5.93E+02		0.278
5.94E+02		0.277
5.95E+02		0.276
5.96E+02		0.274
5.97E+02		0.273
5.98E+02		0.272
5.99E+02		0.271
6.00E+02		0.27
6.01E+02		0.269
6.02E+02		0.268
6.03E+02		0.267
6.04E+02		0.266
6.05E+02		0.264
6.06E+02		0.263
6.07E+02		0.262
6.08E+02		0.261
6.09E+02		0.26
6.10E+02		0.259
6.11E+02		0.258
6.12E+02		0.257
6.13E+02		0.256
6.14E+02		0.255
6.15E+02		0.254
6.16E+02		0.253
6.17E+02		0.252
6.18E+02		0.251
6.19E+02		0.25
6.20E+02		0.249
6.21E+02		0.248
6.22E+02		0.247
6.23E+02		0.246
6.24E+02		0.245
6.25E+02		0.244
6.26E+02		0.243
6.27E+02		0.242
6.28E+02		0.241
6.29E+02		0.24
6.30E+02		0.239
6.31E+02		0.239
6.32E+02		0.238
6.33E+02		0.237
6.34E+02		0.236
6.35E+02		0.235
6.36E+02		0.234
6.37E+02		0.233
6.38E+02		0.232
6.39E+02		0.231
6.40E+02		0.23
6.41E+02		0.23
6.42E+02		0.229
6.43E+02		0.228
6.44E+02		0.227
6.45E+02		0.226
6.46E+02		0.225
6.47E+02		0.224
6.48E+02		0.224
6.49E+02		0.223
6.50E+02		0.222
6.51E+02		0.221
6.52E+02		0.22
6.53E+02		0.22
6.54E+02		0.219
6.55E+02		0.218
6.56E+02		0.217
6.57E+02		0.216
6.58E+02		0.216
6.59E+02		0.215
6.60E+02		0.214
6.61E+02		0.213
6.62E+02		0.212
6.63E+02		0.212
6.64E+02		0.211
6.65E+02		0.21
6.66E+02		0.209
6.67E+02		0.209
6.68E+02		0.208
6.69E+02		0.207
6.70E+02		0.206
6.71E+02		0.206
6.72E+02		0.205
6.73E+02		0.204
6.74E+02		0.203
6.75E+02		0.203
6.76E+02		0.202
6.77E+02		0.201
6.78E+02		0.201
6.79E+02		0.2
6.80E+02		0.199
6.81E+02		0.199
6.82E+02		0.198
6.83E+02		0.197
6.84E+02		0.196
6.85E+02		0.196
6.86E+02		0.195
6.87E+02		0.194
6.88E+02		0.194
6.89E+02		0.193
6.90E+02		0.192
6.91E+02		0.192
6.92E+02		0.191
6.93E+02		0.191
6.94E+02		0.19
6.95E+02		0.189
6.96E+02		0.189
6.97E+02		0.188
6.98E+02		0.187
6.99E+02		0.187
7.00E+02		0.186
7.01E+02		0.185
7.02E+02		0.185
7.03E+02		0.184
7.04E+02		0.184
7.05E+02		0.183
7.06E+02		0.182
7.07E+02		0.182
7.08E+02		0.181
7.09E+02		0.181
7.10E+02		0.18
7.11E+02		0.179
7.12E+02		0.179
7.13E+02		0.178
7.14E+02		0.178
7.15E+02		0.177
7.16E+02		0.177
7.17E+02		0.176
7.18E+02		0.175
7.19E+02		0.175
7.20E+02		0.174
7.21E+02		0.174
7.22E+02		0.173
7.23E+02		0.173
7.24E+02		0.172
7.25E+02		0.172
7.26E+02		0.171
7.27E+02		0.17
7.28E+02		0.17
7.29E+02		0.169
7.30E+02		0.169
7.31E+02		0.168
7.32E+02		0.168
7.33E+02		0.167
7.34E+02		0.167
7.35E+02		0.166
7.36E+02		0.166
7.37E+02		0.165
7.38E+02		0.165
7.39E+02		0.164
7.40E+02		0.164
7.41E+02		0.163
7.42E+02		0.163
7.43E+02		0.162
7.44E+02		0.162
7.45E+02		0.161
7.46E+02		0.161
7.47E+02		0.16
7.48E+02		0.16
7.49E+02		0.159
7.50E+02		0.159
7.51E+02		0.158
7.52E+02		0.158
7.53E+02		0.157
7.54E+02		0.157
7.55E+02		0.157
7.56E+02		0.156
7.57E+02		0.156
7.58E+02		0.155
7.59E+02		0.155
7.60E+02		0.154
7.61E+02		0.154
7.62E+02		0.153
7.63E+02		0.153
7.64E+02		0.152
7.65E+02		0.152
7.66E+02		0.152
7.67E+02		0.151
7.68E+02		0.151
7.69E+02		0.15
7.70E+02		0.15
7.71E+02		0.149
7.72E+02		0.149
7.73E+02		0.149
7.74E+02		0.148
7.75E+02		0.148
7.76E+02		0.147
7.77E+02		0.147
7.78E+02		0.146
7.79E+02		0.146
7.80E+02		0.146
7.81E+02		0.145
7.82E+02		0.145
7.83E+02		0.144
7.84E+02		0.144
7.85E+02		0.144
7.86E+02		0.143
7.87E+02		0.143
7.88E+02		0.142
7.89E+02		0.142
7.90E+02		0.142
7.91E+02		0.141
7.92E+02		0.141
7.93E+02		0.141
7.94E+02		0.14
7.95E+02		0.14
7.96E+02		0.139
7.97E+02		0.139
7.98E+02		0.139
7.99E+02		0.138
8.00E+02		0.138
8.01E+02		0.138
8.02E+02		0.137
8.03E+02		0.137
8.04E+02		0.136
8.05E+02		0.136
8.06E+02		0.136
8.07E+02		0.135
8.08E+02		0.135
8.09E+02		0.135
8.10E+02		0.134
8.11E+02		0.134
8.12E+02		0.134
8.13E+02		0.133
8.14E+02		0.133
8.15E+02		0.133
8.16E+02		0.132
8.17E+02		0.132
8.18E+02		0.132
8.19E+02		0.131
8.20E+02		0.131
8.21E+02		0.131
8.22E+02		0.13
8.23E+02		0.13
8.24E+02		0.13
8.25E+02		0.129
8.26E+02		0.129
8.27E+02		0.129
8.28E+02		0.128
8.29E+02		0.128
8.30E+02		0.128
8.31E+02		0.127
8.32E+02		0.127
8.33E+02		0.127
8.34E+02		0.126
8.35E+02		0.126
8.36E+02		0.126
8.37E+02		0.126
8.38E+02		0.125
8.39E+02		0.125
8.40E+02		0.125
8.41E+02		0.124
8.42E+02		0.124
8.43E+02		0.124
8.44E+02		0.123
8.45E+02		0.123
8.46E+02		0.123
8.47E+02		0.122
8.48E+02		0.122
8.49E+02		0.122
8.50E+02		0.122
8.51E+02		0.121
8.52E+02		0.121
8.53E+02		0.121
8.54E+02		0.12
8.55E+02		0.12
8.56E+02		0.12
8.57E+02		0.12
8.58E+02		0.119
8.59E+02		0.119
8.60E+02		0.119
8.61E+02		0.118
8.62E+02		0.118
8.63E+02		0.118
8.64E+02		0.118
8.65E+02		0.117
8.66E+02		0.117
8.67E+02		0.117
8.68E+02		0.116
8.69E+02		0.116
8.70E+02		0.116
8.71E+02		0.116
8.72E+02		0.115
8.73E+02		0.115
8.74E+02		0.115
8.75E+02		0.115
8.76E+02		0.114
8.77E+02		0.114
8.78E+02		0.114
8.79E+02		0.113
8.80E+02		0.113
8.81E+02		0.113
8.82E+02		0.113
8.83E+02		0.112
8.84E+02		0.112
8.85E+02		0.112
8.86E+02		0.112
8.87E+02		0.111
8.88E+02		0.111
8.89E+02		0.111
8.90E+02		0.111
8.91E+02		0.11
8.92E+02		0.11
8.93E+02		0.11
8.94E+02		0.11
8.95E+02		0.109
8.96E+02		0.109
8.97E+02		0.109
8.98E+02		0.109
8.99E+02		0.108
9.00E+02		0.108
9.01E+02		0.108
9.02E+02		0.108
9.03E+02		0.107
9.04E+02		0.107
9.05E+02		0.107
9.06E+02		0.107
9.07E+02		0.106
9.08E+02		0.106
9.09E+02		0.106
9.10E+02		0.106
9.11E+02		0.105
9.12E+02		0.105
9.13E+02		0.105
9.14E+02		0.105
9.15E+02		0.104
9.16E+02		0.104
9.17E+02		0.104
9.18E+02		0.104
9.19E+02		0.103
9.20E+02		0.103
9.21E+02		0.103
9.22E+02		0.103
9.23E+02		0.103
9.24E+02		0.102
9.25E+02		0.102
9.26E+02		0.102
9.27E+02		0.102
9.28E+02		0.101
9.29E+02		0.101
9.30E+02		0.101
9.31E+02		0.101
9.32E+02		0.1
9.33E+02		0.1
9.34E+02		0.0999
9.35E+02		0.0997
9.36E+02		0.0995
9.37E+02		0.0993
9.38E+02		0.099
9.39E+02		0.0988
9.40E+02		0.0986
9.41E+02		0.0984
9.42E+02		0.0981
9.43E+02		0.0979
9.44E+02		0.0977
9.45E+02		0.0975
9.46E+02		0.0972
9.47E+02		0.097
9.48E+02		0.0968
9.49E+02		0.0966
9.50E+02		0.0964
9.51E+02		0.0961
9.52E+02		0.0959
9.53E+02		0.0957
9.54E+02		0.0955
9.55E+02		0.0953
9.56E+02		0.095
9.57E+02		0.0948
9.58E+02		0.0946
9.59E+02		0.0944
9.60E+02		0.0942
9.61E+02		0.094
9.62E+02		0.0937
9.63E+02		0.0935
9.64E+02		0.0933
9.65E+02		0.0931
9.66E+02		0.0929
9.67E+02		0.0927
9.68E+02		0.0925
9.69E+02		0.0922
9.70E+02		0.092
9.71E+02		0.0918
9.72E+02		0.0916
9.73E+02		0.0914
9.74E+02		0.0912
9.75E+02		0.091
9.76E+02		0.0908
9.77E+02		0.0906
9.78E+02		0.0904
9.79E+02		0.0901
9.80E+02		0.0899
9.81E+02		0.0897
9.82E+02		0.0895
9.83E+02		0.0893
9.84E+02		0.0891
9.85E+02		0.0889
9.86E+02		0.0887
9.87E+02		0.0885
9.88E+02		0.0883
9.89E+02		0.0881
9.90E+02		0.0879
9.91E+02		0.0877
9.92E+02		0.0875
9.93E+02		0.0873
9.94E+02		0.0871
9.95E+02		0.0869
9.96E+02		0.0867
9.97E+02		0.0865
9.98E+02		0.0863
9.99E+02		0.0861
1.00E+03		0.0859
