1.015909701		217079.0841
1.031112597		210012.7031
1.046543001		203176.3477
1.062204319		196562.5301
1.078100005		190164.0061
1.094233568		183973.7676
1.110608566		177985.0343
1.127228612		172191.247
1.144097375		166586.0596
1.161218575		161163.3328
1.178595991		155917.1272
1.196233457		150841.6966
1.214134864		145931.482
1.232304162		585855.4165
1.232304162		566784.5899
1.232304162		548334.5589
1.232304162		530485.1152
1.232304162		513216.7085
1.232304162		496510.4247
1.232304162		480347.9656
1.232304162		464711.6286
1.232304162		449584.2873
1.232304162		434949.3727
1.232304162		420790.8554
1.232304162		407093.2276
1.232304162		393841.4865
1.232304162		381021.1174
1.232304162		368618.0783
1.232304162		356618.7842
1.232304162		345010.0924
1.232304162		333779.2879
1.232304162		322914.0697
1.232304162		312402.5373
1.232304162		302233.1773
1.232304162		292394.8515
1.232304162		282876.7838
1.232304162		273668.5493
1.232304162		264760.0621
1.232304162		256141.565
1.232304162		247803.6181
1.232304162		239737.0889
1.232304162		231933.1422
1.232304162		224383.2304
1.232304162		217079.0841
1.232304162		210012.7031
1.232304162		203176.3477
1.232304162		196562.5301
1.232304162		190164.0061
1.232304162		183973.7676
1.232304162		177985.0343
1.232304162		172191.247
1.232304162		166586.0596
1.232304162		161163.3328
1.232304162		155917.1272
1.232304162		150841.6966
1.232304162		145931.482
1.232304162		141181.1052
1.25074536		789118.4367
1.25074536		763430.9711
1.25074536		738579.6866
1.25074536		714537.3637
1.25074536		691277.669
1.25074536		668775.1263
1.25074536		647005.0887
1.25074536		625943.7116
1.25074536		605567.9267
1.269462528		763430.9711
1.288459794		763430.9711
1.307741351		738579.6866
1.327311452		738579.6866
1.347174416		714537.3637
1.367334626		714537.3637
1.38779653		691277.669
1.408564642		691277.669
1.429643545		763430.9711
1.429643545		738579.6866
1.429643545		714537.3637
1.429643545		691277.669
1.429643545		668775.1263
1.45103789		738579.6866
1.472752397		714537.3637
1.494791857		691277.669
1.517161134		668775.1263
1.539865163		647005.0887
1.562908953		625943.7116
1.58629759		605567.9267
1.58629759		585855.4165
1.610036232		566784.5899
1.63413012		548334.5589
1.658584567		530485.1152
1.683404971		513216.7085
1.708596807		496510.4247
1.734165635		480347.9656
1.760117095		464711.6286
1.760117095		449584.2873
1.786456914		434949.3727
1.813190903		420790.8554
1.840324961		407093.2276
1.867865075		393841.4865
1.895817322		381021.1174
1.924187869		368618.0783
1.924187869		356618.7842
1.952982976		345010.0924
1.982208996		333779.2879
2.011872378		322914.0697
2.041979667		312402.5373
2.072537506		302233.1773
2.103552637		292394.8515
2.103552637		282876.7838
2.135031903		273668.5493
2.166982251		264760.0621
2.19941073		256141.565
2.232324495		247803.6181
2.265730808		239737.0889
2.29963704		231933.1422
2.334050673		224383.2304
2.334050673		217079.0841
2.368979299		210012.7031
2.404430625		203176.3477
2.440412474		196562.5301
2.476932784		190164.0061
2.513999614		183973.7676
2.551621141		177985.0343
2.589805668		172191.247
2.589805668		166586.0596
2.628561619		161163.3328
2.667897546		155917.1272
2.707822127		150841.6966
2.748344172		145931.482
2.789472622		141181.1052
2.831216551		136585.3631
2.87358517		132139.2222
2.87358517		127837.8124
2.916587828		123676.4227
2.960234012		119650.4949
3.004533353		115755.6195
3.049495625		111987.5305
3.095130749		108342.1007
3.141448794		104815.3374
3.141448794		101403.3776
3.18845998		98102.48429
3.23617468		94909.042
3.284603421		91819.55298
3.333756888		88830.63332
3.383645928		85939.00929
3.434281548		83141.51371
3.485674921		80435.08249
3.485674921		77816.7513
3.537837386		75283.65231
3.590780452		72833.01101
3.644515801		70462.14325
3.699055289		68168.45222
3.754410951		65949.42566
3.810594999		63802.63309
3.867619831		61725.72313
3.867619831		59716.42096
3.925498029		57772.5258
3.984242363		55891.90852
4.043865795		54072.50929
4.10438148		52312.33534
4.165802771		50609.45875
4.22814322		48962.01437
4.22814322		47368.19778
4.291416583		45826.26327
4.355636818		44334.52197
4.420818098		42891.33999
4.486974803		41495.13663
4.554121531		40144.38262
4.554121531		38837.59849
4.622273097		37573.35294
4.691444538		36350.26124
4.761651116		35166.98375
4.832908323		34022.22443
4.90523188		32914.72943
4.90523188		31843.28573
4.978637745		30806.71978
5.053142116		29803.89623
5.12876143		28833.71669
5.205512373		27895.11854
5.205512373		26987.07374
5.283411879		26108.5877
5.362477137		25258.69823
5.442725591		24436.47446
5.442725591		23641.01579
5.524174948		22871.45098
5.606843179		22126.93713
5.690748525		21406.65877
5.690748525		20709.82698
5.775909498		20035.67853
5.862344889		19383.47504
5.95007377		18752.50214
5.95007377		18142.06874
6.039115496		17551.50622
6.129489715		16980.16777
6.221216367		16427.42758
6.221216367		15892.68024
6.314315691		15375.34006
6.408808229		14874.84039
6.50471483		14390.63303
6.602056654		13922.18765
6.602056654		13468.99114
6.700855181		13030.54714
6.801132209		12606.37541
6.902909864		12196.01137
7.006210602		11799.00553
7.006210602		11414.92308
7.111057216		11043.34331
7.21747284		10683.85925
7.325480953		10336.07715
7.325480953		9999.61609
7.435105387		9674.107545
7.54637033		9359.194988
7.659300332		9054.533498
7.77392031		8759.78938
7.77392031		8474.639803
7.890255555		8198.772446
8.008331734		7931.885151
8.128174901		7673.685599
8.249811498		7423.890986
8.373268364		7182.227713
8.373268364		6948.431088
8.498572738		6722.245035
8.625752269		6503.421815
8.754835017		6291.72175
8.885849464		6086.912968
9.018824517		5888.771143
9.018824517		5697.079251
9.153789517		5511.627334
9.290774242		5332.212267
9.429808918		5158.637537
9.570924222		4990.713031
9.714151289		4828.25482
9.714151289		4671.084966
9.859521722		4519.031322
10.0070676		4371.927343
10.15682147		4229.611909
10.30881638		4091.929141
10.30881638		3958.728238
10.46308586		3829.863304
10.61966396		3705.193194
10.77858521		3584.581359
10.77858521		3467.895694
10.9398847		3355.008392
11.103598		23641.01579
11.103598		22871.45098
11.103598		22126.93713
11.103598		21406.65877
11.103598		20709.82698
11.103598		20035.67853
11.103598		19383.47504
11.103598		18752.50214
11.103598		18142.06874
11.103598		17551.50622
11.103598		16980.16777
11.103598		16427.42758
11.103598		15892.68024
11.103598		15375.34006
11.103598		14874.84039
11.103598		14390.63303
11.103598		13922.18765
11.103598		13468.99114
11.103598		13030.54714
11.103598		12606.37541
11.103598		12196.01137
11.103598		11799.00553
11.103598		11414.92308
11.103598		11043.34331
11.103598		10683.85925
11.103598		10336.07715
11.103598		9999.61609
11.103598		9674.107545
11.103598		9359.194988
11.103598		9054.533498
11.103598		8759.78938
11.103598		8474.639803
11.103598		8198.772446
11.103598		7931.885151
11.103598		7673.685599
11.103598		7423.890986
11.103598		7182.227713
11.103598		6948.431088
11.103598		6722.245035
11.103598		6503.421815
11.103598		6291.72175
11.103598		6086.912968
11.103598		5888.771143
11.103598		5697.079251
11.103598		5511.627334
11.103598		5332.212267
11.103598		5158.637537
11.103598		4990.713031
11.103598		4828.25482
11.103598		4671.084966
11.103598		4519.031322
11.103598		4371.927343
11.103598		4229.611909
11.103598		4091.929141
11.103598		3958.728238
11.103598		3829.863304
11.103598		3705.193194
11.103598		3584.581359
11.103598		3467.895694
11.103598		3355.008392
11.103598		3245.795809
11.26976124		22871.45098
11.43841108		22126.93713
11.60958474		21406.65877
11.78331997		20709.82698
11.95965512		20035.67853
11.95965512		19383.47504
12.1386291		18752.50214
12.32028138		18142.06874
12.50465206		17551.50622
12.6917818		16980.16777
12.88171191		16427.42758
13.07448429		15892.68024
13.27014147		15375.34006
13.46872662		14874.84039
13.67028357		14390.63303
13.87485677		13922.18765
14.08249137		13468.99114
14.08249137		13030.54714
14.29323319		12606.37541
14.50712871		12196.01137
14.72422514		11799.00553
14.94457038		11414.92308
15.16821305		11043.34331
15.39520248		10683.85925
15.62558877		10336.07715
15.62558877		9999.61609
15.85942274		9674.107545
16.096756		9359.194988
16.3376409		9054.533498
16.5821306		8759.78938
16.5821306		8474.639803
16.83027905		8198.772446
17.08214098		7931.885151
17.33777198		7673.685599
17.59722846		7423.890986
17.59722846		7182.227713
17.86056765		6948.431088
18.12784766		6722.245035
18.39912746		6503.421815
18.39912746		6291.72175
18.67446692		6086.912968
18.95392678		5888.771143
19.2375687		5697.079251
19.52545527		5511.627334
19.52545527		5332.212267
19.81765001		5158.637537
20.11421738		4990.713031
20.41522283		4828.25482
20.72073278		4671.084966
20.72073278		4519.031322
21.03081462		4371.927343
21.34553677		4229.611909
21.66496868		4091.929141
21.98918083		3958.728238
21.98918083		3829.863304
22.31824476		3705.193194
22.65223306		3584.581359
22.99121944		3467.895694
23.33527868		3355.008392
23.33527868		3245.795809
23.6844867		3140.138326
24.03892056		3037.920216
24.39865845		2939.02952
24.76377975		2843.357925
24.76377975		2750.800642
25.13436502		2661.256293
25.51049603		2574.6268
25.89225577		2490.817281
25.89225577		2409.735937
26.27972847		2331.293962
26.67299963		2255.405438
27.07215601		2181.987245
27.4772857		2110.958969
27.4772857		2042.242813
27.88847807		1975.763512
28.30582386		1911.448252
28.72941515		1849.226589
29.1593454		1789.030373
29.1593454		1730.79367
29.59570948		1674.452694
30.03860367		1619.945735
30.48812568		1567.213093
30.9443747		1516.197009
30.9443747		1466.841606
31.4074514		1419.092825
31.87745796		1372.898368
32.35449808		1328.207637
32.83867701		1284.971684
32.83867701		1243.143152
33.33010159		1202.676226
33.82888025		1163.526584
34.33512303		1125.651346
34.84894164		1089.009026
34.84894164		1053.559491
35.37044945		1019.263912
35.89976152		986.0847272
36.43699465		953.9855944
36.98226737		922.931356
36.98226737		892.8879983
37.53569999		863.8226152
38.09741463		835.7033714
38.66753522		808.4994682
39.24618755		782.1811092
39.24618755		756.7194683
39.83349931		732.0866573
40.42960008		708.2556962
41.03462139		685.200483
41.64869672		662.8957654
41.64869672		641.3171134
42.27196157		620.4408919
42.90455347		600.2442354
43.54661198		580.7050225
43.54661198		561.8018521
44.19827878		543.5140197
44.85969764		525.8214947
45.53101452		508.7048986
45.53101452		492.1454837
46.21237752		476.1251127
46.903937		460.6262384
47.60584552		445.6318851
47.60584552		431.1256295
48.31825798		417.0915831
49.04133156		403.5143745
49.77522579		390.3791325
49.77522579		377.6714703
50.52010261		365.3774692
51.27612637		353.4836638
52.04346389		341.9770267
52.04346389		330.8449549
52.82228446		320.0752555
53.61275994		309.6561324
54.41506473		299.5761738
54.41506473		289.8243389
55.22937586		280.3899469
56.05587301		271.2626641
56.89473853		262.4324936
56.89473853		253.8897637
57.74615751		245.6251177
58.61031781		237.6295032
59.48741011		229.8941629
59.48741011		222.4106242
60.37762793		215.1706903
61.28116769		208.1664316
61.28116769		201.3901762
62.19822875		194.8345022
63.12901346		188.4922292
64.07372718		182.3564105
64.07372718		176.4203257
65.03257837		170.6774728
66.00577858		165.121562
66.99354255		159.7465077
66.99354255		154.5464227
67.99608822		149.5156115
69.01363679		144.6485637
70.04641279		139.9399486
70.04641279		135.3846088
71.09464408		130.9775549
72.15856196		126.7139599
72.15856196		122.5891539
73.23840116		118.598619
74.33439996		114.7379844
75.44680017		111.0030215
75.44680017		107.3896396
76.57584724		103.8938809
77.72179028		100.5119164
78.88488214		97.24004207
78.88488214		94.07467409
80.06537945		91.01234549
81.26354269		88.04970214
82.4796362		85.18349906
82.4796362		82.41059693
83.71392833		79.72795859
84.9666914		77.13264578
86.23820184		74.62181585
86.23820184		72.19271873
87.52874019		69.84269383
88.8385912		67.56916718
90.16804388		65.36964861
90.16804388		63.241729
91.51739157		61.18307765
92.88693199		59.19143973
94.27696733		57.26463382
94.27696733		55.40054949
95.68780428		53.59714503
97.11975414		51.85244518
98.57313285		50.16453898
98.57313285		48.53157768
100.0482611		46.95177271
101.5454644		45.42339371
101.5454644		43.94476667
103.065073		42.51427205
104.6074223		41.13034303
106.1728525		39.79146382
106.1728525		38.49616794
107.7617092		37.24303668
109.3743427		36.03069746
109.3743427		34.85782245
111.011109		33.72312698
112.6723692		32.62536824
114.3584899		31.56334385
114.3584899		30.53589059
116.069843		29.5418831
117.8068062		28.58023264
117.8068062		27.64988593
119.5697628		26.74982397
121.3591016		25.87906091
123.1752176		25.03664302
123.1752176		24.22164761
125.0185114		23.43318201
126.8893897		22.67038263
126.8893897		21.93241397
128.7882654		21.21846775
130.7155573		20.52776198
130.7155573		19.85954013
132.6716909		19.21307031
134.6570976		18.58764444
136.6722156		17.9825775
136.6722156		17.39720677
138.7174894		16.83089108
140.7933703		16.28301016
140.7933703		15.75296392
142.9003164		15.24017179
145.0387926		14.74407213
147.2092706		14.26412156
147.2092706		13.79979439
149.4122294		13.35058205
151.6481551		12.91599251
153.9175411		12.49554977
153.9175411		12.08879334
156.2208879		11.69527768
158.5587039		11.31457178
160.9315048		10.94625866
160.9315048		10.58993491
163.3398143		10.24521024
165.7841637		9.911707091
168.2650923		9.58906017
168.2650923		9.276916084
170.7831475		8.974932945
173.3388849		8.682779993
175.9328685		8.400137234
178.5656705		8.126695091
178.5656705		7.862154066
181.2378719		7.606224408
183.9500624		7.358625798
186.7028402		7.119087045
186.7028402		6.887345781
189.4968128		6.663148184
192.3325967		6.44624869
195.2108176		6.236409731
195.2108176		6.033401472
198.1321105		5.837001558
201.0971199		5.646994875
204.1065002		5.46317331
207.1609153		5.285335523
207.1609153		5.113286731
210.2610392		4.946838488
213.4075558		4.785808486
216.6011594		4.63002035
216.6011594		4.479303445
219.8425547		4.333492693
223.1324569		4.192428387
226.4715918		4.055956021
226.4715918		3.923926118
229.8606963		3.796194066
233.300518		3.672619962
236.7918161		3.553068454
236.7918161		3.4374086
240.3353607		3.325513717
243.9319339		3.217261248
247.582329		3.112532624
247.582329		3.011213138
251.2873517		2.913191814
255.0478193		2.818361291
258.8645616		2.7266177
258.8645616		2.637860557
262.7384207		2.551992645
266.6702513		2.468919915
270.6609211		2.388551376
270.6609211		2.310799003
274.7113105		2.235577633
278.8223132		2.162804877
282.9948363		2.092401028
282.9948363		2.024288971
287.2298004		1.958394106
291.5281399		1.894644257
295.8908033		1.8329696
295.8908033		1.773302582
300.3187531		1.715577852
304.8129663		1.659732183
309.3744346		1.605704408
309.3744346		1.553435351
314.0041644		1.502867761
318.7031772		1.453946253
323.4725099		1.406617243
328.3132147		1.360828892
328.3132147		1.316531048
333.2263597		1.273675193
338.213029		1.232214385
343.2743229		1.192103214
348.4113581		1.153297746
348.4113581		1.115755478
353.6252681		1.079435289
358.9172032		1.044297399
364.2883311		1.010303321
364.2883311		0.977415822
369.739837		0.945598881
375.2729236		0.914817647
380.8888118		0.885038408
386.5887407		0.856228546
386.5887407		0.828356505
392.3739679		0.801391758
398.24577		0.77530477
404.2054425		0.750066968
410.2543003		0.72565071
416.3936782		0.702029252
416.3936782		0.679176723
422.6249307		0.657068091
428.9494327		0.635679143
435.3685796		0.614986449
441.8837879		0.594967346
448.4964951		0.575599907
448.4964951		0.556862919
455.2081601		0.538735859
462.020264		0.521198873
468.9343097		0.504232753
475.9518228		0.487818916
483.0743516		0.471939384
483.0743516		0.456576764
490.3034677		0.441714229
497.6407662		0.427335502
505.087866		0.413424832
512.6464102		0.399966984
520.3180666		0.386947217
528.1045278		0.374351271
536.007512		0.362165349
544.0287629		0.350376105
552.1700502		0.338970626
552.1700502		0.327936418
560.4331704		0.317261398
568.8199466		0.306933872
577.3322293		0.296942529
585.9718967		0.287276424
594.7408551		0.277924972
603.6410393		0.26887793
612.674413		0.260125387
621.8429695		0.251657759
631.1487317		0.243465769
640.5937529		0.235540446
650.180117		0.227873109
659.9099393		0.22045536
669.7853664		0.213279074
679.8085775		0.206336391
689.9817841		0.199619707
700.3072307		0.193121666
700.3072307		0.186835149
710.7871957		0.180753272
721.4239914		0.174869373
732.2199647		0.169177007
743.1774978		0.163669939
754.2990082		0.158342138
765.5869499		0.153187768
777.0438135		0.148201184
788.6721269		0.143376924
800.4744559		0.138709703
812.4534044		0.134194411
824.6116157		0.1298261
836.9517722		0.125599987
849.4765969		0.121511444
862.1888532		0.11755599
875.091346		0.113729296
888.1869222		0.110027168
901.4784711		0.110027168
914.9689256		0.106445552
928.6612622		0.102980525
942.558502		0.099628292
956.6637114		0.096385182
970.9800026		0.093247641
985.5105343		0.090212234
1000.258513		0.087275636
1015.227192		0.084434631
1030.419874		0.081686106
