0
0
0
0
0
0
0
0
9
4
27
77
301
739
1565
3083
4952
6712
7743
8210
8037
7581
6974
6283
5602
4731
4209
3728
3328
2760
2566
2147
1876
1659
1414
1218
1067
854
804
703
635
546
536
496
476
521
479
453
428
441
408
436
436
431
451
458
498
474
512
508
510
535
536
550
557
601
553
554
635
615
621
643
637
686
684
734
643
701
678
702
697
735
701
737
710
723
715
704
721
759
699
751
709
707
709
724
716
707
689
694
735
728
731
676
729
650
621
647
666
619
659
617
599
590
654
604
597
574
577
648
631
601
578
595
552
499
565
495
506
537
508
520
502
508
481
478
463
486
394
449
424
411
431
437
417
358
419
384
417
364
343
410
387
348
353
369
353
332
358
367
323
330
330
325
290
281
319
301
334
270
273
276
257
251
274
291
275
290
284
251
254
255
241
254
245
219
251
212
248
228
214
205
202
233
224
799
728
702
694
671
694
692
738
656
674
619
648
632
663
591
666
608
629
600
529
568
569
663
566
556
544
554
529
545
500
544
501
499
483
479
517
460
475
444
428
467
477
522
608
449
474
452
431
399
375
399
410
421
407
366
380
378
405
372
365
378
360
352
359
358
370
310
334
354
307
341
322
331
348
340
288
304
329
307
277
290
305
293
287
286
299
306
245
270
243
239
254
300
258
256
252
252
216
263
289
305
279
239
231
235
229
249
239
212
217
213
225
243
219
216
213
220
207
191
201
221
203
192
178
182
186
192
212
183
166
181
184
192
184
176
144
164
180
156
187
149
195
172
163
165
158
170
141
174
155
149
165
134
161
170
223
224
209
158
149
143
149
131
143
129
137
126
136
154
150
128
122
134
139
138
139
126
119
121
117
128
116
109
112
128
108
100
133
135
104
125
124
111
102
117
106
114
98
119
123
108
116
95
101
116
110
105
91
105
105
89
116
109
103
105
93
120
104
104
102
97
99
97
108
88
97
91
116
96
90
92
111
83
106
80
111
75
98
84
91
87
92
78
86
71
68
77
87
80
81
85
94
86
92
81
93
83
84
85
82
66
82
96
92
81
86
73
73
95
95
63
84
75
84
83
90
82
75
71
69
75
73
85
98
98
83
81
80
86
70
70
67
69
69
66
71
75
74
78
71
72
88
76
71
73
87
67
70
77
90
76
76
76
63
72
61
65
86
116
116
90
58
71
67
84
93
80
78
71
75
79
59
72
74
73
85
83
74
71
63
80
74
86
56
70
83
70
75
68
73
71
87
77
62
74
70
77
74
73
64
71
93
66
74
84
63
66
63
72
78
66
88
82
84
84
64
74
60
76
80
79
62
59
67
66
78
85
74
81
87
66
70
72
95
80
70
80
69
67
74
68
87
64
71
73
79
84
73
71
94
84
85
81
75
75
86
76
76
77
70
82
60
74
75
77
69
83
67
81
71
76
61
82
64
84
83
58
78
84
56
94
90
81
93
81
81
94
71
74
79
92
85
71
54
73
76
92
65
89
87
70
84
87
78
60
74
110
96
75
69
72
78
83
83
74
71
67
85
82
60
95
73
79
76
71
80
79
65
78
75
75
74
74
75
68
66
86
69
65
78
70
88
80
78
73
70
71
74
92
64
56
80
70
72
80
92
86
74
69
75
78
76
64
74
87
70
77
73
71
83
70
96
82
84
59
71
63
90
69
78
76
77
66
73
75
87
83
67
80
66
69
74
62
80
92
88
61
58
74
76
71
88
69
55
58
74
63
98
70
73
90
67
74
64
87
66
78
73
90
69
71
86
58
64
72
82
83
81
74
73
61
79
82
66
74
72
63
65
69
75
75
70
63
73
77
67
59
83
88
80
73
67
67
64
85
68
79
64
56
66
82
55
68
76
76
61
66
77
73
76
68
76
57
66
62
65
87
58
65
77
75
81
76
80
75
91
66
61
80
77
58
81
72
68
69
67
63
77
57
77
68
75
77
68
70
68
76
68
59
45
57
68
78
69
76
61
60
81
58
65
72
71
65
71
56
74
76
54
77
61
69
65
61
66
60
78
72
57
62
66
72
59
59
66
58
71
69
55
65
67
63
75
65
63
73
68
85
71
58
71
53
82
64
57
64
48
57
73
66
66
49
60
69
66
69
65
51
61
63
60
52
58
49
59
49
57
59
56
54
62
66
66
68
79
74
69
64
56
57
56
61
65
54
61
55
56
58
52
53
52
45
59
67
68
59
62
58
69
56
44
60
57
59
73
54
53
61
57
55
57
58
60
47
48
60
79
52
56
62
43
53
49
44
42
56
62
60
64
59
64
66
70
63
37
58
57
56
62
43
44
61
48
58
54
55
52
55
48
43
48
50
50
49
61
57
56
44
44
56
36
47
45
65
52
53
45
51
47
51
44
47
57
49
54
51
62
44
51
45
50
47
57
42
36
44
43
52
50
56
48
44
54
46
60
48
47
52
42
44
56
36
42
40
44
39
48
45
43
46
55
43
50
46
47
39
48
41
41
54
40
47
45
63
54
48
49
40
49
42
35
48
52
56
35
47
44
35
49
44
41
36
44
38
38
44
45
46
45
43
36
33
37
42
38
38
48
34
38
34
37
51
42
59
28
43
41
38
40
45
30
37
47
32
33
38
35
36
27
36
46
42
30
48
52
32
32
33
27
28
36
28
39
38
44
41
32
43
41
44
39
42
34
27
25
36
44
36
37
31
33
42
41
29
42
41
44
36
28
25
42
30
40
40
36
37
43
30
35
48
52
42
41
36
34
41
30
33
30
39
34
35
30
31
43
33
40
31
24
32
37
30
20
28
32
31
31
31
35
42
41
20
32
39
37
33
35
35
28
20
33
36
32
22
27
29
15
26
28
20
25
26
22
29
26
26
31
30
24
33
32
30
32
26
18
31
32
17
25
26
34
30
29
23
13
32
24
30
31
26
28
15
25
21
24
18
25
22
29
33
29
24
30
28
31
32
26
20
30
22
18
31
20
19
19
21
37
20
22
25
20
29
16
21
22
21
26
18
31
28
24
25
28
19
18
19
24
23
26
20
18
21
15
23
24
22
25
24
21
15
18
22
18
20
21
29
21
23
16
15
22
23
9
28
11
21
24
18
22
14
17
17
20
14
23
18
20
23
16
23
21
22
15
21
14
20
11
24
22
20
19
23
18
14
15
14
19
10
16
13
16
13
18
12
17
19
17
11
15
18
11
12
19
14
19
21
16
8
17
14
11
11
11
11
14
17
13
15
10
12
12
14
13
11
10
11
8
16
9
12
13
16
11
15
12
12
10
6
16
12
15
8
14
14
14
9
11
7
10
12
13
12
9
25
79
235
442
474
248
66
16
13
5
11
9
5
7
7
16
8
4
10
7
7
11
8
9
4
10
10
16
7
6
5
4
9
8
4
4
12
5
8
5
7
6
4
6
3
6
7
8
3
6
6
4
9
6
9
10
10
10
4
8
10
5
8
7
10
33
96
165
151
76
20
5
9
4
8
3
8
4
6
6
4
4
8
8
2
4
8
9
6
3
6
2
5
3
4
3
4
4
7
11
6
5
5
6
10
2
4
6
7
5
7
3
7
4
0
3
3
7
2
2
4
5
2
8
4
4
0
1
4
1
6
4
5
1
2
1
2
6
1
4
1
3
2
1
5
4
5
3
1
3
4
2
2
7
3
6
2
5
2
2
5
2
2
1
5
4
3
2
7
1
2
3
2
0
5
3
5
1
3
0
5
2
1
1
2
3
2
3
2
4
0
1
2
0
0
2
1
0
1
3
4
2
2
4
2
2
6
2
1
1
2
1
2
2
2
2
4
0
2
3
1
2
1
1
2
3
1
1
0
1
3
3
0
1
0
3
1
5
2
0
1
3
2
0
0
3
3
0
2
2
2
2
1
1
1
0
1
1
1
2
0
1
1
0
0
1
2
2
0
0
1
2
3
4
2
2
1
0
2
0
0
2
2
0
3
0
2
0
3
1
0
1
0
0
2
2
2
0
0
0
2
2
1
0
3
1
6
6
4
2
1
0
0
2
0
1
0
0
0
0
1
1
0
0
1
0
0
0
0
0
1
2
1
0
1
1
0
1
1
0
0
1
0
0
2
1
0
0
1
1
0
1
0
0
0
0
0
1
0
0
0
0
1
0
0
0
0
1
0
1
0
0
0
1
0
0
0
0
0
0
0
1
0
0
0
0
0
0
0
1
0
1
0
1
1
0
0
0
0
1
1
1
1
0
0
0
0
0
0
1
0
0
0
0
0
0
0
0
0
0
0
0
0
2
0
0
0
0
0
0
0
0
1
1
0
1
0
0
0
1
0
0
0
0
0
0
0
0
0
1
0
0
0
0
0
0
1
1
1
0
0
0
0
1
1
1
0
0
0
0
0
0
0
0
0
0
0
0
1
0
0
0
1
0
0
1
0
0
0
0
1
0
0
1
0
0
0
0
0
1
0
1
0
0
0
0
1
0
0
0
0
1
0
0
0
0
2
0
0
0
1
1
1
0
0
1
0
0
0
0
0
0
1
0
0
0
1
0
0
0
1
0
0
0
0
0
0
0
0
0
0
0
0
0
1
0
0
0
0
0
0
0
0
0
0
0
1
0
0
0
0
0
0
0
0
0
0
0
0
0
0
0
0
0
0
0
0
0
0
0
0
0
0
0
0
0
0
0
0
0
0
0
0
0
0
0
0
0
0
0
1
0
0
0
0
0
0
0
0
0
0
0
0
0
0
0
0
0
1
1
0
0
0
0
2
0
1
1
0
1
0
1
2
0
0
1
0
0
0
0
0
0
1
0
0
0
1
0
0
0
1
0
0
0
1
0
0
0
1
0
0
0
0
0
0
0
0
0
0
0
0
0
0
0
0
0
0
0
0
1
0
0
0
0
0
0
0
0
0
0
0
0
0
0
0
0
0
0
0
0
0
0
0
0
0
0
0
0
0
0
1
0
0
0
0
0
0
1
0
0
0
0
0
0
0
0
0
0
0
0
0
0
1
0
0
1
3
4
3
1
1
0
0
0
1
0
1
1
1
0
0
0
0
1
0
0
0
0
0
0
0
0
0
0
0
0
0
0
0
0
0
0
0
0
0
0
0
0
0
0
0
0
0
0
0
0
0
0
0
0
0
0
0
0
1
0
0
0
0
0
0
0
0
1
0
0
0
1
1
0
1
0
0
1
1
0
0
0
0
0
0
0
0
0
0
0
0
0
0
0
0
0
0
0
0
0
0
0
0
0
0
0
2
0
0
0
0
0
0
0
0
0
1
1
0
0
0
0
0
0
0
0
0
0
0
0
0
0
0
1
0
0
0
1
0
0
0
0
0
0
0
0
0
0
1
0
0
0
0
0
0
0
0
0
0
0
0
0
0
0
1
0
0
0
0
0
1
0
0
0
0
0
0
0
0
0
0
0
0
0
0
0
0
0
1
0
1
0
0
1
0
0
0
0
0
0
0
0
0
0
0
0
0
0
0
0
0
1
0
0
0
0
0
0
0
0
0
0
0
1
0
0
0
0
0
0
0
0
0
0
0
0
1
0
0
1
0
0
1
1
1
1
0
0
0
0
0
0
0
1
0
1
0
0
0
0
0
0
0
0
1
0
0
1
1
0
1
0
0
0
0
0
0
0
0
0
0
0
0
0
1
0
0
1
0
0
1
0
0
0
0
0
0
0
0
0
0
0
0
0
0
0
0
0
0
0
0
0
0
0
0
1
0
0
0
0
0
0
0
0
0
0
0
0
0
0
0
0
0
0
0
0
0
0
0
0
0
0
0
1
0
0
1
0
0
0
0
1
0
0
0
0
1
0
0
0
0
0
0
0
0
0
0
0
0
0
0
1
0
0
0
0
0
1
0
0
0
0
0
0
0
0
0
0
0
0
1
0
0
0
0
0
0
0
0
0
0
0
0
0
0
1
0
0
0
0
1
2
2
0
0
0
1
1
0
0
0
0
0
0
2
0
0
0
1
0
0
0
0
0
0
0
0
0
0
0
0
0
0
0
0
0
0
0
0
0
0
0
0
0
0
0
0
0
0
0
0
0
0
0
0
0
1
1
0
0
0
0
0
0
0
1
0
0
0
0
0
0
1
0
0
1
0
1
1
0
0
0
0
0
1
0
0
0
0
0
1
0
0
1
0
0
0
0
0
0
0
0
0
0
0
0
0
0
0
0
0
0
0
0
0
0
0
0
0
0
0
0
0
0
0
0
0
0
0
0
0
0
0
0
1
0
0
0
0
0
0
0
0
1
1
0
0
0
0
0
0
0
0
0
0
1
0
0
0
0
0
0
0
0
0
0
0
0
0
0
0
2
0
0
0
0
1
0
0
0
0
0
2
0
0
0
0
0
1
0
0
0
0
0
0
0
0
0
0
0
0
0
0
0
0
0
0
0
0
1
0
1
0
0
1
0
0
0
0
0
0
0
0
0
0
0
0
0
0
0
0
0
0
0
0
0
0
1
0
0
0
1
0
0
0
0
0
0
0
0
0
0
0
1
0
0
1
0
0
0
0
1
0
0
0
0
0
0
0
0
1
0
0
1
0
0
0
1
0
0
1
0
0
0
0
0
0
0
0
0
1
0
0
0
0
0
0
0
1
0
0
0
0
0
0
1
0
2
0
0
0
0
0
0
0
0
1
2
0
0
1
0
0
0
0
0
0
0
1
0
0
0
0
0
0
0
0
1
0
0
1
0
0
0
0
0
0
1
0
0
0
0
0
0
0
1
0
1
1
0
1
0
0
0
0
0
0
0
0
0
0
1
0
0
0
0
1
1
0
1
0
0
0
0
0
0
0
0
0
0
0
0
0
1
0
0
0
0
0
0
0
0
0
0
0
0
0
0
0
1
0
0
0
0
0
0
1
1
0
0
0
0
0
0
0
0
0
0
0
0
0
0
0
0
0
0
0
0
0
0
0
0
0
0
0
0
0
0
0
0
0
0
0
0
1
0
0
0
0
0
0
0
0
1
0
0
1
0
0
0
0
0
1
0
0
0
0
0
0
0
0
0
0
0
0
0
0
1
0
0
0
0
0
1
0
0
0
0
0
0
0
0
0
0
0
0
0
1
0
0
0
0
0
0
1
0
0
1
0
0
0
0
0
0
0
0
0
0
0
0
0
0
1
0
0
0
0
0
0
0
0
1
0
0
0
0
1
0
1
0
0
0
0
0
0
0
0
0
1
0
0
0
0
0
0
0
0
0
0
0
0
0
0
0
0
0
0
0
0
0
0
0
0
0
1
1
0
0
0
1
0
0
0
1
0
0
0
1
0
0
1
0
0
0
1
0
0
1
1
0
0
0
2
0
0
0
0
0
0
0
1
0
0
1
1
0
0
0
0
0
0
0
0
0
0
0
0
0
0
0
0
0
0
0
0
0
0
1
0
0
0
0
0
0
0
0
0
0
0
0
0
0
0
0
0
0
0
0
0
0
0
0
0
0
0
0
0
0
0
0
0
0
1
1
0
0
0
0
0
0
0
0
1
0
0
0
0
0
0
0
0
0
0
0
0
0
1
0
0
0
0
1
0
0
0
0
0
0
0
0
0
0
0
0
0
0
0
0
1
0
1
1
0
0
0
1
0
0
0
1
0
1
0
0
0
2
0
1
0
1
0
0
0
0
0
0
1
0
0
0
1
0
0
0
0
0
1
0
0
0
0
0
0
0
0
0
0
1
0
0
0
0
0
0
0
0
0
0
0
0
0
0
0
0
0
0
0
0
0
1
0
0
1
1
0
0
0
0
0
1
0
0
0
0
0
1
0
0
0
0
0
1
0
0
0
0
0
1
0
0
0
0
0
0
0
0
0
0
0
0
0
0
0
0
0
0
1
0
1
0
0
0
0
0
0
0
0
0
0
1
0
0
0
0
0
0
0
0
0
0
0
0
0
0
1
0
0
0
1
0
0
1
0
0
0
0
0
0
0
1
1
0
0
0
1
0
0
0
1
0
0
0
0
0
0
0
0
0
0
0
0
0
0
0
0
0
0
0
0
0
1
0
0
0
1
0
0
0
0
0
0
0
0
0
0
0
0
0
0
0
0
0
0
0
0
0
2
0
0
0
0
1
0
0
0
0
0
0
0
1
1
0
0
0
0
0
0
0
0
0
0
0
1
0
0
2
0
0
0
0
2
0
0
0
0
0
1
0
0
0
0
0
1
0
1
0
1
0
0
0
0
0
0
0
2
0
0
0
1
0
0
0
0
0
0
0
0
0
0
0
1
2
0
0
0
0
1
0
0
0
0
0
0
0
0
0
0
0
0
0
0
1
0
0
0
0
0
0
0
1
1
0
0
2
0
1
0
0
0
0
0
0
0
0
0
0
0
0
1
0
0
0
0
1
1
1
0
1
0
0
0
1
0
0
0
0
1
0
0
0
0
0
0
0
1
0
0
0
0
0
0
0
0
0
0
0
0
0
0
0
1
0
1
0
0
2
0
0
0
1
0
0
0
0
0
0
0
2
0
0
0
0
1
0
0
0
0
0
0
0
0
0
0
1
1
1
0
1
0
0
0
2
1
0
0
0
0
0
0
0
1
0
0
0
0
0
1
0
0
0
0
0
0
0
0
0
0
0
0
0
1
0
0
1
0
0
0
0
0
0
1
0
0
0
0
0
1
0
0
0
0
0
1
0
0
0
0
1
0
0
0
0
0
0
0
1
0
0
0
0
0
1
0
1
0
1
0
0
1
0
0
0
1
0
0
0
0
0
0
0
0
0
1
0
0
0
0
0
0
0
1
0
0
0
1
0
1
0
1
0
0
0
0
0
1
0
0
0
1
0
0
0
0
0
0
0
0
0
0
0
0
0
0
1
0
0
0
0
0
0
0
0
1
0
0
0
0
0
0
0
0
1
1
0
0
2
0
0
1
1
0
0
0
1
0
0
0
0
0
0
0
0
0
0
1
0
0
1
0
0
1
0
0
0
0
0
0
1
0
0
0
0
0
0
0
0
0
0
0
0
0
1
0
0
0
1
0
1
0
1
0
0
0
0
0
0
0
1
1
0
0
0
0
0
0
0
1
0
1
0
1
0
0
0
0
0
0
0
0
2
0
0
0
0
0
0
0
0
1
0
1
0
0
1
0
1
1
0
0
0
0
1
1
1
0
0
1
0
1
0
0
1
0
0
0
0
1
0
0
0
0
0
0
0
0
0
0
0
0
0
0
0
0
0
1
0
0
1
0
0
1
0
0
0
0
1
0
0
0
0
0
0
0
0
0
0
0
0
0
0
0
0
0
0
0
0
0
0
1
0
1
0
0
0
0
0
0
0
0
0
0
0
0
0
0
0
0
0
0
0
1
0
0
0
0
0
0
0
0
0
0
0
0
0
0
1
0
0
1
0
0
0
0
0
0
0
0
0
1
0
0
0
1
0
0
1
1
0
0
0
0
0
0
0
0
0
0
0
0
0
0
0
1
1
0
0
0
0
0
0
0
0
0
0
0
0
0
0
1
0
0
0
1
0
1
0
0
0
0
0
0
0
0
1
0
0
0
0
1
0
0
0
0
0
1
0
2
0
0
0
0
0
0
0
0
0
0
0
0
0
1
0
0
0
0
0
0
1
0
1
0
0
0
0
1
1
1
0
1
1
0
0
1
0
0
0
0
0
0
0
0
0
0
0
0
0
0
0
0
1
0
1
0
0
0
0
0
0
0
0
0
0
0
0
0
0
0
1
0
0
0
2
0
0
0
1
0
0
0
0
0
0
0
0
0
0
0
1
1
1
0
0
0
0
1
0
0
1
0
0
0
0
0
0
0
1
2
0
0
1
0
3
0
0
0
0
0
1
0
0
0
0
0
0
1
0
0
0
0
0
0
0
0
1
1
1
1
1
0
0
0
0
0
0
0
0
0
1
0
0
0
0
1
0
0
0
0
0
0
0
0
1
0
0
0
0
0
2
0
0
0
0
0
1
1
0
3
1
0
0
0
0
0
1
0
0
1
0
0
0
1
1
1
1
0
0
0
0
0
0
1
0
0
0
0
1
0
1
1
0
0
1
1
0
0
0
0
2
0
0
1
1
0
0
0
1
0
1
0
1
0
0
0
0
0
1
0
1
0
0
0
0
0
0
2
0
0
0
0
0
0
0
0
1
0
0
0
0
0
0
0
0
0
2
0
0
0
1
0
0
1
0
0
0
0
0
0
0
0
0
0
0
0
0
0
1
0
0
0
0
0
0
0
1
0
1
0
0
1
0
0
0
0
0
0
0
0
0
0
0
1
0
2
0
0
0
0
2
0
0
0
0
0
0
0
0
0
2
1
0
1
0
1
1
1
0
0
0
0
0
0
0
1
0
0
1
0
0
0
1
0
0
1
0
0
0
1
1
0
0
2
0
0
0
0
0
0
0
0
1
0
1
1
1
0
0
0
0
0
0
0
0
1
0
0
0
0
0
0
1
1
0
0
0
1
0
0
0
1
2
1
0
0
0
1
1
2
0
1
0
0
0
0
0
1
0
0
0
0
0
0
0
0
0
0
1
0
0
0
0
0
2
0
0
1
0
1
0
1
0
2
0
0
1
0
0
0
0
0
1
0
0
0
2
0
0
0
0
0
0
0
0
0
0
0
1
2
1
0
0
1
0
0
0
0
0
1
0
0
0
0
0
1
0
0
0
2
0
0
0
0
0
0
0
1
2
1
1
0
0
0
0
0
1
1
0
1
1
0
0
0
0
0
0
0
0
0
1
0
0
1
1
1
0
0
0
0
2
0
0
1
0
0
2
0
0
0
0
0
0
3
0
0
0
1
0
0
0
0
2
0
0
0
0
0
1
0
3
2
2
1
0
0
0
1
0
0
0
0
0
0
0
0
0
0
0
0
0
0
1
0
0
0
0
2
0
0
1
0
0
0
0
0
1
0
0
1
0
2
0
1
1
0
0
0
1
0
0
0
1
1
0
1
0
1
0
1
0
1
0
0
0
0
1
0
0
1
0
0
1
0
2
0
0
1
1
1
1
0
2
0
0
1
0
1
2
0
0
0
1
1
0
2
1
1
2
0
0
0
1
1
0
1
0
1
2
1
1
0
0
0
0
2
1
1
0
1
0
1
0
1
1
1
2
1
0
0
0
0
0
0
0
1
2
0
0
1
0
1
1
1
0
0
2
0
0
0
2
0
0
0
1
3
1
0
0
1
0
0
1
0
0
2
2
0
0
2
0
0
0
0
1
0
1
2
1
1
0
1
1
0
2
0
3
1
2
0
1
1
1
0
1
2
0
1
0
3
3
1
0
1
0
0
0
2
0
1
1
2
1
0
0
0
1
1
1
1
0
0
1
2
0
2
6
3
2
1
2
2
2
0
0
1
1
0
4
1
1
0
0
1
2
2
1
3
0
1
1
0
0
0
1
2
1
1
1
1
0
0
1
0
1
0
2
0
2
0
1
2
1
0
0
0
2
0
1
1
1
2
1
2
2
1
2
3
0
0
2
2
1
0
4
0
2
0
3
2
0
0
1
1
2
0
0
2
0
1
1
0
3
1
1
0
2
1
1
3
1
2
2
4
2
1
0
2
3
2
0
1
0
2
0
2
3
2
1
4
4
1
0
2
3
3
3
3
5
1
0
3
2
2
5
3
2
1
1
1
2
1
4
1
2
2
1
2
2
3
2
2
1
3
3
5
1
4
6
4
3
1
2
2
2
4
2
2
3
2
2
2
6
1
6
4
4
3
2
2
3
0
0
1
1
4
2
4
4
1
2
5
1
1
2
3
1
1
2
2
3
1
5
1
1
2
2
2
0
1
