0
0
0
0
0
0
0
0
9
4
27
77
301
741
1571
3095
4979
6751
7772
8274
8099
7639
7019
6334
5666
4780
4240
3756
3364
2789
2599
2165
1904
1679
1439
1234
1083
865
813
711
638
552
543
502
477
524
483
457
430
442
412
438
439
432
454
459
503
481
515
514
516
540
539
557
562
603
560
558
637
618
623
648
644
695
691
737
647
707
680
704
701
739
709
738
716
725
721
708
725
765
704
761
715
713
715
731
720
715
694
704
741
735
734
679
733
656
624
653
670
626
663
620
601
596
659
607
603
576
580
649
636
607
580
601
554
501
572
500
511
539
512
523
502
513
482
485
466
490
397
449
427
415
434
440
420
360
422
386
420
368
346
412
391
354
359
373
357
334
360
368
326
332
331
326
293
284
322
303
335
273
274
279
260
252
275
291
278
290
289
251
256
260
246
254
247
222
254
213
250
229
214
205
202
233
227
825
748
726
720
706
727
715
767
681
706
652
673
657
689
622
685
628
659
628
552
592
590
684
595
575
565
568
555
565
523
571
520
523
498
503
531
477
496
464
441
482
492
545
624
474
499
470
446
414
386
417
426
434
421
383
403
388
425
388
382
391
372
371
371
369
386
322
349
367
324
356
338
344
361
352
307
318
339
315
288
308
317
304
294
298
315
314
258
278
256
252
263
304
269
265
262
264
228
271
305
319
287
244
236
245
233
256
246
218
221
223
233
250
232
221
225
229
214
197
206
228
211
194
184
186
193
198
225
190
171
189
191
193
195
186
158
167
186
165
194
155
204
179
167
168
164
178
150
183
159
156
172
140
165
174
230
238
214
166
156
149
154
134
147
131
141
133
144
165
158
129
129
135
143
143
142
131
123
126
122
135
122
115
116
134
114
106
137
138
115
130
131
117
109
119
111
116
102
125
127
113
118
99
104
118
113
106
98
109
109
90
119
117
107
108
97
123
109
107
105
99
103
98
112
99
98
96
121
98
94
97
116
86
111
83
113
81
100
90
96
90
93
83
92
79
73
81
89
81
83
89
97
87
97
83
97
85
90
93
84
66
85
98
97
86
87
73
75
102
100
67
87
76
86
84
95
85
80
74
77
80
78
88
98
101
88
85
84
90
75
74
70
72
71
70
72
80
79
81
78
76
91
77
72
74
89
69
75
80
95
80
79
79
66
74
72
66
92
121
122
92
60
72
72
88
99
81
79
72
76
83
66
79
78
76
90
85
77
76
67
82
81
89
57
74
86
73
76
73
74
73
90
81
63
78
74
82
75
79
69
75
94
70
77
85
65
67
68
75
83
73
90
85
88
88
67
80
63
77
82
84
68
62
69
68
81
88
78
83
88
69
73
76
102
82
71
82
70
69
74
74
91
69
74
75
80
87
80
73
98
87
85
84
77
78
89
80
77
81
76
86
66
78
76
81
70
85
72
83
79
77
64
83
68
89
89
59
82
90
59
96
92
85
97
82
82
95
77
74
80
96
87
77
57
76
79
94
66
94
89
75
92
88
83
64
79
111
101
78
72
73
80
87
83
80
73
73
88
89
67
100
75
85
77
73
86
80
66
79
77
77
76
77
77
70
67
87
74
68
80
73
89
83
82
79
72
76
77
94
68
60
82
71
74
84
97
87
78
72
81
84
79
66
81
89
71
81
75
72
84
71
99
87
88
63
77
67
91
71
79
78
81
67
77
76
88
86
72
86
67
72
77
64
83
98
95
65
59
80
76
76
90
71
58
59
80
69
98
72
76
92
69
78
68
89
70
84
77
93
70
73
88
59
69
74
89
84
85
76
81
62
83
85
69
78
77
68
69
72
78
79
71
66
75
80
69
61
84
92
83
73
73
68
64
87
71
83
68
60
67
85
56
71
79
79
62
68
81
77
76
70
77
57
68
68
66
89
58
67
80
77
83
80
84
76
96
68
64
84
78
61
84
77
72
70
70
70
80
61
78
69
76
78
72
75
70
78
71
60
50
60
71
80
72
81
65
63
83
59
66
78
72
68
76
59
78
79
56
79
62
73
69
61
67
62
82
74
58
64
70
73
62
61
66
65
72
74
60
67
72
67
76
72
68
76
74
92
71
63
74
58
84
67
61
65
50
60
75
67
70
52
63
70
68
73
65
53
63
66
62
55
62
50
63
51
63
63
58
57
66
67
68
71
81
75
70
65
58
60
59
67
69
56
64
57
59
59
56
54
53
48
63
69
70
66
69
63
69
61
45
61
62
62
74
57
57
61
58
59
61
61
60
49
52
63
81
56
59
64
47
56
53
45
45
57
63
62
66
61
66
67
72
65
40
58
60
61
63
44
46
63
49
63
56
57
55
58
55
44
50
51
50
53
63
57
59
46
50
56
38
48
46
67
52
53
47
51
48
51
47
47
57
51
57
52
64
46
51
45
50
50
59
46
39
46
45
54
51
56
53
45
57
47
60
48
49
55
43
47
61
38
43
42
45
40
51
48
45
47
56
46
51
47
50
39
50
42
48
56
42
51
47
68
57
49
51
41
51
45
39
48
53
58
35
49
45
36
51
47
44
37
49
39
40
48
46
47
46
45
39
34
41
42
39
38
50
35
39
37
39
53
44
60
30
43
42
40
40
49
31
38
47
34
38
41
37
37
27
36
46
42
33
50
54
37
34
34
29
28
39
28
40
39
44
44
33
44
44
45
40
45
37
29
27
39
46
37
40
32
34
44
43
33
46
42
44
37
28
26
43
32
43
40
38
38
45
32
38
50
55
45
44
36
35
42
32
33
31
40
34
36
30
33
46
34
41
34
25
33
37
33
20
29
33
35
33
32
36
43
43
22
33
40
38
34
36
36
28
21
35
38
32
22
29
32
16
27
28
21
28
28
25
30
27
27
31
33
24
36
33
31
34
26
19
31
32
19
25
26
35
30
31
25
14
33
28
33
33
28
30
16
26
24
25
18
25
26
30
33
29
26
30
28
31
32
27
20
32
24
18
32
21
20
20
21
39
24
23
25
20
31
16
22
22
22
27
20
31
30
25
26
28
19
20
19
24
23
27
21
18
21
17
25
24
24
27
24
22
16
20
23
21
22
21
31
23
23
16
17
23
23
10
28
12
21
26
18
24
15
17
19
20
15
23
18
20
24
16
23
21
23
15
21
14
20
12
27
22
21
19
24
18
15
19
14
19
11
16
14
16
14
18
12
17
21
17
11
15
19
13
13
19
15
20
21
16
9
19
15
12
11
12
15
15
19
14
17
11
13
12
14
13
11
11
11
9
16
9
12
13
17
13
16
12
12
10
7
16
13
15
9
15
14
14
10
11
8
13
12
13
12
12
28
81
245
461
496
255
69
16
14
5
11
10
6
7
7
17
8
5
11
7
11
11
9
9
4
12
10
16
7
6
5
6
9
9
4
5
12
5
9
5
7
6
5
6
3
6
7
9
3
6
7
4
9
6
9
10
10
10
4
8
10
5
8
7
10
33
103
167
160
81
20
5
9
5
8
3
8
4
6
6
7
4
8
8
3
4
8
9
6
3
6
2
5
3
4
3
4
5
7
11
6
5
5
6
11
3
4
6
7
5
7
3
7
4
0
3
3
7
3
2
5
5
2
8
4
5
0
1
4
1
6
5
5
1
2
1
2
6
2
4
1
3
3
1
5
4
5
3
2
3
4
2
2
7
3
6
2
5
2
2
5
2
2
1
6
4
3
2
7
1
2
3
3
0
5
3
5
1
3
1
5
2
1
1
2
3
2
3
3
4
0
1
2
0
0
3
1
0
1
3
4
2
2
4
2
2
6
2
1
1
2
1
2
2
2
2
4
0
2
3
1
2
1
1
2
3
1
1
0
1
3
3
0
1
0
3
1
5
2
0
1
3
2
0
0
4
3
0
2
2
2
2
1
1
1
0
1
2
1
2
0
1
1
0
0
1
2
2
0
0
1
2
3
4
2
2
1
0
2
0
0
2
2
0
3
0
2
0
3
1
0
1
0
0
2
2
2
0
0
0
2
2
1
0
3
1
7
6
5
2
1
0
0
2
0
1
1
0
0
0
1
1
0
0
1
0
0
0
0
0
1
2
1
0
1
1
0
1
1
0
0
1
0
0
2
1
0
0
2
1
0
1
0
0
0
1
0
1
0
0
0
0
1
0
0
0
0
1
0
1
0
0
0
1
0
0
0
0
0
0
0
1
1
0
0
0
0
0
1
1
0
1
0
1
1
0
0
0
0
1
1
1
1
0
0
0
0
0
0
1
0
0
0
0
0
0
0
0
0
0
0
0
0
2
0
0
0
0
0
0
0
0
1
1
0
1
0
0
0
1
0
0
0
0
0
0
0
0
0
1
0
0
0
0
0
0
1
1
1
0
0
1
0
1
1
1
0
0
0
0
0
0
0
0
0
0
0
0
2
0
0
0
1
0
0
1
0
0
0
0
1
0
0
1
0
0
0
0
0
1
0
1
0
0
0
0
1
0
0
0
0
1
0
0
0
0
2
0
0
0
1
1
1
0
0
1
0
0
0
0
0
0
1
0
0
0
1
0
0
0
1
0
0
0
0
0
0
0
0
0
0
0
0
0
1
0
0
0
0
0
0
0
0
0
0
0
1
0
0
0
0
0
0
0
0
0
0
0
0
0
0
0
0
0
0
0
0
0
0
0
0
0
0
0
0
0
0
0
0
0
0
0
0
0
0
0
0
0
0
0
1
0
0
0
0
0
0
0
0
0
0
0
0
0
0
0
0
0
1
1
0
0
0
0
2
0
1
1
0
1
0
1
2
0
0
1
0
0
0
0
0
0
1
0
0
0
1
0
0
0
1
0
0
0
1
0
1
0
1
0
0
0
0
1
0
0
0
0
0
0
0
0
0
1
0
0
0
0
0
1
0
0
0
0
0
0
0
0
0
0
1
0
0
0
0
0
0
0
0
0
0
0
0
0
0
0
0
0
0
0
1
0
0
0
0
0
0
1
0
0
0
0
0
0
0
0
0
0
0
0
0
0
1
0
0
1
3
4
3
1
1
0
0
0
1
0
1
1
1
0
0
0
0
1
0
0
0
0
0
0
0
0
0
0
0
0
0
0
0
0
0
0
0
0
0
0
0
0
0
0
0
0
0
0
0
0
0
0
0
0
0
0
0
0
1
0
0
0
0
0
0
0
0
1
0
0
0
1
1
0
1
0
0
1
1
0
0
0
0
0
0
0
0
0
0
0
0
0
0
0
0
0
0
0
0
0
0
0
0
0
0
0
2
0
0
0
0
0
0
0
0
0
1
1
0
0
0
0
0
0
0
0
0
0
0
0
0
0
0
1
0
0
0
1
0
0
0
0
0
0
0
0
0
0
1
0
0
0
0
0
0
0
0
0
0
0
0
0
0
0
1
0
0
0
0
0
1
0
0
0
0
0
0
0
0
0
0
0
0
0
0
0
0
0
1
0
1
0
0
1
0
0
0
0
0
0
0
0
0
0
0
0
0
0
0
0
0
1
0
1
0
0
0
0
0
0
0
0
0
1
0
0
0
0
0
0
0
0
0
0
0
0
1
0
0
1
0
0
1
1
1
1
0
0
0
0
0
0
0
1
0
1
0
0
0
0
0
0
0
0
1
0
0
1
1
0
1
0
0
0
0
0
0
0
0
0
0
0
0
0
1
0
0
1
0
0
1
0
0
0
0
0
0
0
0
0
0
0
0
0
0
0
0
0
0
0
0
0
0
0
0
1
0
0
0
0
0
0
0
0
0
0
0
0
0
0
0
0
0
0
0
0
0
0
0
0
0
0
0
1
0
0
1
0
0
0
0
1
0
0
0
0
1
0
0
0
0
0
0
0
0
0
0
0
0
0
0
1
0
0
0
0
0
1
0
0
0
0
0
0
0
0
1
0
0
0
1
0
0
0
0
0
0
0
0
0
0
0
0
0
0
1
0
0
0
0
1
2
2
0
0
0
1
1
0
0
0
0
0
0
2
0
0
0
1
0
0
0
0
0
0
0
0
0
0
0
0
0
0
0
0
0
0
0
0
0
0
0
0
0
0
0
0
0
0
0
0
0
0
0
0
0
1
1
0
0
0
0
0
0
0
1
0
0
0
0
0
0
1
0
0
1
0
1
1
0
0
0
0
0
1
0
0
0
0
0
1
0
0
1
0
0
0
0
0
0
0
0
0
0
0
0
0
0
0
0
0
0
0
0
0
0
0
0
0
0
0
0
0
0
0
0
0
0
0
0
0
0
0
0
1
0
0
0
0
0
0
0
0
1
1
0
0
0
0
0
0
0
0
0
0
1
0
0
0
0
0
0
0
0
0
0
0
0
0
0
0
2
0
0
0
0
1
0
0
0
0
0
2
0
0
0
0
0
1
0
0
0
0
0
0
0
0
0
0
0
0
0
0
0
0
0
0
0
0
1
0
1
0
0
1
0
0
0
0
0
0
0
0
0
0
0
0
0
0
0
0
0
0
0
0
0
0
1
0
0
0
1
0
0
0
0
0
0
0
0
0
0
0
1
0
0
1
0
0
0
0
1
0
0
0
0
0
0
0
0
1
0
0
1
0
0
0
1
0
0
1
0
0
0
0
0
0
0
0
0
1
0
0
0
0
0
0
0
1
0
0
0
0
0
0
1
0
2
0
0
0
0
0
0
0
0
1
2
0
0
1
0
0
0
0
0
0
0
1
0
0
0
0
0
0
0
0
1
0
0
1
0
0
0
0
0
0
1
0
0
0
0
0
0
0
1
0
1
1
0
1
0
0
0
0
0
0
0
0
0
0
1
0
0
0
0
1
1
0
1
0
0
0
0
0
0
0
0
0
0
0
0
0
1
0
0
0
0
0
0
0
0
0
0
0
0
0
0
0
1
0
0
0
0
0
0
1
1
0
0
0
0
0
0
0
0
0
0
0
0
0
0
0
0
0
0
0
0
0
0
0
0
0
0
0
0
0
0
0
0
0
0
0
0
1
0
0
0
0
0
0
0
0
1
0
0
1
0
0
0
0
0
1
0
0
0
0
0
0
0
0
0
0
0
0
0
0
1
0
0
0
0
0
1
0
0
0
0
0
0
0
0
0
0
0
0
0
1
0
0
0
0
0
0
1
0
0
1
0
0
0
0
0
0
0
0
0
0
0
0
0
0
1
0
0
0
0
0
0
0
0
1
0
0
0
0
1
0
1
0
0
0
0
0
0
1
0
0
1
0
0
0
0
0
0
0
0
0
0
0
0
0
0
0
0
0
0
0
0
0
0
0
0
0
1
1
0
0
0
1
0
0
0
1
0
0
0
1
0
0
1
0
0
0
1
0
0
1
1
0
0
0
2
0
0
0
0
0
0
0
1
0
0
1
1
0
0
0
0
0
0
0
0
0
0
0
0
0
0
0
0
0
0
0
0
0
0
1
0
0
0
0
0
0
0
0
0
0
0
0
0
0
0
0
0
1
0
0
0
0
0
0
0
0
0
0
0
0
0
0
0
0
1
1
0
0
0
0
0
0
0
0
1
0
0
0
0
0
0
0
0
0
0
0
0
0
1
0
0
0
0
2
0
0
0
0
0
0
0
0
0
0
0
0
0
0
0
0
1
0
1
1
0
0
0
1
0
0
0
1
0
1
0
0
0
2
0
1
0
1
0
0
0
0
0
0
1
0
0
0
1
0
0
0
0
0
1
0
0
0
0
0
0
0
0
0
0
1
0
0
0
0
0
0
0
0
0
0
0
0
0
0
0
0
0
0
0
0
0
1
0
0
1
1
0
0
0
0
1
1
0
0
0
0
0
1
0
0
0
0
0
1
0
0
0
0
0
1
0
0
0
0
0
0
0
0
0
0
0
0
0
0
0
0
0
0
1
0
1
0
0
0
0
0
0
0
0
0
0
1
0
0
0
0
1
0
0
0
0
0
0
0
0
0
1
0
0
0
1
0
0
1
0
0
0
0
0
0
0
1
1
0
0
0
1
0
0
0
1
0
0
0
0
0
0
0
0
0
0
0
0
0
0
0
0
0
0
0
0
0
1
0
0
0
1
0
0
0
0
0
0
0
0
0
0
0
0
0
0
0
0
0
0
0
0
0
2
0
0
0
0
1
0
0
0
0
0
0
0
1
1
0
0
0
0
0
0
0
0
0
0
0
1
0
0
2
0
0
0
0
2
0
0
0
0
0
1
0
0
0
0
0
1
0
1
0
1
0
0
0
0
0
0
0
2
0
0
0
1
0
0
0
0
0
0
0
0
0
0
0
1
2
0
0
0
0
1
0
0
0
0
0
0
0
0
0
0
0
0
0
0
1
0
0
0
0
0
0
0
1
1
0
0
2
0
1
0
0
0
0
0
0
0
0
0
0
0
0
1
0
0
0
0
1
1
1
0
1
1
0
0
1
0
0
0
0
1
0
0
0
0
0
0
0
1
0
0
0
0
0
0
0
0
0
0
0
0
0
0
0
1
0
1
0
0
2
0
0
0
1
0
0
0
0
0
0
0
2
0
0
0
0
1
0
0
0
0
0
0
0
1
0
0
1
1
1
0
1
0
0
0
2
1
0
0
0
0
0
0
0
1
0
0
0
0
0
1
0
0
0
0
0
0
0
0
0
0
0
0
0
1
0
0
1
0
0
0
0
0
0
1
0
0
0
0
0
1
0
1
0
0
0
1
0
0
0
0
1
0
0
0
0
0
0
0
1
0
0
0
0
0
1
0
1
0
1
0
0
1
0
0
0
1
0
0
0
0
0
0
0
0
0
1
0
0
0
0
0
0
0
1
0
0
0
1
0
1
0
1
0
0
0
0
0
1
0
0
0
1
0
0
0
0
0
0
0
0
0
0
0
0
0
0
1
0
0
0
0
0
0
0
0
1
0
0
0
0
0
0
0
0
1
1
0
0
2
0
0
1
1
0
0
0
1
0
0
0
0
0
0
0
0
0
0
1
0
0
1
0
0
1
0
0
1
0
0
0
1
0
0
0
0
0
0
0
0
0
0
0
0
0
1
0
0
0
1
0
1
0
1
0
0
0
0
0
0
0
1
1
0
0
0
0
0
0
0
1
0
1
0
1
0
0
0
0
0
0
0
0
2
0
0
0
0
0
0
0
0
1
0
1
0
0
1
0
1
1
0
0
0
0
1
1
1
0
0
1
0
1
0
0
1
0
0
0
0
1
0
0
0
0
0
0
0
0
0
0
0
0
0
0
0
0
0
1
0
0
1
0
0
1
0
0
0
0
1
0
1
0
0
0
0
0
0
0
0
0
0
0
0
0
0
0
0
0
0
0
0
1
0
1
0
0
0
0
0
0
0
0
0
0
0
0
0
0
0
0
0
0
0
1
0
0
0
0
0
0
0
0
0
0
0
0
0
0
1
0
0
1
0
0
0
0
0
0
0
0
0
1
0
0
0
1
0
0
1
1
0
0
0
0
0
0
0
0
0
0
0
0
0
0
0
1
1
0
0
0
0
0
0
0
0
0
0
0
0
0
0
1
0
0
0
1
0
1
0
0
0
0
0
0
0
0
1
0
0
0
0
1
0
0
0
0
0
1
0
2
0
0
0
0
0
0
0
0
1
0
0
0
0
1
0
0
0
0
0
0
1
0
1
0
0
0
0
1
1
1
1
1
1
0
0
1
0
0
0
0
0
0
0
0
0
0
0
0
0
0
0
0
1
0
1
0
0
0
0
0
0
0
0
0
0
0
0
0
0
0
1
0
0
0
2
0
0
0
1
0
0
0
0
0
0
0
0
0
0
0
1
1
1
0
0
0
0
1
0
0
1
0
0
0
0
0
0
0
1
2
0
0
1
0
3
0
0
0
0
0
1
0
0
0
0
0
0
1
0
0
0
0
0
1
0
0
1
1
1
1
1
0
0
0
0
0
0
0
0
1
1
0
0
0
0
1
0
0
0
0
0
0
0
0
1
0
0
0
0
0
2
0
0
0
0
0
1
1
0
3
1
0
0
0
0
0
1
0
0
1
0
0
0
1
1
1
1
0
0
0
0
0
0
1
0
0
0
0
1
0
1
1
0
0
1
1
0
0
0
0
2
0
0
1
1
0
0
0
1
0
1
0
1
0
0
0
0
0
1
0
1
0
0
1
0
0
0
2
0
0
0
0
0
0
0
0
1
0
0
0
0
0
0
0
0
0
2
0
0
0
1
0
0
1
0
0
0
0
0
0
0
0
0
0
0
0
0
0
1
0
0
0
0
0
0
0
1
0
1
0
0
1
0
0
0
0
0
0
0
0
0
0
0
1
0
2
0
0
0
0
2
0
0
0
0
0
0
0
0
0
2
1
0
1
0
1
1
1
0
0
0
0
0
0
0
1
0
0
1
0
0
0
1
0
0
1
0
0
0
1
1
0
0
2
0
0
0
0
0
0
0
0
1
0
1
1
1
0
0
0
0
0
0
0
0
1
0
0
0
0
0
0
1
1
0
0
0
1
0
0
0
1
2
1
0
0
0
1
1
2
0
1
0
0
0
0
0
1
0
0
0
0
0
0
0
0
0
0
1
0
0
0
0
0
2
0
1
1
0
1
0
1
0
3
0
0
1
0
0
0
0
0
1
0
0
0
2
0
0
0
0
0
0
0
0
0
0
0
1
2
1
0
0
1
1
0
0
1
0
1
0
0
0
0
0
1
0
0
0
2
0
0
0
0
0
0
0
1
2
1
1
0
0
0
0
0
1
1
0
1
1
0
0
0
0
0
0
0
0
0
1
0
0
1
1
1
0
0
0
0
2
0
0
1
0
0
2
0
0
1
0
0
0
3
0
0
0
1
0
0
0
0
2
0
0
0
0
0
1
0
3
2
2
1
0
0
0
1
0
0
0
1
0
0
0
0
0
0
0
0
0
0
1
0
0
0
0
2
0
0
1
0
0
0
0
0
1
0
0
1
0
2
0
1
1
0
0
0
1
0
0
0
1
1
0
1
0
1
0
1
0
1
0
0
0
0
1
0
0
1
0
0
1
0
2
0
0
1
1
1
1
0
2
0
0
1
0
1
2
0
0
0
1
1
0
2
1
1
2
1
0
0
1
1
0
1
0
1
2
1
1
0
0
0
0
2
1
1
0
1
0
1
0
1
1
1
2
1
0
0
0
0
0
0
0
1
2
0
0
1
0
1
1
1
0
0
2
0
0
0
2
0
0
0
1
3
1
0
0
1
0
0
1
0
0
2
2
1
0
2
0
0
0
0
1
0
1
2
1
1
0
1
1
0
2
0
4
1
2
0
1
1
1
0
1
2
0
1
0
3
3
1
0
1
0
0
0
2
0
1
1
2
1
0
0
0
1
1
1
1
0
0
1
2
0
4
6
4
2
1
2
2
2
0
0
1
1
0
4
1
1
0
0
1
2
2
1
3
0
1
1
0
0
0
1
2
1
1
1
1
0
0
1
0
1
0
2
0
2
0
1
2
1
0
0
0
2
0
1
1
1
2
1
2
2
1
2
3
0
0
2
2
1
0
4
0
2
0
3
2
0
0
1
1
3
0
0
2
0
1
1
0
3
1
1
0
2
1
1
3
1
2
2
4
2
1
0
2
3
2
0
1
0
2
0
2
3
2
1
4
4
1
0
2
3
3
3
3
5
1
0
3
2
2
5
3
2
1
1
1
2
2
4
1
2
2
1
2
2
3
2
2
1
3
3
6
1
5
6
4
3
1
2
2
3
4
3
2
3
2
2
2
6
1
6
5
4
3
2
2
3
0
0
1
1
5
3
4
5
1
2
5
1
1
2
3
1
1
2
2
3
1
5
1
1
2
2
2
0
1
