0
0
0
0
0
0
0
0
0
1
1
14
33
86
257
487
907
1506
2262
3176
4123
5021
5572
5975
6035
5872
5528
5122
4555
4102
3598
3244
2891
2366
2170
1819
1498
1239
1039
876
735
662
609
592
539
552
487
428
482
486
463
501
451
467
431
496
480
537
509
462
529
497
518
522
476
507
550
544
552
546
570
547
608
571
577
574
601
563
553
626
598
626
571
599
609
575
645
581
574
615
605
622
599
591
593
601
561
621
588
615
600
570
619
587
605
556
520
607
556
573
540
557
580
559
562
527
504
517
533
551
524
491
466
488
480
474
481
483
476
497
448
434
460
460
450
465
446
428
403
426
410
396
417
392
365
416
400
402
408
406
407
404
388
357
388
372
389
354
378
392
363
353
342
365
348
354
359
289
343
348
367
334
353
325
316
292
314
299
297
320
299
310
285
277
298
286
304
275
271
266
249
325
305
283
273
1000
988
1002
972
957
976
965
992
910
955
929
911
923
890
931
920
861
901
903
918
858
837
891
882
837
818
833
825
738
802
847
792
838
844
809
813
769
800
719
769
727
758
780
764
748
719
733
686
697
687
750
726
716
709
694
723
607
657
654
656
675
651
634
630
606
672
635
629
611
624
598
607
596
610
600
626
579
558
595
577
558
591
565
563
555
599
586
518
490
529
508
547
545
538
486
492
503
500
538
522
520
537
522
511
539
508
490
469
464
477
434
474
434
452
438
464
460
445
448
426
439
465
423
456
409
407
394
412
407
386
402
406
388
393
380
342
373
401
361
371
359
376
351
377
367
387
372
345
340
369
362
335
339
339
331
345
400
346
320
339
296
314
325
319
273
256
292
303
289
292
290
293
300
292
282
299
281
261
265
265
279
263
291
268
253
276
249
253
245
250
244
224
260
226
260
253
226
250
209
231
243
230
202
206
228
209
208
219
203
200
202
178
172
188
171
179
206
165
183
190
205
172
159
184
154
164
183
167
166
155
165
139
183
131
154
142
156
164
147
150
162
157
140
155
160
141
140
137
141
124
154
127
122
133
128
105
142
144
129
123
107
129
127
114
107
114
124
132
121
113
107
129
98
96
108
113
94
106
108
81
108
110
98
105
100
98
94
75
105
70
75
78
75
98
83
83
89
86
86
76
97
82
93
79
85
80
66
81
65
73
76
75
74
75
95
77
79
99
115
112
91
74
59
60
78
71
70
58
87
63
63
77
61
70
62
58
75
54
74
69
71
63
74
89
62
59
56
61
75
68
74
64
64
66
67
68
64
52
73
54
66
61
75
77
81
70
63
56
59
70
64
66
51
81
77
74
68
67
62
74
61
62
60
66
73
63
82
81
65
61
66
51
82
63
72
61
72
61
71
54
77
67
62
60
65
66
64
64
86
61
53
83
68
72
76
70
71
64
64
62
71
79
66
66
59
67
70
57
70
61
71
67
72
69
76
67
58
61
75
89
71
61
53
76
64
71
67
67
67
70
60
67
52
79
69
68
64
74
71
80
63
84
90
87
77
58
86
68
74
67
58
54
70
72
71
70
82
70
71
86
86
63
64
82
60
67
71
68
66
66
70
69
77
56
57
73
70
67
71
72
67
59
55
57
69
69
72
78
69
74
70
58
56
73
93
59
76
72
74
68
70
76
74
67
65
71
70
82
58
74
57
73
72
69
66
75
67
53
62
66
63
59
59
68
73
69
62
68
63
66
66
81
73
73
70
66
62
69
85
73
66
65
63
69
58
68
75
67
65
59
71
70
64
56
62
69
71
70
66
59
59
71
69
57
66
77
58
78
56
72
72
58
78
63
69
68
61
61
63
66
62
58
81
68
71
63
61
68
64
71
54
53
62
61
64
89
56
72
50
56
45
69
76
60
61
52
61
65
71
65
65
59
61
65
78
37
72
59
55
67
75
68
68
56
69
69
68
51
80
72
49
71
52
63
69
38
60
49
56
67
72
71
68
56
66
52
68
71
66
67
71
54
55
69
72
63
63
67
58
62
58
71
58
56
75
81
45
68
61
43
63
59
61
52
65
61
63
59
66
45
59
55
58
67
66
69
61
67
53
60
58
62
65
67
59
63
54
55
55
62
56
59
56
51
63
52
56
62
60
58
63
47
48
54
67
59
50
65
54
46
60
48
57
59
70
58
54
54
56
48
53
55
57
58
55
59
53
68
62
53
44
54
63
52
45
47
52
60
54
73
53
43
62
55
57
57
60
61
46
51
68
38
48
68
48
62
52
47
51
48
51
54
45
62
53
45
47
46
55
49
58
49
51
55
45
52
56
47
44
58
38
44
52
53
38
54
49
47
51
53
42
46
57
44
42
51
45
41
49
48
44
40
55
37
42
42
30
47
53
44
53
30
40
54
41
39
48
35
54
56
53
33
51
34
43
39
46
35
42
45
44
52
43
40
44
40
50
43
50
38
47
45
39
49
36
43
41
58
43
54
37
51
50
46
40
47
45
30
50
50
48
39
38
44
39
44
28
44
42
35
37
43
41
31
36
42
43
51
29
39
42
41
34
50
38
45
36
49
44
32
43
42
31
35
56
45
47
44
37
43
43
41
43
38
35
45
35
26
33
40
30
35
38
34
23
33
36
32
29
32
37
31
35
27
34
33
36
31
33
30
36
27
37
36
40
30
30
39
40
30
21
32
38
25
36
33
33
28
33
47
26
24
31
33
27
25
24
37
26
24
32
41
34
26
24
41
40
31
33
51
28
39
34
34
29
30
27
33
24
29
29
33
19
22
23
35
37
26
34
22
25
28
32
25
29
31
33
38
28
31
22
23
25
27
28
23
35
29
32
25
28
28
28
22
31
20
19
25
30
22
34
24
22
25
31
25
24
34
26
27
27
26
23
31
25
18
20
18
27
29
26
29
18
24
19
30
21
30
23
12
20
25
14
20
18
28
26
18
24
33
21
26
33
34
33
27
21
19
25
27
23
21
25
26
21
18
26
25
19
30
27
18
17
20
22
22
20
26
18
22
28
21
28
26
19
17
25
14
18
21
23
10
22
22
17
26
25
23
25
14
21
20
18
30
13
23
20
19
22
21
24
24
18
18
19
16
16
18
17
15
17
13
20
17
17
18
20
20
15
15
19
18
24
10
19
14
20
17
14
13
10
13
16
15
13
11
15
15
23
22
21
11
13
12
17
20
19
17
13
17
14
16
10
18
9
14
12
17
6
13
13
15
16
20
15
14
11
20
10
9
20
13
10
13
13
11
17
12
9
20
10
10
19
14
17
15
11
13
12
16
8
11
10
13
10
16
11
15
13
16
5
10
11
10
12
8
8
12
10
18
15
33
49
141
273
428
447
276
100
26
12
7
14
10
8
6
11
6
7
12
4
6
12
10
11
7
8
4
2
10
8
9
13
7
11
10
5
7
7
8
12
6
7
4
6
9
5
8
11
6
9
6
7
5
6
6
9
6
9
7
9
5
4
9
11
11
31
73
114
161
161
115
38
17
10
6
6
4
2
4
6
3
4
7
3
5
5
6
6
8
3
6
7
5
3
6
3
7
4
2
1
2
4
4
7
1
0
2
3
4
5
6
5
2
1
4
2
4
7
4
5
6
5
2
5
6
8
7
3
7
1
3
5
4
6
2
3
2
3
0
1
1
3
2
4
3
4
3
4
0
7
1
0
2
1
6
4
0
0
2
2
3
1
2
3
3
0
5
4
3
2
1
3
5
0
2
3
3
4
1
1
2
0
1
0
0
7
1
1
4
7
1
2
3
2
3
2
3
4
1
4
0
0
2
1
0
2
3
3
1
0
2
1
3
0
1
2
2
2
4
3
0
1
2
2
2
2
0
1
1
1
2
0
0
0
2
2
1
0
3
0
0
0
1
2
1
2
0
1
2
2
1
1
0
2
1
1
2
3
0
2
0
0
0
0
1
1
1
1
0
4
1
3
2
1
2
2
2
2
0
1
2
0
0
0
0
0
1
2
2
1
1
0
1
0
0
2
0
1
0
0
1
1
1
0
0
0
1
8
11
4
6
1
0
1
2
2
0
0
0
1
1
1
1
0
0
3
0
1
1
0
0
0
1
0
0
0
0
1
0
0
0
0
1
0
0
0
0
2
1
0
1
0
0
0
1
0
0
0
2
0
0
0
0
0
0
1
1
0
0
0
0
0
0
0
0
1
0
0
1
0
0
0
0
0
0
0
0
0
3
1
0
1
1
0
0
1
0
0
0
0
1
0
1
0
1
1
0
0
2
1
0
1
0
0
0
0
0
1
0
0
1
0
0
1
0
1
0
0
0
0
1
1
0
0
0
0
0
1
0
0
1
0
0
1
0
0
1
1
0
0
0
1
1
0
1
0
0
0
0
0
0
1
1
0
0
0
1
0
0
0
0
1
1
0
0
2
0
0
0
0
0
0
0
0
0
0
0
0
0
1
0
0
0
0
1
0
0
0
0
0
0
2
0
0
0
0
2
0
0
0
0
0
1
0
2
1
0
0
0
0
0
0
0
1
2
0
0
0
0
0
0
0
1
0
0
0
0
0
1
1
0
0
0
0
1
0
0
0
0
0
0
2
0
0
0
1
0
0
0
0
0
0
0
0
0
0
0
0
0
0
0
0
0
0
0
0
0
0
0
0
0
0
0
0
0
0
0
0
0
0
0
0
0
0
0
0
0
0
0
0
0
0
0
0
0
0
0
2
0
1
0
0
0
0
0
0
0
2
1
0
0
0
0
0
0
0
0
0
0
0
0
0
1
0
0
0
0
0
0
0
0
0
1
0
0
0
1
0
0
0
0
0
0
0
0
0
0
1
0
0
0
1
0
0
1
1
1
0
0
0
1
0
0
0
0
0
0
0
1
0
0
0
0
0
0
0
0
0
0
0
0
0
0
0
1
0
0
0
0
0
0
0
1
0
0
0
0
0
0
0
0
0
0
0
0
0
0
0
0
1
0
0
0
0
0
0
0
0
0
0
0
0
0
0
0
0
0
0
1
1
0
0
0
0
1
1
1
0
0
2
1
1
0
0
0
0
0
0
0
0
0
0
0
0
0
0
0
0
0
0
0
1
0
1
0
0
0
0
0
0
0
0
0
0
0
0
0
0
0
0
0
0
0
0
0
0
0
0
0
0
0
0
0
0
0
0
0
0
1
0
0
0
0
0
0
0
0
0
0
0
0
0
0
0
0
0
1
0
0
0
1
0
0
0
0
0
1
0
1
0
0
0
0
0
0
0
0
0
0
0
0
0
0
0
0
0
0
1
0
0
0
0
0
0
1
0
1
0
0
0
0
0
0
0
0
1
0
0
0
0
0
0
1
0
0
0
0
0
0
0
0
0
0
0
0
0
0
1
0
0
0
0
0
0
0
1
0
0
1
0
0
0
0
0
0
0
0
0
0
0
0
0
1
0
0
0
0
0
0
0
0
0
0
0
0
1
0
0
0
0
0
0
0
0
0
0
1
0
0
0
0
1
0
0
0
0
0
0
1
0
0
1
0
0
1
0
0
0
1
0
0
0
0
0
0
1
0
0
0
0
0
0
0
1
0
0
0
0
0
0
1
2
1
0
0
1
0
0
0
1
0
0
0
0
0
0
0
0
0
0
0
0
0
0
0
0
0
0
0
0
0
0
0
0
0
0
0
1
1
1
0
0
1
0
0
0
0
0
1
0
0
0
1
0
0
0
0
0
1
0
0
0
1
0
0
0
0
0
0
0
1
1
0
0
0
1
0
0
0
0
0
0
0
0
0
0
0
0
1
0
0
0
0
0
0
1
1
0
0
1
0
0
0
0
0
0
0
0
1
0
0
0
0
0
0
0
0
0
0
0
0
0
1
0
0
0
0
1
0
0
1
0
0
0
1
0
0
0
0
0
0
0
1
0
0
0
0
0
0
0
0
0
1
0
1
0
0
0
0
2
0
0
0
0
1
0
0
0
0
2
0
0
0
0
0
0
0
0
1
0
0
0
1
0
0
0
0
0
0
0
0
0
0
0
1
0
0
0
0
0
0
0
0
0
0
0
1
0
0
0
0
0
0
0
0
0
0
0
1
0
0
1
0
0
0
0
0
0
0
0
0
0
0
0
0
2
0
0
0
0
0
0
0
0
1
0
0
0
0
0
0
0
0
0
0
0
1
0
0
0
0
0
0
0
0
0
0
0
0
0
0
0
1
0
0
0
1
0
0
0
0
0
0
0
0
1
0
1
0
0
0
0
0
0
0
0
0
0
0
0
0
0
0
0
0
0
0
0
0
0
0
0
0
0
0
0
0
0
0
1
1
0
0
0
0
0
0
0
1
0
0
0
0
0
0
0
0
0
0
0
0
0
0
1
0
0
0
0
0
0
0
0
0
0
0
0
0
0
0
0
0
0
0
1
0
0
0
0
0
0
0
0
0
0
0
0
0
0
1
0
0
2
0
0
0
0
0
0
0
0
0
0
0
0
0
0
0
0
0
0
0
1
0
0
0
0
0
0
0
0
0
0
1
0
0
1
0
0
0
0
1
0
0
0
0
0
0
0
0
0
0
0
1
0
0
0
0
0
0
1
0
1
0
0
0
0
0
0
0
0
0
0
0
0
0
0
0
0
0
1
0
0
0
0
0
0
0
0
0
0
0
0
0
0
0
0
1
0
0
0
0
0
1
0
0
0
1
0
0
0
2
0
0
0
1
0
0
2
0
0
0
0
1
0
1
0
0
0
1
0
0
0
0
0
0
1
0
1
0
0
0
1
0
1
0
0
0
0
0
0
0
0
0
0
0
0
0
0
0
0
0
0
0
0
0
0
0
0
0
0
1
0
0
0
0
0
1
0
0
0
0
0
0
0
0
0
1
0
0
0
0
1
0
0
0
0
1
0
0
0
0
0
0
0
0
0
0
0
0
0
0
0
0
1
0
0
0
0
1
2
0
1
0
0
0
0
0
0
0
0
0
0
0
0
1
0
0
0
0
0
0
0
0
0
1
0
0
0
0
0
0
0
0
0
0
0
0
0
0
0
0
0
0
0
0
0
0
0
0
0
0
0
0
1
1
2
0
1
0
1
0
0
1
0
1
0
0
1
0
0
0
0
0
0
0
0
0
0
0
0
0
0
0
0
0
0
0
0
1
0
0
0
1
0
0
0
0
0
0
1
0
0
0
0
0
0
0
0
0
0
0
0
0
1
0
0
0
0
0
0
0
0
0
0
0
0
0
0
0
0
0
1
1
0
1
0
1
0
0
1
1
0
0
0
0
0
0
0
0
1
0
1
0
0
0
0
0
0
0
0
1
1
0
0
0
0
0
0
0
0
0
0
0
0
0
0
0
0
0
0
0
0
0
0
0
0
0
0
0
0
0
0
0
0
0
0
1
0
0
0
1
0
0
1
0
0
1
0
0
0
0
0
0
0
0
0
0
0
0
0
0
0
0
0
0
2
0
1
1
0
1
0
0
1
0
0
0
0
0
0
0
1
1
0
0
0
0
1
0
0
0
0
0
0
0
0
0
1
0
0
0
1
0
0
0
0
0
0
0
0
0
0
1
0
0
0
0
0
0
0
0
0
0
0
1
0
1
2
0
0
0
0
0
0
0
1
0
0
1
0
0
0
0
0
0
0
0
1
0
0
0
0
0
0
0
0
0
0
0
0
0
1
0
0
0
0
1
0
0
0
0
0
0
0
1
1
0
0
0
0
0
0
0
0
0
0
0
0
0
0
0
0
0
0
0
0
0
0
0
1
0
0
0
0
0
0
0
0
0
0
0
0
0
0
0
0
0
0
0
0
0
0
0
0
0
0
0
0
0
0
0
0
0
0
1
1
0
0
0
0
1
0
0
0
0
0
1
0
0
0
0
0
0
0
0
0
0
0
0
0
0
1
1
1
0
0
0
0
0
0
0
0
0
1
0
2
0
1
0
0
1
0
0
0
0
0
0
0
0
0
0
0
0
1
0
0
0
0
0
0
0
0
0
0
0
0
0
0
0
0
0
0
0
0
0
0
0
1
0
0
0
0
0
0
0
0
0
0
1
0
0
0
0
0
0
0
0
0
0
0
1
0
0
0
0
0
0
0
0
0
0
0
0
1
0
1
0
0
0
0
0
0
0
0
0
0
1
0
1
0
0
0
0
0
0
0
0
0
0
0
0
0
0
0
0
1
0
0
0
0
0
0
1
0
0
0
0
0
0
0
1
0
1
0
0
0
0
0
1
0
0
0
1
0
0
0
0
0
0
0
0
0
1
0
0
0
1
1
0
0
1
1
0
0
0
0
0
0
0
0
0
0
0
0
0
0
0
0
1
0
0
0
0
1
0
0
0
0
0
0
0
0
0
0
0
0
0
1
1
0
0
1
0
0
0
0
0
0
0
0
0
0
0
2
0
0
0
0
0
0
0
0
0
0
0
0
1
1
0
1
0
0
1
0
0
0
0
0
0
0
0
0
0
2
0
0
0
0
0
0
0
0
0
0
0
0
0
1
0
0
0
0
0
0
0
0
0
0
0
0
0
1
0
1
0
0
0
0
0
0
1
0
0
0
0
0
0
0
0
0
0
1
0
1
1
0
1
0
0
0
0
0
0
0
0
1
0
0
2
0
1
0
0
0
0
0
0
0
1
0
2
0
0
0
0
0
0
0
0
0
0
0
1
0
0
0
0
0
0
0
0
0
0
0
1
0
0
1
0
0
0
0
0
0
0
0
0
0
0
0
0
0
0
0
2
0
0
0
0
0
0
0
0
0
0
0
0
0
0
0
0
0
0
0
0
0
0
0
0
0
0
0
0
0
0
0
0
0
1
0
0
0
0
0
1
0
1
0
0
0
0
0
0
0
0
0
0
0
1
0
3
0
1
0
0
0
0
0
0
0
0
0
0
1
0
0
0
0
0
0
0
0
0
0
0
1
0
0
0
0
0
0
0
0
0
0
0
0
1
0
1
0
0
1
0
0
0
0
0
0
0
0
0
0
0
0
0
0
0
0
0
0
0
0
0
0
0
0
0
0
0
0
0
0
0
0
0
0
0
0
1
0
0
0
0
0
0
1
0
0
0
1
0
0
0
0
1
0
0
1
2
0
0
0
0
0
1
0
0
0
2
0
0
0
0
0
0
1
0
0
2
0
0
0
0
0
0
0
1
1
0
1
1
0
1
1
0
0
0
0
1
0
0
0
0
0
1
1
0
0
0
0
0
0
0
0
1
0
2
0
0
0
0
0
1
1
2
0
0
1
0
0
0
0
0
0
0
0
0
0
0
1
0
0
0
0
0
0
0
1
0
0
0
1
1
0
0
0
1
1
0
1
0
0
0
1
0
0
0
0
2
0
0
0
0
0
0
0
1
1
0
1
2
0
0
0
0
0
0
0
0
0
0
0
0
1
1
1
0
0
0
0
0
0
1
0
0
0
0
0
0
1
1
0
0
0
0
0
0
1
1
0
2
0
0
0
0
0
0
0
0
1
0
0
0
0
0
1
0
0
1
1
1
0
0
0
0
1
0
0
0
0
0
1
0
0
2
1
0
0
0
0
0
0
0
1
1
1
0
1
1
1
0
0
0
0
0
0
0
0
0
1
0
2
1
0
0
1
1
0
0
0
0
0
0
0
1
0
0
0
3
1
0
0
1
1
1
1
0
0
0
0
0
0
1
1
0
0
0
0
1
1
0
0
0
0
0
0
0
1
0
0
1
0
0
2
0
0
0
0
0
1
0
0
0
0
1
1
1
0
2
1
1
1
0
0
0
0
0
1
0
0
0
0
0
0
1
0
0
0
1
2
0
2
0
1
0
0
0
0
0
1
0
0
0
0
0
1
0
0
1
1
0
0
1
0
0
1
0
0
2
1
0
0
1
1
0
0
0
0
0
0
1
0
0
0
0
0
0
0
0
1
0
0
0
2
0
0
1
0
2
0
0
1
0
0
1
1
0
0
0
0
0
1
0
1
0
0
0
1
1
0
0
0
0
0
0
1
0
1
0
1
1
0
0
0
0
0
0
1
2
1
0
1
1
0
0
0
0
0
0
0
0
0
0
0
0
0
2
0
1
0
0
0
1
1
0
0
0
0
0
0
2
1
2
0
0
1
0
2
0
0
1
2
1
0
0
0
2
0
1
1
1
1
0
0
0
0
2
1
0
0
0
0
0
1
0
1
0
0
1
0
0
1
0
0
0
0
1
2
0
0
0
1
0
1
0
0
0
0
1
0
0
0
0
0
0
1
0
2
2
1
0
1
0
0
0
0
0
0
0
0
0
0
0
2
0
0
1
0
0
0
0
0
0
0
1
1
0
0
0
0
1
1
1
1
1
0
0
0
1
0
1
0
0
1
0
0
2
0
0
1
0
2
0
1
1
0
1
0
0
2
0
0
0
0
0
0
2
1
0
1
2
1
1
0
1
2
0
1
0
1
0
0
0
1
0
0
0
0
0
0
0
1
1
0
0
1
0
0
0
0
1
1
1
0
1
2
0
1
0
2
1
0
0
0
0
0
0
3
1
1
2
0
0
0
0
0
2
0
0
0
0
1
1
1
0
0
2
1
0
0
0
1
0
1
0
1
1
0
0
2
1
2
1
1
2
2
0
1
0
2
0
1
2
0
2
2
0
0
0
1
1
0
0
1
3
0
0
0
1
0
1
0
0
0
0
0
1
1
1
1
1
1
3
1
2
0
1
1
0
1
1
0
0
0
0
0
2
1
1
0
0
0
0
0
0
0
2
0
1
0
0
1
3
1
0
0
3
1
2
1
0
0
3
2
1
1
0
0
2
2
1
1
0
2
1
1
0
1
3
2
2
1
2
3
3
1
0
1
0
2
2
1
1
1
2
1
1
0
3
0
0
0
0
0
1
3
0
2
0
1
0
0
0
0
0
1
1
3
1
0
1
0
0
1
0
0
0
0
1
1
0
0
0
2
0
1
1
1
2
0
0
0
0
2
0
1
2
2
1
2
2
2
1
1
0
0
0
2
1
4
0
2
0
1
0
0
1
0
0
1
0
1
2
2
3
2
2
0
0
1
2
1
1
1
0
0
2
1
2
0
2
1
1
1
2
3
0
1
0
1
0
1
1
4
1
1
2
1
0
1
0
2
0
0
1
0
1
2
1
0
0
1
2
1
2
0
4
2
2
2
1
0
1
1
1
1
1
3
2
3
0
1
1
2
1
1
2
1
1
1
3
2
1
2
2
0
1
1
3
2
1
0
0
1
2
4
5
1
2
3
1
2
0
1
1
0
2
3
1
0
2
2
1
1
2
3
1
1
2
5
1
2
1
5
4
1
2
3
2
1
2
0
2
0
0
2
2
0
1
2
1
2
2
1
1
0
2
2
1
1
2
1
4
2
4
4
4
5
1
5
2
5
5
2
1
2
3
1
1
1
3
4
1
5
0
2
2
3
1
5
1
4
3
4
2
2
3
4
1
3
3
3
1
1
2
2
3
3
4
5
4
3
3
3
4
4
5
2
5
1
3
6
2
2
4
6
2
4
3
2
2
6
8
6
1
1
4
5
1
2
2
5
1
6
2
4
4
3
4
0
3
8
5
5
5
4
4
5
5
2
5
5
3
2
6
6
5
3
5
5
6
1
3
6
4
4
3
6
10
7
2
8
5
2
5
3
5
9
3
5
8
6
4
4
3
7
4
3
5
4
3
4
6
3
7
4
7
7
7
6
7
9
1
4
4
7
3
6
11
4
4
7
7
8
6
7
3
5
7
3
9
5
5
3
10
8
5
7
6
5
8
11
5
5
2
6
5
2
5
4
6
5
10
3
2
6
5
6
7
3
1
4
