0
0
0
0
0
1
13
31
98
171
354
594
856
1285
1820
2699
4174
6025
8172
10582
12645
13946
14575
14847
14257
13534
12623
11470
10193
9288
8200
7444
6562
5720
5238
4709
4058
3618
3309
2960
2674
2498
2307
2211
2000
1976
1857
1772
1719
1686
1583
1601
1516
1485
1456
1472
1482
1555
1427
1394
1431
1395
1433
1429
1408
1376
1468
1495
1477
1432
1413
1452
1530
1437
1420
1465
1467
1411
1413
1552
1465
1501
1442
1423
1500
1462
1492
1440
1417
1480
1476
1526
1426
1442
1466
1451
1368
1479
1391
1477
1437
1382
1434
1433
1420
1392
1317
1372
1377
1394
1331
1359
1387
1405
1329
1318
1257
1252
1293
1325
1271
1200
1154
1210
1195
1152
1212
1182
1202
1207
1176
1147
1125
1150
1094
1116
1106
1096
1061
1051
1038
984
992
1042
989
1011
986
1026
1004
989
1035
1000
1002
949
977
975
1012
883
931
949
938
902
912
861
882
879
851
817
860
886
881
841
878
821
793
758
809
775
743
808
759
765
698
756
773
760
765
737
720
715
674
775
749
672
728
1444
1388
1420
1339
1362
1357
1370
1399
1269
1358
1339
1292
1308
1264
1346
1289
1216
1285
1291
1281
1206
1211
1289
1243
1178
1188
1193
1191
1061
1159
1211
1109
1162
1182
1136
1188
1102
1135
1073
1080
1070
1100
1090
1074
1100
1041
1066
1014
1009
960
1047
1026
1022
973
974
1009
902
959
940
962
942
952
912
947
903
929
892
943
892
892
879
872
857
862
873
884
844
814
859
855
826
859
804
790
858
827
821
758
726
725
768
775
806
767
715
731
737
727
746
762
764
776
734
712
776
709
704
667
672
678
642
700
647
644
648
658
656
651
635
626
628
654
623
638
594
590
586
587
573
558
596
602
547
576
526
512
552
567
513
536
540
546
539
536
547
548
537
506
484
547
527
495
481
497
510
501
563
543
480
476
443
466
472
464
424
389
421
441
413
445
437
442
445
413
409
429
395
380
397
386
394
391
394
388
370
389
354
384
348
356
364
331
366
328
360
349
343
345
326
354
347
345
279
327
336
305
302
298
301
301
295
270
255
269
267
271
286
246
275
273
302
263
235
270
238
238
263
255
232
236
247
215
254
201
216
205
216
240
210
214
229
228
218
221
227
201
206
196
187
191
226
181
194
185
198
167
193
207
186
185
160
180
198
167
163
159
175
175
173
170
156
183
148
140
161
161
143
154
164
132
157
146
142
155
142
131
133
122
158
115
117
114
110
139
114
118
141
122
118
113
132
127
132
117
112
114
98
119
95
107
119
116
106
108
129
113
122
138
150
161
130
125
92
93
116
107
104
95
106
95
103
109
90
90
88
86
108
82
108
99
109
82
105
118
86
87
86
100
102
104
108
92
93
97
90
98
103
74
104
74
96
98
102
98
101
104
92
77
92
97
98
91
83
99
94
114
101
103
100
105
103
100
90
99
101
102
125
120
94
93
91
82
112
97
105
83
101
95
103
97
100
97
96
92
93
107
102
87
117
83
77
115
98
99
104
100
96
89
90
90
106
117
97
103
96
95
110
82
102
97
93
107
112
93
114
113
93
87
110
121
104
94
86
102
99
99
101
92
100
114
97
89
84
114
106
104
101
98
101
103
93
113
127
111
115
84
125
108
103
94
99
84
102
118
110
108
115
106
89
110
112
92
99
119
82
89
98
92
105
102
104
96
102
85
95
117
105
100
96
107
106
95
93
88
92
103
105
113
101
114
103
85
82
107
125
105
108
94
107
98
100
106
103
97
93
102
97
111
84
104
81
110
107
99
106
109
97
88
88
95
94
93
93
91
101
100
93
95
91
99
96
112
98
102
100
97
89
104
119
101
85
93
87
98
86
87
108
96
99
87
93
100
100
87
99
105
108
101
98
92
91
94
109
95
94
104
88
107
98
108
110
92
115
96
100
103
94
94
90
101
91
84
113
100
105
92
95
99
96
97
93
72
91
83
105
122
94
100
78
81
71
97
110
99
87
69
93
90
99
95
102
89
92
88
101
60
102
86
90
101
106
103
97
86
97
107
101
67
103
107
81
103
81
91
110
67
97
78
82
100
98
99
103
79
100
79
89
94
96
92
104
87
88
97
103
85
93
96
89
90
81
108
89
82
106
107
76
88
89
69
87
93
90
77
94
86
90
90
91
68
85
85
89
88
90
102
82
85
76
84
81
92
100
81
86
83
80
92
83
83
93
89
79
78
90
77
75
96
89
82
94
80
81
82
88
84
80
97
80
77
88
71
85
86
90
92
79
77
86
71
77
84
87
86
67
89
71
86
86
78
69
85
89
78
65
74
74
85
84
97
72
66
87
75
86
81
82
82
69
71
92
62
69
86
76
92
91
75
80
70
86
67
63
84
78
68
69
71
83
77
75
73
80
78
69
71
78
65
66
87
53
68
79
77
56
79
71
76
67
78
72
69
73
58
81
73
67
55
67
70
62
65
65
54
63
60
55
62
73
64
70
51
74
70
60
63
69
57
80
82
85
59
74
52
63
59
64
52
61
60
66
68
61
62
73
62
70
62
70
54
72
62
58
74
54
64
59
78
63
73
46
68
75
70
53
65
65
55
73
67
71
55
60
57
51
64
49
65
65
50
49
64
60
57
54
63
65
69
51
53
59
61
55
73
54
58
58
69
62
42
64
57
40
52
78
56
64
56
50
56
57
57
58
57
52
66
48
39
46
53
41
51
57
55
44
53
49
43
43
43
52
45
46
50
55
45
50
54
42
43
53
43
51
52
49
49
44
54
58
45
37
42
58
40
52
44
46
41
50
63
46
36
44
50
38
41
40
45
47
48
48
56
57
37
46
62
56
41
46
63
40
54
45
39
42
43
49
44
41
47
43
53
32
35
41
44
52
39
47
44
46
38
46
37
40
46
49
59
44
44
35
30
36
42
40
36
48
42
44
36
38
41
38
38
44
37
29
38
46
29
44
32
30
41
43
36
38
41
36
39
33
39
39
42
34
32
28
27
40
39
40
40
24
38
35
41
32
46
34
20
27
30
31
36
27
44
41
26
32
44
29
37
45
48
40
40
31
32
35
38
31
32
37
33
37
30
31
38
34
40
34
23
30
30
30
32
29
36
28
32
43
29
37
31
21
27
35
22
35
27
30
17
28
28
21
39
38
35
39
25
28
26
26
41
25
29
23
28
27
38
32
37
28
23
30
24
20
26
25
26
21
21
32
22
18
25
29
25
25
23
31
29
30
18
27
20
27
23
19
24
20
18
25
23
19
16
22
21
32
30
28
15
20
20
25
25
27
20
21
23
17
23
15
23
13
20
22
21
17
21
18
21
23
29
17
20
15
28
13
20
31
20
17
17
18
16
25
19
12
28
15
16
26
19
26
21
14
14
21
22
11
19
13
21
19
23
19
21
15
22
11
11
19
17
14
8
12
15
13
23
22
44
70
199
366
552
592
386
170
76
28
21
25
18
14
6
13
8
8
18
11
10
15
11
14
13
12
9
3
13
10
11
16
10
15
13
9
11
10
11
15
10
11
7
10
14
10
11
13
8
12
10
16
8
11
11
11
8
17
9
10
12
7
14
13
21
41
92
141
211
214
155
60
37
23
13
14
7
2
5
9
3
8
10
6
9
5
7
9
12
6
7
8
8
6
9
6
7
5
3
4
3
9
5
7
2
2
4
3
5
9
9
9
4
2
7
6
6
9
4
7
6
10
4
7
10
8
10
6
11
2
6
6
4
7
4
8
4
8
3
3
5
3
5
6
4
4
3
6
2
9
2
1
3
2
8
5
1
2
7
5
4
3
3
4
4
1
6
4
3
5
1
7
7
3
4
4
4
6
3
2
3
0
1
0
0
9
5
3
5
8
1
2
4
4
3
2
4
6
1
4
2
0
5
2
0
4
4
3
2
2
3
1
3
2
2
3
3
2
4
4
1
1
3
2
4
2
2
1
2
1
2
0
6
1
2
2
1
0
6
0
1
2
2
2
2
3
0
1
2
2
1
2
0
3
2
1
2
3
1
2
0
0
0
0
2
2
1
1
0
5
2
4
5
1
2
2
2
2
2
1
3
0
0
0
0
0
2
3
3
1
1
0
1
0
1
2
0
1
0
1
1
1
1
0
0
3
1
9
13
6
8
3
3
1
2
2
0
0
0
1
1
2
1
1
0
3
0
3
1
0
0
0
1
0
0
1
0
2
0
0
0
0
1
0
1
0
0
2
1
0
1
0
0
0
2
0
0
1
2
0
0
0
0
0
0
1
1
0
0
0
0
0
0
0
0
1
0
0
1
0
0
0
1
0
0
0
0
0
3
1
0
1
1
1
0
1
0
0
0
0
1
0
1
0
1
2
0
0
2
1
1
1
0
0
0
0
0
1
0
0
2
0
0
1
0
1
0
0
0
0
1
1
0
0
0
0
0
1
0
0
1
0
0
1
1
0
1
1
0
0
0
1
1
0
1
0
0
0
0
0
0
2
1
0
0
0
1
0
0
0
0
1
1
0
0
2
0
0
0
0
0
0
0
0
0
0
0
1
0
1
0
0
0
0
1
0
0
0
0
0
0
2
0
0
0
0
2
0
0
0
0
0
1
0
2
1
0
0
0
0
0
1
0
1
2
0
0
0
0
0
0
0
1
0
0
0
0
0
2
2
0
0
0
0
2
0
0
0
0
0
0
2
0
0
0
1
0
0
0
0
0
0
0
0
0
0
0
0
0
0
0
0
0
0
0
0
0
0
0
0
0
0
0
0
0
0
0
0
0
0
0
0
0
0
0
0
0
0
0
0
0
0
0
0
0
0
0
2
0
1
1
0
0
0
0
0
0
3
1
0
0
0
0
0
0
0
0
0
0
0
0
0
1
0
0
0
0
0
0
0
0
0
2
0
0
0
1
0
0
0
0
0
0
0
0
0
0
1
0
0
0
1
0
0
1
1
1
1
0
0
1
0
0
0
0
0
0
0
1
0
0
0
0
0
0
0
0
0
0
0
0
1
0
0
1
0
0
0
0
0
0
0
1
0
0
0
0
0
0
0
0
0
0
0
0
0
0
0
0
1
0
0
0
0
0
0
0
0
0
0
0
0
0
0
0
0
0
0
1
1
0
0
0
0
1
1
1
1
0
2
1
2
0
0
0
0
0
0
0
0
0
0
0
1
0
0
0
0
0
0
0
1
0
1
0
0
0
0
0
0
1
0
0
0
0
0
0
0
0
1
0
0
0
0
0
0
0
0
0
0
0
0
0
0
0
0
0
0
1
0
0
0
0
0
0
0
0
0
0
0
0
0
0
0
0
0
1
0
0
1
1
0
0
0
0
0
1
0
1
0
0
0
0
0
0
0
0
0
0
0
0
0
1
0
0
0
0
1
0
0
0
0
0
0
1
0
1
0
1
0
0
0
0
0
0
1
0
0
1
0
0
0
1
0
0
0
0
0
0
0
0
0
0
0
0
0
0
1
1
0
0
0
0
0
1
1
0
0
1
1
1
0
0
0
0
0
0
0
0
0
0
1
1
0
0
0
1
0
0
0
0
0
0
0
0
1
0
0
0
0
0
0
0
0
0
0
1
0
0
0
0
1
0
0
0
0
0
0
1
0
0
1
0
0
1
1
0
0
1
0
0
0
0
0
0
1
0
0
0
0
0
0
0
1
0
0
0
0
0
0
1
2
1
0
0
1
0
0
0
1
0
0
0
0
0
0
0
0
0
0
0
0
0
0
0
0
0
0
0
0
0
0
0
0
0
0
0
1
1
1
0
0
1
0
0
0
0
0
2
0
0
0
1
0
0
0
0
0
1
0
0
0
1
0
0
0
0
0
0
0
1
1
0
0
0
1
0
0
0
0
0
0
0
0
0
0
0
0
1
0
0
0
0
0
0
1
1
0
0
1
0
0
0
0
0
0
0
0
1
0
0
0
0
0
0
0
0
0
0
0
0
0
1
0
0
0
0
1
0
0
1
0
0
0
1
0
0
0
0
0
0
0
1
0
0
0
0
0
0
0
0
0
1
0
1
0
0
0
0
2
0
0
1
0
2
0
0
1
0
2
0
0
0
0
0
0
0
0
1
0
0
1
1
0
0
0
0
0
0
0
0
0
0
0
2
0
0
0
0
0
0
0
0
0
0
0
1
0
0
0
0
0
1
0
0
0
0
0
1
0
0
1
0
0
0
0
0
0
0
0
0
0
0
0
0
2
0
0
0
0
0
1
0
0
1
0
0
0
0
0
0
0
0
0
0
0
1
0
0
0
0
0
0
0
0
1
0
0
0
0
0
0
1
0
0
1
1
0
0
0
0
0
0
0
0
1
0
1
0
0
0
0
0
0
0
0
0
0
0
0
0
1
0
0
0
0
0
0
0
0
0
0
0
0
0
0
0
0
0
1
1
0
1
0
0
0
0
0
1
0
0
0
0
0
0
0
0
0
0
0
0
0
0
1
0
0
0
0
0
0
0
0
0
0
0
0
0
0
0
0
0
0
0
1
0
0
0
0
0
0
0
0
0
0
0
0
0
0
1
0
0
3
0
0
0
0
0
0
0
0
0
0
0
0
0
0
0
0
0
0
0
1
0
0
0
0
0
0
0
0
0
0
1
0
0
1
0
0
0
0
1
0
0
0
0
0
0
0
0
0
0
0
1
0
0
1
0
0
0
2
0
1
0
0
1
0
0
0
0
1
0
0
0
0
0
0
0
0
0
1
0
0
0
0
0
0
0
0
0
0
0
0
0
0
0
1
1
0
0
1
0
0
1
0
0
0
1
0
0
1
2
0
0
0
1
0
0
2
0
0
0
0
1
0
1
0
0
0
1
0
0
0
0
0
0
1
0
1
0
0
0
1
0
1
0
0
0
0
0
0
0
0
0
0
1
0
0
0
0
0
0
0
1
0
0
0
0
0
0
0
1
0
0
0
0
0
1
0
0
0
0
0
0
0
0
0
1
1
0
0
0
1
0
0
0
0
1
0
0
0
1
0
0
0
1
0
0
0
0
0
0
0
0
1
0
0
0
0
1
2
0
1
0
0
0
0
0
0
0
0
0
0
0
0
1
0
0
0
0
0
0
0
0
0
1
0
0
0
0
0
0
0
0
0
0
0
0
0
1
0
0
0
0
0
0
0
1
0
0
0
0
0
0
1
1
2
0
1
0
1
0
0
1
0
1
0
0
1
0
0
0
0
0
0
0
0
0
0
0
0
0
0
0
0
0
0
0
0
1
0
0
0
1
0
0
0
0
0
0
1
0
0
0
0
0
0
0
0
0
0
0
0
0
1
0
0
0
0
0
0
0
0
1
0
0
0
0
0
0
0
0
1
1
0
1
0
1
0
0
1
1
0
0
0
0
0
1
0
0
1
0
1
0
0
0
0
0
0
0
0
1
1
0
0
0
0
0
0
0
0
1
0
0
0
0
0
0
0
0
0
0
0
0
0
0
0
0
0
0
0
0
0
0
0
0
0
1
0
0
0
1
0
0
1
0
0
1
0
0
0
0
0
0
0
0
0
0
0
0
0
0
0
0
0
0
2
0
2
1
0
1
0
0
1
0
0
0
0
0
0
0
1
1
0
1
0
0
1
0
0
0
0
0
0
1
0
0
1
0
0
0
1
0
0
0
0
0
0
0
0
0
0
1
0
0
0
0
0
1
0
0
0
0
0
1
0
1
2
0
0
0
0
0
0
0
1
0
0
1
0
0
0
0
0
0
0
0
1
0
0
0
0
0
0
0
0
0
0
0
0
0
1
0
0
0
0
1
0
0
0
0
0
0
0
1
1
0
0
0
0
0
0
0
0
0
0
0
0
1
0
0
0
0
0
0
0
0
0
0
1
0
0
0
0
0
0
0
0
0
0
0
0
0
0
0
0
0
0
0
0
0
0
0
0
0
0
0
0
0
0
0
0
0
0
1
1
0
0
0
0
2
1
0
0
0
0
1
0
0
0
0
0
0
0
0
0
0
0
0
0
0
1
1
1
0
0
0
0
0
0
0
0
0
1
0
2
0
1
0
0
1
0
0
1
0
0
0
0
0
0
0
0
0
1
0
0
0
0
0
0
0
0
0
0
0
0
0
0
0
0
0
0
0
0
0
0
0
1
0
0
0
0
0
0
0
0
0
0
2
0
0
0
0
2
0
0
0
0
0
0
1
0
0
0
0
0
0
0
0
0
0
1
0
1
0
1
0
0
0
0
0
0
1
0
0
0
1
0
1
0
0
0
0
0
0
0
0
0
0
0
0
0
0
0
0
1
0
0
0
0
0
0
1
0
0
0
0
0
0
0
1
0
1
0
0
0
0
0
1
0
0
0
1
0
0
0
0
0
0
0
0
0
1
1
0
0
1
1
0
0
1
1
0
0
0
0
0
0
0
0
0
0
0
0
0
0
0
0
1
0
0
0
0
1
0
0
0
0
0
0
1
0
0
0
0
0
0
1
2
1
0
1
0
0
0
0
0
0
0
0
1
0
0
2
0
0
0
0
0
0
0
0
1
0
0
0
1
1
0
1
0
0
1
0
0
0
0
0
0
0
0
0
0
2
0
0
0
0
0
0
0
0
0
0
1
0
0
1
0
0
0
0
0
0
0
0
0
0
0
0
0
1
0
1
0
0
0
0
0
0
1
0
1
0
0
0
0
0
0
0
0
1
0
1
1
0
1
0
0
0
0
0
1
0
0
1
0
0
2
0
1
0
0
0
0
1
0
0
1
0
2
0
0
0
0
0
0
0
0
0
0
0
1
1
0
0
0
0
0
0
0
0
0
0
1
0
0
1
0
0
0
0
0
0
0
0
0
0
0
0
0
0
0
0
2
0
0
0
0
0
0
0
1
0
0
0
0
0
0
0
0
0
0
0
0
0
0
0
0
0
0
0
0
0
0
0
0
0
1
0
0
0
0
0
1
0
1
0
0
0
0
0
0
0
0
0
0
0
2
0
4
0
1
0
0
0
1
0
0
0
0
0
0
1
0
0
0
0
0
0
0
0
1
0
0
1
0
1
0
0
0
0
0
0
0
0
0
0
1
1
1
0
0
1
0
0
0
0
0
0
0
0
0
0
0
0
0
0
0
0
0
0
1
0
0
0
0
0
0
1
1
0
0
0
0
0
1
0
0
0
1
0
0
0
0
0
0
1
0
0
0
1
0
0
0
0
1
0
0
2
2
0
0
0
0
0
1
0
0
0
2
0
0
0
0
0
0
1
0
0
2
0
0
0
0
0
0
0
1
1
0
1
2
0
1
1
0
0
0
0
1
0
0
0
0
0
1
1
0
0
0
0
0
1
0
0
1
0
2
0
1
0
0
0
1
1
2
0
0
2
0
0
0
0
0
1
0
0
0
1
0
1
0
0
0
0
0
0
0
1
0
0
1
1
1
0
0
0
1
1
0
1
0
0
0
1
0
0
1
0
2
0
0
0
0
0
1
0
1
1
1
1
2
0
0
0
0
0
0
0
0
0
0
0
0
1
1
1
0
0
0
0
0
0
1
0
0
0
0
0
0
2
1
0
0
0
0
0
0
2
1
0
2
0
0
1
0
0
0
0
0
2
0
0
0
1
0
1
0
0
1
1
1
0
0
0
0
1
0
0
0
0
1
1
0
0
2
1
0
0
0
0
0
0
0
1
1
1
0
1
1
1
0
0
0
0
0
0
0
0
0
1
0
2
2
0
0
1
1
0
0
1
0
0
0
1
1
0
0
0
3
1
0
0
1
1
1
1
0
0
1
0
0
0
2
1
0
0
0
0
1
1
0
0
0
0
0
0
0
2
0
0
2
0
0
2
0
0
0
0
0
1
0
0
0
0
1
1
2
0
2
1
1
1
0
0
0
0
0
1
0
0
1
0
0
0
1
0
0
0
1
2
0
2
0
1
0
1
0
0
0
1
0
0
0
0
0
1
0
0
1
1
0
0
1
0
0
2
0
0
2
1
0
0
1
1
0
1
1
0
0
0
1
0
0
1
0
0
0
0
0
1
0
0
0
3
0
0
1
0
2
0
0
1
1
0
1
1
0
0
0
1
1
1
0
1
0
0
0
1
1
0
1
0
0
0
0
2
0
1
1
1
1
0
0
0
0
0
0
1
2
1
0
1
1
0
0
0
0
0
0
0
0
0
0
0
0
0
2
0
1
0
0
0
1
1
0
0
0
0
0
0
3
2
2
0
0
1
0
2
0
0
1
2
1
0
0
0
2
0
1
1
1
1
1
0
0
0
2
1
1
0
1
0
1
2
0
1
0
0
2
0
0
1
0
0
0
0
1
2
0
0
0
1
1
1
0
0
0
0
1
0
0
0
0
0
0
1
1
2
2
1
0
1
0
0
0
0
0
0
0
0
0
0
0
2
0
0
2
0
0
0
0
0
1
0
1
1
0
0
1
0
1
1
2
1
1
0
0
0
1
0
1
0
0
2
1
1
2
0
0
1
0
2
0
1
2
1
1
0
0
2
0
0
0
0
0
0
5
2
2
2
2
2
1
0
2
2
0
1
0
1
1
0
0
2
0
0
0
0
0
0
1
1
1
0
1
2
0
1
0
0
3
1
1
0
1
2
0
1
0
2
1
0
1
0
1
0
0
3
1
1
3
0
0
0
0
0
2
0
0
0
0
1
1
1
0
0
2
1
0
1
1
1
0
1
0
2
1
0
0
2
2
2
1
1
2
2
1
1
1
2
0
1
2
0
2
2
0
1
0
1
1
0
1
1
3
0
0
1
1
0
1
0
1
0
0
0
1
1
2
1
1
1
3
1
2
1
2
1
0
1
1
0
0
0
0
0
2
1
1
0
0
0
0
0
0
0
4
0
1
1
0
1
4
1
0
0
3
1
2
1
1
0
3
2
2
1
0
0
2
2
1
2
0
2
1
1
0
1
4
2
2
1
2
4
3
3
0
1
0
2
2
1
1
1
2
1
1
1
3
0
1
0
0
1
1
3
1
4
0
1
0
0
0
0
0
1
1
3
1
0
2
0
0
2
1
0
2
1
1
1
0
0
0
2
0
1
2
2
2
0
0
1
0
2
0
3
2
2
1
3
3
2
2
1
0
1
0
2
1
4
0
3
1
1
0
0
1
0
0
1
0
1
2
2
4
2
2
1
0
1
2
1
1
2
1
0
2
1
2
1
2
3
2
1
2
3
0
1
0
1
1
1
1
4
1
1
2
1
1
1
0
2
1
0
1
0
2
4
1
0
1
1
3
1
2
0
5
3
2
2
1
2
1
1
1
1
2
3
4
3
0
1
1
2
1
1
3
1
1
1
4
3
1
2
3
0
2
2
3
2
1
0
3
1
3
6
5
1
2
3
3
3
0
1
1
0
2
4
1
0
2
3
1
1
4
5
2
1
3
5
1
2
2
5
4
1
2
3
4
1
3
0
4
1
0
2
3
0
1
2
3
2
2
1
1
0
4
2
1
3
2
2
7
2
6
5
4
5
1
5
2
5
7
2
2
3
5
1
2
1
3
6
2
5
0
3
4
3
1
7
2
4
3
5
3
3
3
4
1
3
5
4
1
1
4
3
5
3
5
6
6
5
3
4
6
6
7
2
7
2
4
7
3
2
5
6
2
5
3
3
2
6
8
7
3
2
6
5
2
2
4
5
1
7
3
5
4
4
7
2
5
10
5
6
5
6
5
6
5
4
6
5
5
2
7
7
6
4
6
5
6
2
4
8
6
6
5
8
12
7
2
9
7
4
5
5
5
10
7
8
10
8
5
6
5
9
6
5
7
5
4
5
7
5
9
5
7
9
8
7
7
10
1
7
6
10
4
9
13
5
5
9
9
8
7
8
4
5
7
4
12
5
7
4
11
9
6
9
8
5
10
13
8
6
3
8
6
4
7
5
6
7
11
4
3
9
7
8
8
4
4
5
