0
0
0
0
0
1690
7684
18892
34804
47580
54358
53864
49630
44184
37994
33030
28856
24924
21696
18366
16754
14386
13170
11126
9656
7894
6764
5508
4480
3732
3174
2556
2208
1984
1778
1540
1436
1396
1344
1156
1156
1172
1124
1130
1174
1188
1146
1072
1098
1168
1130
1098
1112
1084
1214
1218
1192
1230
1204
1316
1248
1290
1370
1280
1406
1428
1314
1368
1254
1292
1306
1288
1394
1420
1350
1350
1284
1332
1412
1374
1274
1282
1284
1348
1402
1286
1320
1290
1254
1304
1242
1230
1286
1322
1234
1244
1084
1136
1230
1186
1296
1070
1128
1200
1138
1146
1074
1088
1176
1038
1040
1008
1032
1078
974
994
1034
1060
970
892
886
912
896
858
852
866
784
780
802
774
802
758
748
732
724
796
818
708
644
732
760
722
762
690
626
600
662
638
674
580
646
570
606
544
544
578
528
580
514
520
542
530
474
488
522
450
506
468
452
480
422
410
480
468
434
432
394
412
434
470
410
412
382
372
356
368
338
382
340
378
348
306
346
362
324
330
324
346
320
318
340
260
312
288
258
304
308
306
290
280
254
318
298
248
314
246
222
248
262
264
250
258
254
222
236
276
264
244
222
266
212
224
190
224
228
208
230
316
280
218
214
200
170
204
172
172
184
188
176
164
198
152
184
190
158
182
190
152
184
148
140
166
174
158
184
198
138
162
158
142
142
158
120
136
130
152
134
142
148
150
122
116
118
130
114
126
114
118
164
132
132
124
156
138
168
160
126
112
108
114
92
92
118
112
114
130
112
104
114
70
120
96
94
94
102
94
116
102
104
118
114
94
76
98
90
78
82
100
82
72
78
70
64
104
92
98
80
110
132
116
72
84
70
110
92
70
86
68
94
92
130
146
72
82
68
66
76
72
82
82
88
94
92
80
84
78
66
84
74
66
52
52
62
78
62
52
60
74
72
58
64
66
62
52
60
80
88
54
44
52
56
68
74
36
58
70
78
60
68
46
70
42
64
48
50
50
56
52
52
60
60
66
60
38
52
50
54
56
46
40
68
54
48
56
58
46
48
48
50
50
58
58
64
54
44
44
68
50
38
52
38
50
46
48
36
50
52
40
36
40
34
50
58
54
56
56
66
34
48
38
34
54
42
44
44
44
52
54
52
46
44
46
54
42
30
48
58
60
46
44
40
50
20
34
48
42
28
60
38
68
56
50
42
48
46
40
42
50
38
30
28
60
62
48
52
40
50
34
40
46
62
52
64
66
56
44
32
40
46
46
44
48
32
38
56
44
46
42
48
44
58
56
44
54
58
36
30
34
34
28
52
44
50
46
42
46
48
48
36
38
42
54
34
54
50
40
46
54
60
42
62
32
40
44
46
36
56
44
52
54
34
44
38
38
32
60
50
42
40
50
60
56
38
48
44
64
60
48
38
56
36
42
56
38
36
50
38
40
56
46
62
44
44
60
44
38
42
30
46
76
36
44
60
56
62
34
54
30
52
40
50
40
64
46
44
54
30
40
48
38
44
44
38
60
44
40
66
48
46
48
56
60
46
44
50
52
42
46
40
44
56
38
52
38
56
46
24
36
42
38
72
60
62
52
38
30
52
50
48
48
56
68
54
46
64
40
52
50
40
46
38
38
56
48
52
38
30
54
52
58
56
44
32
48
64
46
50
54
30
48
60
36
34
58
52
50
52
54
54
56
48
48
44
42
48
52
74
36
34
56
42
62
52
50
44
40
56
44
50
46
40
46
46
36
36
42
66
38
48
46
32
32
52
38
50
56
40
32
34
52
42
42
48
44
38
42
48
36
46
36
24
54
54
42
44
48
62
40
54
42
46
38
46
30
38
62
36
54
38
42
42
68
66
38
46
48
48
48
30
36
40
44
52
38
36
38
60
36
48
54
32
48
36
32
36
42
42
48
40
50
54
60
54
58
50
36
32
54
42
54
50
54
38
48
40
58
54
46
40
52
48
38
34
40
46
38
42
34
42
44
46
66
38
60
48
40
52
42
34
52
50
50
16
42
42
58
34
42
46
46
52
38
36
38
28
32
40
52
42
48
48
40
46
44
40
44
46
48
50
34
40
26
44
38
40
32
62
40
36
44
36
38
46
16
38
34
44
34
26
48
38
56
40
46
48
58
48
50
34
40
40
52
32
34
38
22
30
32
56
46
48
26
48
36
56
44
34
46
24
32
36
30
36
34
26
36
20
30
26
28
26
28
30
36
48
32
30
50
38
44
32
34
36
30
38
28
34
48
38
34
48
36
24
36
28
30
44
34
46
56
38
30
26
44
42
36
30
34
52
26
44
18
32
28
26
38
28
50
42
20
30
36
28
34
56
32
42
34
18
36
42
42
20
50
30
16
32
44
34
22
32
24
34
36
34
16
26
32
44
28
30
28
28
34
42
40
28
24
32
46
32
40
24
32
22
42
36
18
26
32
36
34
20
38
30
24
32
24
34
28
24
38
18
36
32
28
36
32
36
4
32
34
34
42
30
20
20
24
20
32
22
26
24
28
22
38
28
34
16
36
22
24
40
30
20
18
28
16
20
26
24
42
24
16
24
36
12
10
30
30
28
18
40
18
22
28
44
22
28
26
24
28
24
28
16
32
48
34
48
32
34
38
26
34
88
94
42
34
24
20
20
36
30
28
16
28
20
18
26
20
22
16
20
14
30
18
28
30
12
28
24
24
24
30
12
24
26
18
22
22
34
22
18
22
24
28
34
12
34
28
18
30
28
18
22
14
24
16
32
20
28
24
36
40
18
24
16
16
12
20
6
26
14
26
28
26
30
26
14
20
18
26
30
32
18
12
16
26
18
24
16
24
18
20
20
20
12
10
18
26
26
20
14
20
14
24
14
12
16
30
28
20
20
24
12
14
24
12
26
24
14
22
22
18
8
16
18
10
16
8
10
18
8
20
16
14
14
10
26
24
18
16
16
18
14
16
14
10
16
16
14
8
12
4
14
26
16
20
10
14
18
14
8
10
14
20
12
12
18
16
24
10
12
20
14
18
14
10
12
10
12
8
16
14
18
22
16
10
12
26
10
16
12
18
22
14
18
22
14
16
8
10
14
8
8
20
22
10
6
12
16
8
22
12
10
12
22
10
14
14
14
12
24
8
18
12
16
18
10
18
12
4
18
10
12
12
20
12
18
4
16
10
6
6
20
10
8
16
28
10
14
14
10
16
10
22
18
16
10
14
20
12
12
16
10
8
4
10
12
12
8
8
6
8
8
24
10
16
8
4
16
16
8
20
2
4
16
10
12
6
6
6
12
6
6
12
6
16
0
14
12
12
12
8
8
6
6
14
12
12
2
2
8
20
4
8
16
14
8
6
8
16
8
8
4
6
8
6
6
16
10
6
18
8
6
10
10
8
20
84
300
630
514
194
28
10
8
4
0
10
2
2
10
2
6
14
4
6
6
4
6
2
2
4
6
8
6
2
2
0
12
10
0
8
2
4
0
4
4
6
6
4
8
6
2
0
4
2
0
4
0
2
8
0
6
6
2
4
4
4
4
6
10
24
60
98
130
42
4
2
2
2
6
2
4
4
6
2
6
6
8
2
2
4
2
4
2
4
4
2
2
6
2
0
4
8
6
8
0
2
2
4
2
2
2
4
2
0
4
0
4
4
4
0
2
0
0
2
2
2
4
0
4
0
6
0
2
4
4
4
2
0
0
6
2
2
4
2
2
0
0
0
2
2
4
4
0
0
0
2
0
6
2
0
4
2
0
2
2
0
0
2
2
0
6
2
2
0
0
4
4
0
4
2
0
4
2
2
4
4
0
0
0
4
0
2
0
2
2
4
4
0
2
0
0
0
4
2
0
2
4
0
0
2
2
4
2
0
2
6
0
0
0
2
0
2
4
0
0
0
0
0
2
0
0
0
0
2
0
0
0
0
0
0
4
0
0
0
2
0
0
0
2
2
2
0
0
0
0
0
2
0
0
0
2
0
0
0
2
0
0
0
0
0
0
0
2
0
2
2
0
0
0
0
0
0
0
0
0
0
0
0
0
0
2
0
0
0
0
0
0
0
0
0
2
0
0
0
0
0
0
2
2
2
4
4
2
2
2
0
2
0
2
0
0
0
0
0
0
0
0
0
0
0
0
0
2
0
0
0
0
0
0
0
0
0
0
0
0
0
2
2
0
0
2
0
0
0
0
0
2
2
0
0
0
0
0
0
0
2
0
0
0
0
0
0
0
0
0
0
0
0
0
0
0
2
0
0
0
2
0
0
0
0
0
0
0
0
0
0
0
2
0
0
0
0
0
0
0
0
0
0
0
0
0
0
0
2
0
0
0
0
0
0
0
0
0
0
0
0
0
0
0
0
0
0
2
0
0
2
2
0
0
0
0
0
0
0
0
0
0
0
0
0
0
0
0
0
0
2
0
0
0
0
2
0
0
0
0
0
0
0
0
0
0
0
0
0
0
0
0
0
0
0
0
0
0
0
0
0
0
0
0
0
0
0
0
0
0
0
0
0
0
0
0
0
0
0
0
0
0
2
0
0
0
0
0
0
0
0
0
0
0
0
0
0
0
0
0
0
0
0
0
0
0
0
0
2
2
0
0
0
0
0
0
0
0
0
0
0
0
0
0
0
0
0
0
0
0
0
0
2
0
0
0
0
0
0
0
0
0
0
0
0
0
0
0
0
0
0
0
0
0
0
0
0
0
0
0
0
0
0
0
0
0
0
0
0
0
0
0
0
0
0
0
0
0
0
0
0
0
0
0
0
0
0
0
0
0
0
0
0
0
0
0
0
0
0
0
0
0
0
2
0
0
0
0
0
0
0
0
0
0
0
0
0
0
0
0
0
0
0
0
0
0
0
0
0
0
0
0
0
0
0
0
0
0
0
0
2
0
0
0
0
0
0
0
0
0
0
0
0
0
0
0
0
0
0
0
0
0
0
2
0
0
2
0
0
0
0
0
0
0
0
0
0
0
0
0
0
0
0
0
0
0
0
0
2
0
0
0
0
0
0
0
0
0
0
0
0
0
0
0
0
0
0
0
0
0
0
0
0
0
0
0
0
0
0
0
0
0
0
0
0
4
2
0
0
0
0
0
0
0
2
0
0
0
0
0
0
0
0
0
0
0
0
0
0
0
0
0
0
0
0
0
2
0
0
0
0
0
0
0
0
0
0
0
0
0
0
0
0
0
0
0
0
0
0
0
0
0
0
0
0
0
0
0
0
0
0
0
0
0
0
0
0
0
0
0
0
0
0
0
0
0
0
2
0
0
0
0
0
0
0
0
0
0
0
0
0
0
0
0
0
0
0
0
0
0
0
0
0
0
0
0
0
0
0
0
0
0
0
2
0
0
0
0
0
0
0
0
0
0
0
0
0
0
0
0
0
0
0
0
0
0
0
0
0
0
0
0
0
0
0
0
0
0
0
0
0
0
0
0
0
0
0
0
0
0
0
0
0
0
0
0
0
0
0
0
0
0
0
0
0
0
0
0
0
0
0
0
0
0
0
0
0
0
0
0
0
0
0
0
0
0
0
0
0
2
0
0
2
0
0
0
0
0
0
0
0
0
2
0
0
2
0
0
0
0
0
0
0
0
0
0
0
0
0
2
2
0
0
0
0
0
0
0
0
0
0
0
0
2
0
0
0
0
0
0
0
0
0
0
0
0
0
0
0
0
0
0
0
0
0
0
0
0
0
0
0
0
0
0
0
0
0
0
0
0
0
0
0
0
0
0
0
2
0
0
0
0
0
0
0
2
0
0
0
0
2
0
0
0
0
0
0
2
0
0
0
0
0
0
0
0
2
0
0
0
0
0
0
2
0
0
0
0
0
0
0
0
0
0
0
0
0
0
0
0
0
0
0
0
0
0
0
0
0
0
0
0
0
0
0
0
0
0
0
0
0
0
0
0
0
0
0
0
0
0
0
0
0
0
0
0
0
0
0
0
0
0
0
0
0
0
0
0
0
0
0
0
0
0
0
0
0
0
0
0
0
0
0
0
0
0
0
0
2
0
0
0
0
0
0
0
0
0
0
0
0
0
0
0
0
0
0
0
0
0
0
0
0
0
0
0
0
0
0
0
0
0
0
0
0
0
0
0
0
0
0
0
2
0
0
0
0
0
0
0
0
0
0
0
0
0
0
0
0
0
0
2
0
0
0
0
0
0
0
0
0
0
0
0
0
0
0
0
0
2
0
0
0
0
0
0
0
0
0
0
0
0
2
0
0
0
0
0
0
0
0
0
0
0
0
0
0
0
0
0
0
0
0
0
0
0
0
0
0
0
0
0
0
0
0
0
0
0
0
0
0
0
0
0
0
0
0
0
0
0
0
0
0
0
0
0
0
0
0
0
0
0
0
0
0
0
0
0
0
0
0
0
0
0
0
0
0
0
0
0
0
0
0
0
0
0
0
0
0
0
0
0
0
0
0
0
0
0
0
0
0
0
0
0
0
0
0
0
0
0
0
0
0
0
0
0
0
0
0
0
0
0
0
0
0
0
0
0
0
0
0
0
0
0
0
0
0
0
0
0
0
0
0
0
0
0
0
0
0
0
2
0
0
0
0
0
0
0
0
0
0
0
0
0
0
0
0
0
0
2
0
0
0
0
0
0
0
0
0
0
0
0
0
0
0
0
0
0
0
0
0
0
0
0
0
0
0
0
0
0
0
0
0
0
0
0
0
0
0
0
0
0
0
0
0
0
0
0
0
0
0
0
0
0
0
0
0
0
0
0
0
0
0
0
0
0
0
0
0
0
0
0
0
0
0
0
0
0
0
0
0
0
0
0
0
0
0
0
0
0
0
0
0
0
0
0
0
0
0
0
0
0
0
0
0
0
0
0
0
0
0
0
0
0
0
0
0
0
0
0
2
0
0
0
0
0
0
0
0
0
0
0
0
0
0
0
0
0
0
0
0
0
0
0
0
0
0
0
0
0
0
0
0
0
0
0
0
0
0
0
0
0
0
0
0
0
0
0
0
0
0
0
0
0
0
0
0
0
0
0
0
0
0
0
0
0
0
0
0
0
0
0
0
0
0
0
0
0
0
0
0
0
0
0
0
0
0
0
0
0
0
0
0
0
0
0
0
0
0
0
0
0
0
0
0
0
0
0
0
0
0
0
0
0
0
0
0
0
0
0
0
0
0
0
0
0
0
0
0
0
0
0
0
0
0
0
0
0
0
0
0
0
0
0
0
0
0
0
0
0
0
0
0
0
0
0
0
2
0
0
0
0
0
0
0
0
0
0
0
0
0
0
0
0
0
0
0
0
0
0
0
0
0
0
0
0
2
0
0
0
0
0
0
0
0
0
0
0
0
0
0
0
0
0
0
0
0
0
0
0
0
0
0
0
0
0
0
0
0
0
0
0
0
0
0
0
0
0
0
0
0
0
0
0
0
0
0
0
0
0
0
0
0
0
0
0
0
0
0
0
0
0
0
0
0
0
0
0
0
0
0
0
0
0
0
0
0
0
0
0
0
0
0
0
0
0
0
0
0
0
0
0
0
0
0
0
0
0
0
0
0
0
0
0
0
0
0
0
0
0
0
0
0
0
0
0
0
0
0
0
0
0
0
0
0
0
0
0
0
0
0
0
0
0
0
0
0
0
0
0
0
0
0
0
0
0
0
0
0
0
0
0
0
0
0
0
0
0
0
2
0
0
0
0
0
0
0
0
0
0
0
0
0
0
0
0
0
0
0
0
0
0
0
0
0
0
0
0
0
0
0
0
0
0
0
0
0
0
0
0
0
0
0
0
0
0
0
0
0
0
0
0
0
0
0
0
0
0
0
0
0
0
0
0
0
0
0
0
0
0
0
0
0
0
0
0
0
0
0
0
0
0
0
0
0
0
0
0
0
0
0
0
0
0
0
0
0
0
0
0
0
0
0
0
0
0
0
0
0
0
0
0
0
0
0
0
0
0
0
0
0
0
0
0
0
0
0
0
0
0
0
0
0
0
0
0
0
0
0
0
0
0
2
0
0
0
0
0
0
0
0
0
0
0
0
0
0
0
0
0
0
0
0
0
0
0
0
0
0
0
0
0
0
0
0
0
0
0
0
0
0
0
0
0
0
0
0
0
0
0
0
0
0
0
0
0
0
0
0
0
0
0
0
0
0
0
0
0
0
0
0
0
0
0
0
0
0
0
0
0
0
0
0
0
0
0
0
0
0
0
0
0
0
0
0
0
0
0
0
0
0
0
0
0
0
0
0
0
0
0
0
0
0
0
0
0
0
0
0
0
0
0
0
0
0
0
0
0
0
0
0
0
0
0
0
0
0
0
0
0
0
0
0
0
0
0
0
0
0
0
0
0
0
0
0
0
0
0
0
0
0
0
0
0
0
0
0
0
0
0
0
0
0
0
0
0
0
2
0
0
0
0
0
0
0
0
0
0
0
0
0
0
0
0
0
0
0
0
0
0
0
0
0
0
0
0
0
0
0
0
0
0
0
0
0
0
0
0
0
0
0
0
0
0
0
0
0
0
0
0
0
0
0
0
0
0
0
0
0
0
0
0
0
0
0
0
0
0
0
0
0
0
0
0
2
0
0
0
0
0
0
0
0
0
0
0
0
0
0
0
0
0
0
0
0
0
0
0
0
0
0
0
0
0
0
0
0
0
0
0
0
0
0
0
0
0
0
0
0
0
0
0
0
0
0
0
0
0
0
0
0
0
0
0
0
0
0
0
0
0
0
0
0
0
0
0
0
0
0
0
0
0
0
0
0
0
0
0
0
0
0
0
0
0
0
0
0
0
0
0
0
0
0
0
0
0
0
0
0
0
0
2
0
0
0
0
0
0
0
0
0
0
0
0
0
0
0
0
0
0
0
0
0
0
0
0
0
0
0
0
0
0
0
0
0
0
0
0
0
0
0
0
0
0
0
0
0
0
0
0
0
0
0
0
0
0
0
0
0
0
0
0
0
0
0
0
0
0
0
0
0
0
0
0
0
0
0
0
0
0
0
0
0
0
0
0
0
0
0
0
0
0
0
0
0
0
0
0
0
0
0
0
0
0
0
0
0
0
0
0
2
0
0
0
0
0
0
0
0
0
0
0
0
0
0
0
0
0
0
0
0
0
0
0
0
0
0
0
0
0
0
0
0
0
0
0
0
0
0
0
0
0
0
0
0
0
0
0
0
0
0
0
0
0
0
0
0
0
0
0
0
0
0
2
0
0
0
0
0
0
0
0
0
0
0
0
0
0
0
0
0
0
0
0
0
0
0
0
0
0
0
2
0
0
0
0
0
0
0
0
0
0
0
0
0
0
0
0
0
0
0
0
0
0
0
0
0
0
0
0
0
0
0
0
0
0
0
0
0
0
0
0
0
0
0
0
0
0
0
0
0
0
0
0
0
0
2
0
0
0
0
0
0
0
0
0
0
0
0
0
0
0
0
0
0
0
0
0
0
0
0
0
0
0
0
0
0
0
0
0
0
0
0
0
0
0
0
0
0
0
0
0
2
0
0
0
0
0
0
0
0
0
0
0
0
0
0
0
0
0
0
0
0
0
0
0
0
0
0
0
0
0
0
0
0
0
0
0
0
0
0
0
0
0
0
0
0
0
0
0
0
0
0
0
0
0
0
0
0
0
0
0
0
0
0
0
0
0
0
0
0
0
0
0
0
0
0
0
0
0
0
0
0
0
0
0
0
0
0
0
0
0
0
0
0
0
0
0
0
0
0
0
0
4
0
0
0
0
0
0
0
0
0
0
0
0
0
0
0
0
0
0
0
0
0
0
0
0
0
0
0
0
0
0
0
0
0
0
0
0
0
0
0
0
0
0
0
0
0
0
0
0
0
0
0
0
0
0
0
0
0
0
0
0
0
0
0
0
0
0
0
0
0
0
0
0
0
0
0
0
0
0
0
0
0
0
0
0
0
0
0
2
0
0
0
0
0
0
0
0
0
0
0
0
0
0
0
0
0
0
0
2
0
0
0
0
0
0
0
0
0
0
0
0
0
0
0
0
0
0
0
0
0
0
0
0
0
0
0
0
0
0
0
0
0
0
0
2
0
0
0
0
0
0
0
0
0
0
0
0
0
0
0
0
0
0
0
0
0
0
0
0
0
0
0
0
0
0
0
0
0
0
0
0
0
0
0
0
0
0
0
0
0
0
0
0
0
0
0
0
0
0
0
0
0
0
0
0
0
0
0
0
0
0
0
0
0
0
0
0
2
0
0
0
0
0
0
0
0
0
0
0
0
0
0
0
0
0
0
0
0
0
0
0
0
0
0
0
0
0
0
0
0
0
0
0
0
0
0
0
0
0
0
0
0
0
0
0
0
0
0
0
0
0
0
0
0
0
0
0
0
0
0
0
0
0
0
0
0
0
0
0
0
0
0
0
0
0
0
0
0
0
0
0
0
0
0
0
0
0
0
0
0
2
0
0
0
0
0
0
0
0
0
0
0
0
0
0
0
0
0
0
0
0
0
0
0
0
0
0
0
0
0
0
0
0
0
0
0
0
0
0
0
0
0
0
0
0
0
0
0
0
0
0
0
0
0
0
0
0
0
0
0
0
0
0
0
0
0
0
0
0
0
0
0
0
0
0
0
0
0
0
0
0
0
0
0
0
2
0
0
0
0
0
0
0
0
0
0
0
0
0
0
2
0
0
0
0
0
0
0
0
0
0
0
0
0
0
0
0
0
0
2
0
0
0
0
0
0
0
0
0
2
0
0
0
0
0
0
0
0
0
0
0
0
0
0
0
0
0
0
2
0
0
0
0
0
0
0
0
0
0
0
0
0
0
0
0
0
0
0
0
0
0
0
0
0
0
0
0
0
0
0
0
0
0
0
0
0
0
0
0
0
0
0
0
0
0
0
0
0
0
0
0
0
0
0
0
0
0
0
0
0
0
0
0
0
0
0
0
0
0
0
0
0
0
0
0
0
0
0
0
0
0
0
0
0
0
0
2
0
0
0
0
0
0
0
0
0
0
0
0
0
2
0
0
0
0
0
0
0
0
0
0
0
0
0
0
0
0
0
0
0
0
0
0
0
0
0
0
0
0
0
0
0
0
0
0
0
0
0
0
0
0
0
0
0
0
0
0
0
0
0
0
0
2
0
0
0
0
0
0
0
0
0
0
2
0
0
0
0
0
0
0
0
0
0
0
0
0
0
0
0
2
0
0
0
0
0
0
0
0
0
0
0
0
0
0
0
0
0
0
0
0
0
0
0
2
0
0
0
2
0
0
0
0
0
0
0
0
0
0
0
0
0
0
0
0
0
0
0
0
0
0
0
0
0
0
0
0
0
0
0
0
0
0
0
0
0
0
0
0
0
0
0
0
0
0
0
0
0
0
0
0
0
0
0
0
0
0
2
0
0
0
0
0
0
0
0
2
0
0
0
0
0
0
0
0
0
0
0
0
0
0
0
0
0
0
0
0
0
0
0
0
0
0
0
0
0
0
0
0
0
2
0
0
0
0
0
0
0
0
0
0
0
0
2
0
2
0
0
0
0
0
2
0
0
0
0
0
0
0
0
2
0
0
0
4
0
0
2
0
0
0
4
0
0
0
0
0
0
0
0
0
2
0
0
0
0
0
0
0
0
0
2
0
0
0
0
0
2
0
0
4
0
0
0
0
0
0
0
0
0
0
0
2
0
0
2
0
0
0
0
0
0
0
0
0
0
0
0
0
0
4
0
0
0
0
0
0
0
0
2
2
0
0
0
0
0
2
0
0
0
0
0
0
0
0
0
0
0
0
0
2
0
0
0
0
0
2
0
0
0
0
0
0
0
2
0
0
0
0
0
0
0
0
0
0
0
0
0
0
0
0
0
0
0
0
0
0
0
0
0
0
0
0
0
0
0
0
0
