1		56.1087		6.17239		47.2888		26.4282		21.1468		4.91586e-06		48.377		21.5472		15.3748		25.7416
2		56.3414		6.20014		47.5275		26.5346		21.2142		1.58834e-06		51.193		21.651		15.4508		25.8765
3		55.8934		6.12422		47.1467		26.3207		21.0329		3.53897e-06		50.9477		21.502		15.3778		25.6447
4		55.6752		6.09698		46.8679		26.1669		20.9694		1.41204e-06		46.8001		21.3025		15.2055		25.5654
5		55.318		6.02167		46.5704		25.9635		20.8752		3.75589e-07		45.4743		21.0864		15.0647		25.484
6		57.0148		6.27041		48.0955		26.8568		21.4577		9.19124e-07		53.473		21.9466		15.6762		26.149
7		56.7032		6.24053		47.872		26.7395		21.3545		3.52083e-06		52.4086		21.8484		15.6079		26.0236
8		59.0014		6.69969		49.8695		27.9989		22.0643		7.50367e-06		70.2938		23.0461		16.3464		26.8235
9		56.5295		6.22262		47.649		26.5811		21.2946		8.66494e-08		50.0178		21.6133		15.3907		26.0356
10		56.5811		6.25159		47.7358		26.6776		21.2487		7.14183e-07		54.6426		21.8373		15.5858		25.8984
11		55.72		6.08686		46.9781		26.1774		20.9735		2.34856e-05		48.7613		21.2994		15.2126		25.6787
12		56.8464		6.30139		48.0343		26.8314		21.3267		1.21901e-07		55.1927		21.9848		15.6834		26.0495
13		54.856		5.95048		46.181		25.7497		20.7007		1.28144e-06		42.6583		20.9134		14.9629		25.2676
14		56.1774		6.16252		47.3627		26.445		21.1588		8.20294e-08		50.115		21.5989		15.4364		25.7638
15		56.0127		6.14407		47.1824		26.3335		21.0991		2.54654e-05		48.692		21.4406		15.2965		25.7418
16		54.7671		5.91949		46.093		25.6869		20.6913		1.84285e-08		42.5077		20.8432		14.9237		25.2498
17		56.5053		6.1977		47.6606		26.5919		21.2624		1.87281e-11		51.1997		21.6888		15.4911		25.9718
18		56.656		6.22509		47.7381		26.6569		21.3259		8.18881e-06		51.5355		21.7447		15.5196		25.9934
19		57.1173		6.36325		48.2473		26.9941		21.4522		1.48736e-05		55.8271		22.1294		15.7662		26.1179
20		56.0037		6.12755		47.2226		26.352		21.0932		3.94433e-07		50.6417		21.4961		15.3685		25.7265
21		54.2171		5.8365		45.5114		25.3864		20.5269		1.00144e-05		40.552		20.5367		14.7003		24.9746
22		54.8049		5.90491		46.1275		25.6812		20.7428		6.97565e-07		41.2129		20.7775		14.8726		25.3499
23		55.531		6.05187		46.7923		26.0933		20.9435		4.29162e-07		46.8412		21.231		15.1791		25.5613
24		55.1299		6.00642		46.4176		25.8843		20.7986		1.69714e-05		45.3637		21.0173		15.0109		25.4002
25		56.0191		6.16684		47.2496		26.3863		21.1083		4.3379e-07		49.2815		21.5309		15.364		25.7187
26		58.1543		6.5478		49.1643		27.5611		21.7838		1.05677e-05		66.5562		22.6756		16.1278		26.4886
27		55.7639		6.07701		46.9503		26.1948		21.0111		3.55061e-07		46.7581		21.3396		15.2626		25.6107
28		55.9085		6.12696		47.1246		26.3046		21.0673		1.05685e-08		47.0738		21.444		15.317		25.6807
29		58.9207		6.68183		49.7633		27.9468		22.0013		4.9014e-07		72.3482		23.0378		16.356		26.7254
30		56.0944		6.17937		47.3112		26.4382		21.142		3.35341e-08		50.0745		21.5878		15.4084		25.7234
31		55.359		6.02243		46.6273		25.9999		20.9169		1.43925e-06		44.5327		21.1138		15.0914		25.5135
32		55.125		6.02561		46.4452		25.9189		20.8213		1.95285e-07		45.692		21.0749		15.0493		25.3703
33		56.988		6.27307		48.1067		26.8566		21.4467		7.78862e-06		53.1874		21.9635		15.6904		26.1433
34		54.995		6.00312		46.3246		25.8306		20.7239		3.18157e-05		46.8644		21.011		15.0079		25.3136
35		56.2697		6.16188		47.4095		26.4484		21.1762		2.21488e-06		49.4121		21.5652		15.4033		25.8444
36		57.8989		6.53187		48.953		27.4828		21.688		3.55355e-07		67.5746		22.6684		16.1366		26.2845
37		55.2622		5.99274		46.5425		25.9502		20.8626		2.77481e-06		44.3129		21.0908		15.0981		25.4517
38		54.6231		5.87397		45.9465		25.5978		20.7171		2.37496e-06		41.5128		20.6802		14.8062		25.2663
39		57.3478		6.39703		48.4966		27.1501		21.5351		3.04234e-10		63.3343		22.2765		15.8795		26.2201
40		55.4278		6.02392		46.6836		26.0391		20.9043		1.70553e-09		45.3339		21.1796		15.1557		25.504
41		57.8009		6.43855		48.8438		27.3318		21.6927		6.45618e-08		61.0893		22.4233		15.9848		26.4205
42		57.5426		6.40427		48.6528		27.2337		21.5962		1.08925e-05		62.0689		22.3864		15.9821		26.2664
43		57.3603		6.32718		48.4447		27.0545		21.5347		1.21704e-05		55.4491		22.1481		15.8209		26.2966
44		56.8679		6.29258		48.0389		26.8475		21.4065		5.54654e-07		53.7999		21.9554		15.6629		26.0835
45		57.5151		6.46968		48.6464		27.2479		21.5881		3.41762e-06		62.3324		22.3721		15.9024		26.2743
46		58.9603		6.65622		49.8734		27.9532		22.0171		1.08918e-07		72.6145		23.0277		16.3715		26.8457
47		57.4659		6.39493		48.5819		27.2058		21.6158		1.07734e-06		62.7245		22.3319		15.9369		26.25
48		58.3462		6.57506		49.3426		27.6632		21.8022		4.79203e-07		70.5857		22.8014		16.2263		26.5412
49		54.5272		5.83248		45.813		25.5168		20.6749		2.45364e-09		40.0291		20.5994		14.7669		25.2136
50		55.7707		6.10776		46.9458		26.2125		20.9939		2.27261e-06		48.7997		21.3485		15.2408		25.5973
51		58.5033		6.58051		49.4813		27.7437		21.888		2.63269e-06		69.2165		22.8564		16.2759		26.6249
52		54.378		5.87666		45.7018		25.5182		20.6054		9.22885e-07		41.6237		20.6738		14.7971		25.028
53		58.4975		6.55935		49.4469		27.6992		21.9005		8.05162e-08		68.37		22.7634		16.204		26.6835
54		57.4541		6.37592		48.5178		27.1206		21.5875		1.67268e-05		55.5029		22.2094		15.8335		26.3084
55		53.6668		5.73827		45.0896		25.1181		20.3914		4.64231e-07		37.5354		20.2684		14.5301		24.8212
56		58.0619		6.43417		48.9992		27.3922		21.7885		1.00371e-07		57.2277		22.4586		16.0245		26.5406
57		55.7262		6.10861		46.9157		26.189		21.0086		1.44899e-06		46.4723		21.3208		15.2122		25.5949
58		57.3013		6.33367		48.4085		27.0666		21.5664		5.89249e-07		57.9159		22.1805		15.8468		26.228
59		56.9993		6.34262		48.1096		26.9035		21.401		8.6095e-06		57.5081		22.0292		15.6866		26.0805
60		53.9504		5.76189		45.3808		25.2554		20.4652		2.94835e-06		39.4607		20.3863		14.6244		24.9945
61		57.5688		6.42034		48.6863		27.2242		21.5892		5.98974e-06		60.4294		22.3602		15.9398		26.3261
62		55.3436		6.0126		46.6253		25.9922		20.8673		2.44851e-06		46.4911		21.1362		15.1236		25.4891
63		55.5901		6.05188		46.8414		26.115		20.9712		7.14999e-07		49.105		21.253		15.2012		25.5884
64		56.8041		6.28601		47.9579		26.8111		21.3464		2.66671e-06		54.6153		21.9568		15.6708		26.0012
65		57.1575		6.36194		48.287		26.9899		21.4528		3.85042e-05		57.8951		22.108		15.7461		26.179
66		57.3407		6.38539		48.4572		27.0915		21.5618		8.58851e-07		58.0416		22.1636		15.7782		26.2936
67		56.5914		6.24667		47.7336		26.6584		21.2881		2.15129e-05		50.9865		21.7675		15.5208		25.9661
68		55.5373		6.08096		46.8317		26.0933		20.9113		2.2732e-06		47.668		21.2572		15.1762		25.5745
69		55.987		6.15283		47.2116		26.337		21.0788		2.52874e-06		47.2243		21.466		15.3131		25.7456
70		55.9753		6.12805		47.1661		26.3207		21.0953		4.12245e-06		49.2587		21.4219		15.2939		25.7442
71		57.1243		6.32903		48.2884		26.9797		21.4838		2.35822e-08		57.3803		22.082		15.753		26.2064
72		59.0513		6.72354		49.9483		28.0871		22.0508		3.98668e-05		79.4789		23.2145		16.491		26.7338
73		55.3119		6.00736		46.5647		25.9689		20.8995		8.68426e-06		44.6885		21.0584		15.051		25.5063
74		57.1434		6.36925		48.294		27.0022		21.4731		2.03043e-06		55.8473		22.1114		15.7421		26.1826
75		55.8046		6.0768		46.9805		26.2109		21.0304		1.00053e-05		47.6503		21.3569		15.2801		25.6235
76		56.3051		6.17197		47.4929		26.5071		21.2181		2.90664e-11		51.0392		21.6262		15.4543		25.8667
77		57.4402		6.40297		48.5896		27.1688		21.5398		2.03051e-05		62.3981		22.3068		15.9038		26.2828
78		54.5012		5.86772		45.8506		25.5467		20.625		1.88816e-07		42.0865		20.6847		14.817		25.1659
79		56.685		6.2424		47.8952		26.7127		21.3004		2.44151e-06		53.6232		21.8387		15.5963		26.0565
80		54.2854		5.78793		45.6278		25.3946		20.6102		1.4331e-06		38.5137		20.4823		14.6944		25.1455
81		54.9717		5.95214		46.2734		25.7821		20.7471		1.66001e-08		44.3237		20.9249		14.9728		25.3485
82		55.2057		5.97746		46.4276		25.8826		20.8439		5.87739e-07		43.8391		20.9862		15.0087		25.4414
83		58.1165		6.58637		49.1713		27.583		21.7427		3.69885e-07		69.6806		22.7284		16.142		26.4429
84		56.3463		6.13221		47.4378		26.4421		21.2166		2.02434e-07		48.8327		21.5199		15.3876		25.918
85		56.8977		6.3046		48.0718		26.8512		21.3889		6.65017e-06		57.3223		21.9805		15.6759		26.0913
86		56.7637		6.23317		47.9046		26.7325		21.3485		3.13805e-08		52.6748		21.8567		15.6236		26.0479
87		56.513		6.21171		47.6742		26.6175		21.2608		1.46742e-06		51.5248		21.7493		15.5376		25.9249
88		56.2841		6.19889		47.4952		26.526		21.1844		1.13829e-07		51.2926		21.6683		15.4694		25.8268
89		58.0593		6.49172		49.0919		27.4742		21.7857		8.80769e-07		63.1093		22.5492		16.0575		26.5427
90		56.3033		6.20223		47.4917		26.5404		21.1874		2.24183e-05		50.8711		21.7014		15.4992		25.7903
91		57.0584		6.27587		48.133		26.8929		21.4647		1.84179e-06		54.7464		21.9832		15.7074		26.1497
92		57.0166		6.32576		48.076		26.8707		21.4111		1.15864e-05		54.4356		21.9753		15.6495		26.1006
93		54.1248		5.86514		45.5578		25.3875		20.4403		2.93156e-06		42.6013		20.5832		14.7181		24.9746
94		56.4393		6.21751		47.6427		26.593		21.2234		8.03578e-06		51.9675		21.7268		15.5093		25.9159
95		56.6159		6.21626		47.7167		26.6394		21.3057		2.97247e-06		50.6784		21.7248		15.5085		25.9919
96		56.2424		6.17771		47.4807		26.4899		21.1654		9.67043e-07		50.8251		21.6219		15.4442		25.8588
97		55.8838		6.15214		47.1815		26.3241		21.0144		1.00631e-06		50.4856		21.491		15.3389		25.6905
98		55.915		6.11322		47.1717		26.287		21.057		2.3998e-08		51.0692		21.4248		15.3115		25.7469
99		56.4826		6.24291		47.6949		26.6537		21.2407		2.65247e-06		54.6678		21.8117		15.5688		25.8832
100		57.1928		6.34991		48.3119		26.9935		21.4603		1.50541e-05		55.1661		22.0936		15.7437		26.2183
101		54.5871		5.86696		45.9044		25.5939		20.6547		6.63514e-06		42.6008		20.7582		14.8912		25.1462
102		56.4602		6.25614		47.6776		26.6367		21.2231		1.16573e-06		54.011		21.7827		15.5266		25.8949
103		56.368		6.24716		47.6205		26.5985		21.2206		9.64443e-07		52.9684		21.7314		15.4842		25.8891
104		57.5867		6.41218		48.6822		27.2537		21.6105		2.3402e-06		60.6665		22.4165		16.0043		26.2657
105		57.3486		6.38217		48.4986		27.1231		21.5103		2.63454e-06		60.2719		22.2723		15.8901		26.2263
106		56.1558		6.17428		47.34		26.4261		21.1273		5.57755e-07		48.2819		21.5575		15.3832		25.7825
107		55.8349		6.08308		47.0297		26.231		21.0571		2.37423e-10		48.3461		21.3297		15.2466		25.7
108		55.7291		6.05715		46.9232		26.1804		21.044		2.0188e-05		45.8448		21.3018		15.2447		25.6214
109		55.8191		6.06981		47.073		26.2164		21.0264		5.7947e-08		47.0313		21.3108		15.241		25.7622
110		55.552		6.05874		46.814		26.1053		20.9291		3.07894e-07		47.0443		21.2498		15.1911		25.5642
111		56.7166		6.28839		47.8852		26.7558		21.3015		2.90689e-06		56.6871		21.8995		15.6111		25.9857
112		55.359		6.03642		46.6215		25.9971		20.858		6.63382e-06		45.3108		21.1417		15.1052		25.4798
113		55.894		6.10986		47.0868		26.259		21.0588		1.8984e-08		48.3672		21.3601		15.2502		25.7268
114		58.0207		6.4683		49.0469		27.4711		21.7804		3.33111e-06		63.9481		22.5677		16.0994		26.4792
115		55.9044		6.12815		47.1383		26.2886		21.0526		2.38391e-06		47.8489		21.426		15.2979		25.7122
116		58.6722		6.65613		49.6399		27.8571		21.941		1.97003e-06		72.035		22.9499		16.2938		26.69
117		56.0317		6.13704		47.2194		26.3539		21.0822		1.07445e-07		48.4312		21.5145		15.3775		25.7049
118		55.3678		5.96242		46.5684		25.9379		20.9055		1.735e-09		44.4751		21.0397		15.0773		25.5286
119		56.4269		6.16301		47.5906		26.5176		21.2144		2.08591e-07		49.9778		21.6166		15.4536		25.974
120		56.0178		6.10184		47.2056		26.3239		21.1147		1.70888e-06		49.936		21.4338		15.332		25.7717
121		55.1941		6.00096		46.5011		25.9303		20.835		1.21432e-05		47.2742		21.0902		15.0892		25.4109
122		55.327		5.97515		46.5168		25.9316		20.891		4.95536e-08		42.6804		21.0194		15.0443		25.4974
123		55.3169		5.98973		46.5567		25.9517		20.9022		1.03667e-05		45.452		21.0651		15.0754		25.4916
124		56.255		6.18053		47.4608		26.482		21.1485		1.26632e-05		51.3565		21.6344		15.4538		25.8264
125		57.7537		6.53847		48.836		27.4192		21.6286		1.16036e-05		65.2883		22.6063		16.0679		26.2297
126		58.4049		6.62889		49.3643		27.7542		21.8818		6.2155e-08		70.3904		22.8947		16.2658		26.4696
127		56.0936		6.15837		47.2768		26.4035		21.1138		1.18487e-06		49.3977		21.5534		15.395		25.7234
128		56.1076		6.18003		47.2979		26.4236		21.1299		1.46131e-08		49.8161		21.5537		15.3736		25.7442
129		54.7311		5.9021		46.0043		25.6397		20.7131		4.99345e-06		42.1801		20.762		14.8599		25.2424
130		55.8125		6.05508		46.9645		26.1821		21.0608		5.02319e-08		45.5563		21.2565		15.2014		25.708
131		56.4574		6.20884		47.6423		26.599		21.2549		7.02887e-06		50.3825		21.7114		15.5026		25.9309
132		56.2322		6.11307		47.401		26.4422		21.2163		1.1318e-05		48.4323		21.5714		15.4584		25.8296
133		58.266		6.50889		49.3151		27.6153		21.8905		2.26632e-07		65.1779		22.6912		16.1823		26.6239
134		54.8391		5.91481		46.103		25.6915		20.7435		1.56996e-05		42.2569		20.7869		14.8721		25.3161
135		54.5394		5.89509		45.8973		25.5696		20.5943		5.36339e-06		41.7685		20.7475		14.8524		25.1498
136		55.9291		6.07497		47.0661		26.2301		21.0555		4.75486e-06		47.6027		21.3126		15.2377		25.7534
137		54.5014		5.87386		45.7663		25.5245		20.6123		1.98748e-05		41.6605		20.6562		14.7824		25.1101
138		56.3596		6.15261		47.4904		26.4721		21.2285		4.02073e-06		48.6794		21.523		15.3704		25.9674
139		56.0687		6.11472		47.2401		26.3617		21.1577		2.077e-07		48.5718		21.4802		15.3655		25.7599
140		55.6812		6.03443		46.8618		26.1314		21.0357		3.39781e-08		45.1092		21.1988		15.1643		25.6631
141		55.5953		6.10422		46.871		26.1406		20.9171		4.72482e-06		49.5739		21.3167		15.2125		25.5543
142		55.7601		6.04042		46.9742		26.1897		21.021		1.16049e-05		46.7771		21.338		15.2976		25.6361
143		56.8485		6.2599		47.946		26.7997		21.42		1.04868e-07		52.8035		21.8884		15.6285		26.0576
144		58.5853		6.59708		49.5063		27.7762		21.9279		4.66258e-08		71.0098		22.8575		16.2604		26.6488
145		56.9825		6.29457		48.0948		26.8632		21.4388		4.28357e-09		54.3541		21.9663		15.6717		26.1285
146		56.7227		6.26567		47.8363		26.7193		21.3376		4.6428e-07		52.8325		21.8336		15.568		26.0027
147		55.5667		6.06054		46.8207		26.1338		20.9549		1.27581e-07		47.8618		21.2773		15.2168		25.5434
148		56.8766		6.28988		47.9991		26.8074		21.3691		1.87536e-06		56.1647		21.9124		15.6225		26.0867
149		56.3766		6.17773		47.4936		26.5013		21.2495		7.00442e-09		47.5355		21.591		15.4132		25.9026
150		57.356		6.37775		48.4387		27.1119		21.5627		6.61006e-08		56.0054		22.2171		15.8394		26.2216
151		57.7863		6.4513		48.8526		27.3434		21.6867		1.88025e-06		60.3871		22.4393		15.988		26.4134
152		56.2799		6.18417		47.4635		26.4941		21.2067		1.77421e-08		51.4962		21.6128		15.4287		25.8507
153		56.1786		6.13737		47.3994		26.4593		21.1816		3.39075e-08		50.0698		21.591		15.4537		25.8083
154		59.0366		6.72831		50.0147		28.0923		22.0688		1.36072e-06		80.5005		23.2256		16.4973		26.789
155		55.4696		6.00322		46.6569		26.0047		20.9527		2.14588e-05		43.1252		21.076		15.0727		25.5809
156		56.584		6.23999		47.7304		26.657		21.267		6.85426e-06		54.2026		21.7922		15.5522		25.9382
157		55.7671		6.08056		46.9504		26.1778		21.0278		2.03845e-06		45.4218		21.2742		15.1937		25.6762
158		57.3407		6.45516		48.4458		27.1617		21.4395		8.9836e-07		66.5629		22.359		15.9038		26.0869
159		56.7342		6.23007		47.859		26.7099		21.3409		1.14606e-05		53.7012		21.8017		15.5717		26.0572
160		59.6496		6.79916		50.5139		28.3588		22.2277		2.32708e-10		87.8354		23.4555		16.6564		27.0583
161		55.8777		6.10055		47.0627		26.2328		21.053		1.38734e-07		47.8582		21.3565		15.2559		25.7063
162		55.6392		6.11862		46.8973		26.1764		20.9581		1.45593e-06		48.07		21.3267		15.2081		25.5705
163		57.2164		6.37559		48.3896		27.0602		21.4982		6.13593e-06		59.2886		22.1701		15.7946		26.2194
164		55.9021		6.10841		47.1276		26.2779		21.0564		9.73048e-07		48.173		21.4018		15.2934		25.7257
165		56.562		6.14981		47.6415		26.5841		21.3421		1.21396e-05		50.2673		21.6603		15.5105		25.9812
166		56.4907		6.27565		47.7056		26.6708		21.2232		2.10021e-06		56.7131		21.8337		15.558		25.872
167		57.3232		6.37381		48.436		27.0931		21.5262		1.26284e-07		57.0247		22.2092		15.8354		26.2268
168		56.932		6.32262		48.0675		26.8859		21.3673		4.63763e-07		57.1901		22.0369		15.7143		26.0306
169		55.8962		6.11673		47.0774		26.2678		21.0631		1.05709e-06		46.8797		21.4053		15.2885		25.6722
170		57.5182		6.44951		48.674		27.2532		21.6014		3.50108e-06		62.1154		22.3838		15.9343		26.2902
171		56.1896		6.25215		47.4148		26.541		21.1319		3.31956e-07		53.6394		21.733		15.4809		25.6817
172		57.7926		6.40897		48.8205		27.2729		21.6947		1.23477e-08		58.8932		22.3269		15.9179		26.4937
173		55.9238		6.1812		47.1817		26.3686		21.0276		3.11708e-06		52.1984		21.5631		15.3819		25.6186
174		57.2998		6.4173		48.4491		27.104		21.4961		1.83951e-06		62.9356		22.2518		15.8345		26.1972
175		57.9934		6.54594		49.0479		27.5133		21.698		8.28664e-07		66.1171		22.6606		16.1146		26.3873
176		55.9601		6.06223		47.1325		26.2551		21.1339		7.55882e-06		45.9583		21.3294		15.2672		25.8031
177		54.079		5.74804		45.4022		25.2693		20.5346		1.6708e-07		37.6332		20.3706		14.6225		25.0317
178		56.5993		6.28207		47.818		26.7351		21.2744		2.63174e-06		52.9411		21.8996		15.6175		25.9184
179		55.7511		6.03541		46.8981		26.1518		21.0536		1.55325e-05		46.4124		21.2425		15.2071		25.6555
180		60.4377		6.98434		51.2311		28.8276		22.4591		1.20367e-05		255.987		23.942		16.9577		27.2891
181		55.4979		6.10297		46.7855		26.1409		20.9318		1.978e-05		49.4277		21.3238		15.2209		25.4616
182		55.5288		6.0549		46.7627		26.0969		20.9405		1.18712e-05		46.9163		21.2641		15.2092		25.4986
183		55.2761		5.97301		46.5022		25.9123		20.8786		1.52871e-10		46.5941		21.0298		15.0568		25.4724
184		55.7196		6.09423		46.9209		26.1928		20.9746		1.87543e-06		48.2251		21.3448		15.2506		25.5761
185		55.9848		6.10498		47.1841		26.3085		21.1217		6.53372e-08		47.7713		21.4165		15.3115		25.7677
186		55.9581		6.12239		47.1476		26.3111		21.0854		2.49678e-09		48.2805		21.4493		15.3269		25.6983
187		55.5516		6.02331		46.8005		26.0859		20.9708		1.44784e-06		46.1439		21.1965		15.1732		25.6039
188		57.593		6.40493		48.6242		27.2302		21.6432		2.68563e-11		59.6895		22.3189		15.914		26.3052
189		56.1078		6.15507		47.2996		26.4044		21.1229		1.62084e-09		49.2872		21.5435		15.3884		25.7561
190		56.3948		6.25242		47.6534		26.6367		21.1826		1.6715e-06		55.7901		21.8271		15.5747		25.8263
191		59.3034		6.76016		50.2059		28.2056		22.1217		1.44299e-08		81.986		23.3265		16.5664		26.8794
192		54.9535		5.93078		46.2826		25.7903		20.7889		1.69838e-07		44.8807		20.8992		14.9684		25.3834
193		58.1986		6.4813		49.1636		27.5385		21.8318		4.8896e-06		62.6176		22.6344		16.1531		26.5292
194		55.4628		6.01543		46.6865		26.0061		20.905		4.08994e-06		45.3153		21.0952		15.0798		25.5912
195		54.8545		5.90713		46.1616		25.7291		20.7873		5.00458e-06		41.9293		20.8251		14.918		25.3365
196		55.2581		5.9945		46.4657		25.9265		20.8562		8.11238e-06		45.3687		21.0808		15.0863		25.3849
197		56.4391		6.1952		47.5958		26.5697		21.2585		3.21476e-06		52.3038		21.6757		15.4805		25.9201
198		58.2791		6.563		49.2896		27.6287		21.828		2.14807e-07		67.0503		22.7646		16.2016		26.525
199		54.8406		5.92769		46.1385		25.708		20.7071		8.28448e-11		42.8665		20.8437		14.916		25.2949
200		55.1861		5.93077		46.4499		25.8509		20.8632		3.04276e-08		42.4839		20.9686		15.0378		25.4813
201		55.5826		5.99595		46.7582		26.0379		21.0069		1.45848e-05		43.3209		21.1045		15.1085		25.6537
202		58.0001		6.48768		49.022		27.4815		21.7577		4.24299e-07		62.9123		22.6221		16.1345		26.3999
203		54.5515		5.92437		45.8795		25.5813		20.585		5.84824e-06		44.415		20.7269		14.8025		25.1526
204		53.0692		5.63456		44.5653		24.7787		20.164		1.20439e-07		36.3686		19.9582		14.3236		24.6071
205		57.0592		6.35092		48.1897		26.9634		21.4329		6.80944e-06		57.4062		22.0985		15.7476		26.0912
206		54.4745		5.87059		45.7865		25.5433		20.6078		5.48141e-06		42.1977		20.7125		14.8419		25.074
207		55.2894		5.96554		46.5289		25.9167		20.89		4.45699e-06		43.1956		21.0109		15.0454		25.518
208		55.6226		6.02426		46.8851		26.1055		20.9932		3.48983e-06		46.2531		21.199		15.1747		25.6861
209		57.6584		6.40696		48.6569		27.2225		21.6415		3.32183e-07		58.5964		22.3144		15.9075		26.3425
210		56.0454		6.10684		47.2507		26.3345		21.1348		5.21283e-06		46.8368		21.4125		15.3056		25.8383
211		56.5115		6.28553		47.7292		26.6849		21.2625		3.92416e-06		53.4366		21.8193		15.5338		25.9098
212		55.8674		6.11151		47.0814		26.2618		21.0602		1.1657e-06		47.9442		21.3787		15.2672		25.7027
213		57.4647		6.3886		48.5685		27.1764		21.5923		2.77426e-05		58.2958		22.3077		15.9191		26.2609
214		54.1268		5.81035		45.4857		25.3537		20.545		7.07675e-08		39.1113		20.5007		14.6903		24.985
215		56.2636		6.2183		47.4609		26.5206		21.1582		5.17631e-07		53.1648		21.6779		15.4596		25.783
216		56.3574		6.24252		47.5849		26.6197		21.2123		9.18586e-06		53.2466		21.8		15.5575		25.7849
217		56.7928		6.22207		47.8962		26.7216		21.3775		1.215e-06		52.485		21.8023		15.5802		26.0939
218		55.6406		6.05459		46.8528		26.1295		21.0001		3.11664e-05		46.7957		21.2311		15.1765		25.6217
219		55.7259		6.03334		46.885		26.1438		21.0592		8.59827e-06		45.2454		21.2105		15.1771		25.6745
220		52.4663		5.55753		44.049		24.4649		19.9447		6.06982e-08		35.3413		19.6881		14.1306		24.3609
221		55.6635		6.0659		46.9028		26.1533		21.0078		8.28777e-06		47.0942		21.2861		15.2202		25.6167
222		55.4882		6.04353		46.7666		26.0876		20.9313		1.29914e-06		47.8148		21.2416		15.1981		25.525
223		56.4864		6.24306		47.683		26.6433		21.2649		1.02028e-06		54.0257		21.7688		15.5258		25.9141
224		56.4974		6.23735		47.6523		26.6252		21.2419		2.25632e-06		52.7532		21.7765		15.5391		25.8758
225		55.4709		6.05029		46.6956		26.0671		20.9321		3.48295e-05		46.489		21.1936		15.1433		25.502
226		55.4709		6.05029		46.6956		26.0671		20.9321		3.48295e-05		46.489		21.1936		15.1433		25.502
227		55.4709		6.05029		46.6956		26.0671		20.9321		3.48295e-05		46.489		21.1936		15.1433		25.502
228		55.4709		6.05029		46.6956		26.0671		20.9321		3.48295e-05		46.489		21.1936		15.1433		25.502
229		55.4709		6.05029		46.6956		26.0671		20.9321		3.48295e-05		46.489		21.1936		15.1433		25.502
230		55.4709		6.05029		46.6956		26.0671		20.9321		3.48295e-05		46.489		21.1936		15.1433		25.502
231		55.4709		6.05029		46.6956		26.0671		20.9321		3.48295e-05		46.489		21.1936		15.1433		25.502
232		55.4709		6.05029		46.6956		26.0671		20.9321		3.48295e-05		46.489		21.1936		15.1433		25.502
234		54.5461		5.83995		45.8575		25.5633		20.6872		4.04191e-08		40.4873		20.7026		14.8627		25.1549
235		56.469		6.21199		47.6296		26.6		21.2393		9.37946e-06		52.7344		21.7283		15.5164		25.9013
236		55.9953		6.12173		47.1749		26.3144		21.0806		2.14476e-06		48.511		21.4255		15.3037		25.7495
237		55		5.95102		46.2492		25.786		20.8047		6.56147e-06		43.4415		20.8875		14.9365		25.3617
238		56.3755		6.16835		47.5542		26.5187		21.2342		3.8966e-06		50.3787		21.6154		15.447		25.9388
239		56.741		6.2741		47.8514		26.7473		21.3343		3.8935e-06		54.4404		21.8684		15.5943		25.983
240		55.8453		6.0845		47.0469		26.2357		21.0571		5.54525e-08		46.9436		21.3297		15.2452		25.7172
241		58.0362		6.50418		49.073		27.4757		21.7288		1.58219e-05		65.0321		22.6058		16.1016		26.4671
242		55.8399		6.06176		47.0186		26.2271		21.0921		8.24051e-10		46.3127		21.3121		15.2503		25.7065
243		55.0659		6.02657		46.3542		25.8909		20.7801		3.54948e-06		45.9301		21.0745		15.0479		25.2797
244		56.4407		6.18439		47.5901		26.5618		21.2219		1.69422e-05		51.3228		21.7006		15.5163		25.8895
245		54.6228		5.87035		45.8461		25.5654		20.6892		8.83577e-08		40.5178		20.6653		14.7949		25.1809
246		57.7222		6.48387		48.7693		27.3615		21.6453		3.33024e-05		63.2319		22.5464		16.0625		26.2229
247		57.6122		6.38447		48.6413		27.1673		21.6295		1.17514e-09		56.5726		22.2202		15.8357		26.4212
248		55.3017		5.95072		46.497		25.8999		20.9116		5.09736e-06		43.3123		21.0001		15.0494		25.4968
249		56.8303		6.27784		48.0009		26.8155		21.3477		6.27657e-06		56.1686		21.9729		15.6951		26.028
250		56.6794		6.25083		47.8121		26.696		21.2718		1.35016e-05		55.3179		21.8261		15.5753		25.986
251		57.0924		6.33444		48.1977		26.9473		21.4742		3.03371e-06		57.352		22.0576		15.7232		26.1401
252		56.0516		6.17915		47.3406		26.4508		21.09		1.71473e-06		52.3257		21.6513		15.4722		25.6893
254		53.7192		5.76416		45.0928		25.1401		20.3631		1.43989e-07		38.7395		20.312		14.5478		24.7808
255		55.8287		6.12085		46.9945		26.2159		21.0274		3.69413e-08		48.0567		21.3222		15.2014		25.6722
256		55.527		6.0102		46.6954		26.0222		20.9726		1.43207e-05		45.6928		21.0961		15.0859		25.5994
257		54.5129		5.84964		45.7746		25.5137		20.6452		5.12092e-07		41.4551		20.6262		14.7765		25.1485
258		55.913		6.09383		47.1176		26.2791		21.0876		8.40761e-06		48.4928		21.3955		15.3017		25.7221
259		55.9438		6.08964		47.0655		26.2493		21.097		9.3719e-08		46.4322		21.3504		15.2607		25.7151
260		55.3795		5.97701		46.6084		25.9701		20.8918		6.21041e-07		45.1679		21.0898		15.1128		25.5186
261		54.8959		5.96519		46.2392		25.7612		20.7414		7.17994e-07		43.8764		20.8789		14.9137		25.3603
262		56.6287		6.24057		47.758		26.6653		21.2951		5.80264e-06		52.6254		21.7799		15.5394		25.9781
263		55.3811		6.05085		46.6784		26.0527		20.8972		3.15925e-06		47.4289		21.2077		15.1569		25.4707
264		56.6598		6.29715		47.8886		26.7654		21.2734		2.33372e-10		55.0642		21.9621		15.6649		25.9266
265		54.1185		5.81362		45.5121		25.3525		20.5337		1.09371e-06		39.6115		20.4697		14.6561		25.0424
266		55.9677		6.17906		47.2476		26.3895		21.0443		1.57689e-06		51.3615		21.5707		15.3917		25.6769
267		56.0392		6.12071		47.2523		26.3444		21.1387		3.82454e-07		46.1864		21.4214		15.3007		25.831
268		57.1993		6.38498		48.3653		27.0988		21.4956		1.24605e-07		62.9319		22.2679		15.8829		26.0974
269		55.3009		6.02045		46.5634		25.9721		20.8565		1.40879e-09		45.6329		21.1121		15.0916		25.4513
270		57.3309		6.3652		48.4579		27.0843		21.5273		1.02157e-05		58.5565		22.1934		15.8282		26.2645
271		56.8636		6.2861		47.973		26.8139		21.3547		8.84681e-08		54.7367		21.9542		15.6681		26.0188
272		53.539		5.68657		44.9497		24.9854		20.334		3.50605e-06		36.8012		20.1285		14.4419		24.8212
273		56.1074		6.1437		47.2986		26.3925		21.1445		5.06495e-07		47.5283		21.505		15.3613		25.7936
274		56.1917		6.16662		47.3917		26.4408		21.1585		2.12181e-06		49.2892		21.5607		15.394		25.831
275		57.0938		6.37951		48.2455		27.0032		21.4412		4.56551e-06		59.4525		22.1387		15.7592		26.1068
276		58.4779		6.67142		49.4397		27.7912		21.8958		3.83253e-06		70.8372		22.9033		16.2319		26.5363
277		56.2083		6.166		47.4192		26.4629		21.1203		6.8192e-08		50.3076		21.6269		15.4609		25.7924
278		57.085		6.32966		48.2352		26.959		21.4656		1.12028e-07		56.2383		22.0598		15.7301		26.1754
279		56.1022		6.12224		47.251		26.3502		21.1627		2.60259e-06		48.0573		21.4314		15.3092		25.8196
280		54.1754		5.73308		45.4969		25.2887		20.5441		5.8715e-07		37.6686		20.377		14.6439		25.12
281		57.7019		6.48912		48.8255		27.334		21.6296		1.21684e-07		65.3091		22.4555		15.9663		26.37
282		54.8505		5.96618		46.1454		25.7488		20.711		8.61479e-06		44.3906		20.9026		14.9364		25.2428
283		55.9057		6.10529		47.0675		26.2619		21.0808		7.4954e-06		47.3884		21.379		15.2737		25.6885
284		53.7251		5.7279		45.1631		25.1323		20.4143		6.84608e-07		38.3211		20.2584		14.5305		24.9047
285		58.3283		6.59676		49.3106		27.6911		21.8006		1.00229e-08		72.2955		22.8313		16.2346		26.4793
286		57.0872		6.29685		48.1419		26.8926		21.4537		9.23807e-07		53.5914		21.9932		15.6964		26.1487
287		56.2809		6.16499		47.4309		26.453		21.1809		2.07936e-06		49.1923		21.5595		15.3945		25.8713
288		57.1745		6.36281		48.3774		27.0601		21.4718		2.0408e-08		57.7517		22.2185		15.8557		26.1589
289		56.9374		6.31067		48.0744		26.8886		21.4003		1.54645e-09		56.7976		22.0183		15.7076		26.0561
290		56.8523		6.28205		47.9847		26.8084		21.3838		2.73156e-07		54.4401		21.9291		15.6471		26.0556
291		55.4808		5.99588		46.6598		26.0138		20.9699		7.3156e-07		44.8026		21.0827		15.0868		25.5771
292		54.9729		5.96356		46.3118		25.8257		20.8036		3.07498e-06		44.7354		20.9551		14.9916		25.3566
293		57.0967		6.36414		48.2596		27.027		21.4336		4.42509e-06		60.2823		22.2009		15.8367		26.0588
294		56.5714		6.25583		47.7227		26.6717		21.245		2.08236e-07		53.7526		21.8393		15.5834		25.8835
295		57.9111		6.52829		48.9984		27.4871		21.6905		1.93351e-06		67.0818		22.6593		16.131		26.339
296		56.5629		6.2072		47.708		26.6168		21.2723		1.63105e-06		50.7041		21.707		15.4998		26.0011
297		53.6138		5.70443		45.0354		25.0706		20.3793		1.4499e-05		37.599		20.2531		14.5487		24.7823
298		54.2185		5.83418		45.5815		25.3844		20.5353		1.65191e-05		40.0597		20.5015		14.6673		25.08
299		55.2247		5.99565		46.4944		25.9085		20.8609		2.54445e-09		45.4957		21.01		15.0143		25.4844
300		55.4307		6.04391		46.7469		26.0593		20.914		3.24776e-08		46.737		21.217		15.1731		25.5299
301		53.2141		5.65391		44.6559		24.8287		20.2345		4.36874e-06		36.7477		19.9815		14.3276		24.6744
302		57.8547		6.47418		48.915		27.4041		21.7394		2.71648e-05		62.8891		22.4974		16.0232		26.4176
303		56.7939		6.27811		47.9357		26.7981		21.3567		9.99363e-08		56.0178		21.9546		15.6765		25.9811
304		54.3069		5.79589		45.6693		25.4044		20.5916		3.18031e-06		40.4615		20.5199		14.724		25.1494
305		57.3659		6.39232		48.4508		27.117		21.5216		9.49448e-07		61.2444		22.2602		15.8678		26.1907
306		56.4174		6.23825		47.5806		26.5886		21.2289		1.23417e-05		51.3925		21.7296		15.4914		25.8509
307		55.947		6.13274		47.1732		26.3063		21.0669		1.49029e-09		48.7437		21.4198		15.2871		25.7534
308		56.3321		6.16137		47.4426		26.488		21.231		3.57487e-05		48.9381		21.5968		15.4354		25.8458
309		54.9535		5.96435		46.2639		25.7905		20.7102		3.06383e-07		44.7783		20.9663		15.002		25.2976
310		55.3171		6.03157		46.5729		25.9855		20.8668		4.21651e-06		45.8298		21.1313		15.0997		25.4416
311		57.6093		6.39821		48.7318		27.2527		21.6259		3.85007e-08		59.8827		22.3728		15.9746		26.3589
312		57.0071		6.30406		48.125		26.9054		21.3969		3.35029e-07		55.9807		22.0543		15.7502		26.0707
313		58.4347		6.62414		49.3869		27.7245		21.8706		7.29216e-07		68.8693		22.8266		16.2024		26.5603
314		56.6013		6.33542		47.822		26.7501		21.227		7.59424e-07		56.9914		21.9165		15.581		25.9055
315		55.3638		6.00407		46.5961		25.9677		20.8988		4.2232e-06		45.0187		21.0656		15.0615		25.5305
316		54.2641		5.81972		45.5646		25.3868		20.5931		1.09881e-05		39.5558		20.4762		14.6564		25.0885
317		55.8339		6.08495		47.0753		26.2534		21.0333		4.15524e-09		48.6928		21.4016		15.3167		25.6737
318		55.8505		6.11704		47.0999		26.2603		21.0521		7.3109e-07		47.5904		21.351		15.234		25.7488
319		55.8479		6.14261		47.1127		26.2957		21.0037		1.15284e-07		49.4688		21.4645		15.3219		25.6482
320		57.1245		6.29085		48.2342		26.9258		21.4974		4.08584e-06		53.8289		21.9978		15.707		26.2364
321		55.8373		6.05299		47.044		26.2173		21.063		3.48794e-06		46.1268		21.3301		15.2771		25.7138
322		56.9185		6.26485		48.0252		26.8352		21.4075		1.64786e-09		55.7858		21.9715		15.7067		26.0536
323		55.4363		6.07353		46.7395		26.0947		20.9163		5.6936e-07		47.6992		21.2706		15.1971		25.4689
324		54.8813		5.92261		46.1696		25.7096		20.7071		1.88508e-06		44.0158		20.8606		14.9379		25.309
325		55.3088		6.05066		46.5952		25.9789		20.8169		1.40346e-07		47.2437		21.1335		15.0828		25.4617
326		55.6976		6.05901		46.9056		26.1755		20.9921		2.66305e-07		48.1946		21.3416		15.2826		25.5639
327		56.9154		6.33532		48.0702		26.9112		21.3715		1.56019e-05		60.0639		22.0865		15.7512		25.9836
328		56.6274		6.2687		47.831		26.7		21.2633		1.26765e-07		54.5969		21.8268		15.5581		26.0042
329		54.1279		5.81937		45.4179		25.336		20.5256		9.6734e-08		40.0371		20.4505		14.6312		24.9674
330		57.0012		6.3379		48.173		26.9588		21.4419		1.10392e-05		56.8595		22.077		15.7391		26.096
331		53.0413		5.63696		44.5701		24.7772		20.1754		5.87044e-08		35.9104		19.9629		14.3259		24.6072
332		56.1716		6.11648		47.3337		26.3782		21.162		3.91204e-07		48.6716		21.4666		15.3501		25.8671
333		56.1716		6.11648		47.3337		26.3782		21.162		3.91204e-07		48.6716		21.4666		15.3501		25.8671
334		56.1716		6.11648		47.3337		26.3782		21.162		3.91204e-07		48.6716		21.4666		15.3501		25.8671
335		56.1716		6.11648		47.3337		26.3782		21.162		3.91204e-07		48.6716		21.4666		15.3501		25.8671
336		56.1716		6.11648		47.3337		26.3782		21.162		3.91204e-07		48.6716		21.4666		15.3501		25.8671
337		56.1716		6.11648		47.3337		26.3782		21.162		3.91204e-07		48.6716		21.4666		15.3501		25.8671
338		56.1716		6.11648		47.3337		26.3782		21.162		3.91204e-07		48.6716		21.4666		15.3501		25.8671
339		56.1716		6.11648		47.3337		26.3782		21.162		3.91204e-07		48.6716		21.4666		15.3501		25.8671
340		56.1716		6.11648		47.3337		26.3782		21.162		3.91204e-07		48.6716		21.4666		15.3501		25.8671
341		56.1716		6.11648		47.3337		26.3782		21.162		3.91204e-07		48.6716		21.4666		15.3501		25.8671
342		56.1716		6.11648		47.3337		26.3782		21.162		3.91204e-07		48.6716		21.4666		15.3501		25.8671
343		56.5316		6.1733		47.6905		26.5766		21.2663		1.50546e-06		51.288		21.6845		15.5112		26.006
344		57.8486		6.4301		48.8609		27.3138		21.7047		8.55564e-06		58.7146		22.3988		15.9687		26.4621
345		54.3317		5.83433		45.6492		25.4516		20.6223		1.17972e-05		39.5254		20.5646		14.7303		25.0846
346		56.6963		6.26389		47.8245		26.7427		21.3297		2.52944e-10		53.3075		21.8737		15.6098		25.9508
347		59.1876		6.74965		50.0786		28.146		22.0919		7.62768e-08		80.116		23.2876		16.5379		26.791
348		56.9293		6.30614		48.0783		26.8644		21.4174		1.44179e-06		55.3621		21.9562		15.65		26.1221
349		56.2939		6.18797		47.5035		26.5414		21.1951		2.3132e-06		54.7642		21.7049		15.517		25.7986
350		56.516		6.30787		47.7602		26.7172		21.2322		9.07674e-07		56.0874		21.9063		15.5985		25.8539
351		56.7148		6.25489		47.8526		26.7288		21.3052		2.5598e-07		53.4111		21.86		15.6051		25.9926
352		55.3842		6.05511		46.6837		26.0486		20.8752		1.12713e-08		47.4165		21.2291		15.174		25.4546
353		55.3842		6.05511		46.6837		26.0486		20.8752		1.12713e-08		47.4165		21.2291		15.174		25.4546
354		55.3842		6.05511		46.6837		26.0486		20.8752		1.12713e-08		47.4165		21.2291		15.174		25.4546
355		55.3842		6.05511		46.6837		26.0486		20.8752		1.12713e-08		47.4165		21.2291		15.174		25.4546
356		55.3842		6.05511		46.6837		26.0486		20.8752		1.12713e-08		47.4165		21.2291		15.174		25.4546
357		55.3842		6.05511		46.6837		26.0486		20.8752		1.12713e-08		47.4165		21.2291		15.174		25.4546
358		55.3842		6.05511		46.6837		26.0486		20.8752		1.12713e-08		47.4165		21.2291		15.174		25.4546
359		55.3842		6.05511		46.6837		26.0486		20.8752		1.12713e-08		47.4165		21.2291		15.174		25.4546
360		55.3842		6.05511		46.6837		26.0486		20.8752		1.12713e-08		47.4165		21.2291		15.174		25.4546
361		55.3842		6.05511		46.6837		26.0486		20.8752		1.12713e-08		47.4165		21.2291		15.174		25.4546
362		55.1568		5.99808		46.4438		25.9356		20.8248		4.40388e-08		45.9021		21.1198		15.1218		25.324
363		55.1568		5.99808		46.4438		25.9356		20.8248		4.40388e-08		45.9021		21.1198		15.1218		25.324
364		55.1568		5.99808		46.4438		25.9356		20.8248		4.40388e-08		45.9021		21.1198		15.1218		25.324
365		55.1568		5.99808		46.4438		25.9356		20.8248		4.40388e-08		45.9021		21.1198		15.1218		25.324
366		58.103		6.53612		49.1482		27.5248		21.7623		1.83163e-07		63.3989		22.6189		16.0828		26.5293
367		58.7235		6.66865		49.6068		27.8679		21.9421		1.85602e-07		72.0449		22.9716		16.3029		26.6353
368		57.9838		6.53974		48.9936		27.4982		21.7095		3.91037e-07		65.9687		22.6539		16.1141		26.3397
369		57.9838		6.53974		48.9936		27.4982		21.7095		3.91037e-07		65.9687		22.6539		16.1141		26.3397
370		56.5919		6.24733		47.7192		26.6659		21.285		2.90302e-09		53.0628		21.7991		15.5518		25.92
371		59.1671		6.69824		50.0567		28.0729		22.1191		1.81495e-07		75.0643		23.1331		16.4349		26.9236
372		55.9394		6.08806		47.1156		26.2628		21.1028		1.11133e-06		47.1288		21.3418		15.2538		25.7737
373		54.8839		5.89276		46.0967		25.7037		20.8021		5.71401e-09		40.7109		20.7837		14.891		25.313
374		56.7652		6.26642		47.9216		26.7634		21.3333		3.47212e-06		52.9826		21.8667		15.6003		26.0549
375		56.0491		6.17404		47.3192		26.4125		21.1218		7.44657e-07		50.2187		21.5482		15.3741		25.771
376		55.9221		6.10069		47.081		26.2517		21.0767		9.5517e-06		47.8158		21.3543		15.2536		25.7267
377		57.2467		6.36387		48.3224		27.0385		21.4934		2.54724e-06		57.523		22.1635		15.7997		26.1588
378		54.3277		5.88156		45.6795		25.4942		20.5777		6.69068e-06		40.8901		20.6504		14.7689		25.029
379		55.2238		5.97289		46.4807		25.8844		20.8657		1.69828e-07		45.0737		20.9678		14.9949		25.5128
380		57.7944		6.51954		48.9025		27.4146		21.6873		3.74361e-09		65.4698		22.5382		16.0187		26.3643
381		57.0536		6.31795		48.1408		26.8983		21.4516		2.63956e-06		56.6765		21.9722		15.6542		26.1687
382		59.2675		6.71413		50.0992		28.1002		22.1335		2.21277e-07		75.1863		23.1614		16.4472		26.9378
383		59.2675		6.71413		50.0992		28.1002		22.1335		2.21277e-07		75.1863		23.1614		16.4472		26.9378
384		55.4332		6.04734		46.7285		26.0577		20.8781		5.04212e-06		48.8791		21.2357		15.1884		25.4928
385		55.0249		5.93187		46.2681		25.7951		20.8047		5.41387e-07		43.5068		20.9182		14.9863		25.3499
386		56.7795		6.28706		47.9188		26.787		21.369		4.17625e-07		53.0011		21.9133		15.6263		26.0054
387		56.7795		6.28706		47.9188		26.787		21.369		4.17625e-07		53.0011		21.9133		15.6263		26.0054
388		56.7795		6.28706		47.9188		26.787		21.369		4.17625e-07		53.0011		21.9133		15.6263		26.0054
389		56.7795		6.28706		47.9188		26.787		21.369		4.17625e-07		53.0011		21.9133		15.6263		26.0054
390		56.7795		6.28706		47.9188		26.787		21.369		4.17625e-07		53.0011		21.9133		15.6263		26.0054
391		56.4555		6.20658		47.5942		26.5637		21.2043		2.09476e-06		53.0663		21.712		15.5054		25.8822
392		56.4555		6.20658		47.5942		26.5637		21.2043		2.09476e-06		53.0663		21.712		15.5054		25.8822
393		55.0387		5.9348		46.3138		25.8301		20.8183		5.71218e-07		42.9733		20.9672		15.0324		25.3465
394		58.2026		6.51888		49.184		27.5588		21.853		1.05867e-09		62.58		22.6165		16.0976		26.5676
395		56.5365		6.23884		47.7209		26.6608		21.2674		3.37434e-08		53.0572		21.7962		15.5574		25.9247
396		57.5166		6.42627		48.6296		27.2196		21.5625		2.40475e-08		61.0929		22.3706		15.9443		26.259
397		53.9052		5.77413		45.2946		25.24		20.4708		2.36671e-07		40.5943		20.3667		14.5925		24.928
398		56.9622		6.33476		48.0989		26.8912		21.3998		1.11924e-07		56.397		22.0309		15.6962		26.0679
399		55.2025		5.95837		46.4229		25.8535		20.8689		9.20842e-06		43.5708		20.9116		14.9532		25.5113
400		3.77761		0.671576		3.52577		0.992393		0.994346		1.57434e-10		0.499797		2.09867		1.4271		1.4271
401		3.77761		0.671576		3.52577		0.992393		0.994346		1.57434e-10		0.499797		2.09867		1.4271		1.4271
400		55.0578		5.90537		46.2633		25.7636		20.8646		1.34618e-06		42.5442		20.8193		14.9139		25.444
401		3.77932		0.671879		3.52736		1.0083		1.00552		5.77761e-10		0.499797		2.09962		1.42774		1.42774
401		55.8141		6.08287		46.9791		26.1876		21.0576		1.23598e-06		45.8691		21.2567		15.1738		25.7224
402		56.0543		6.08164		47.2358		26.3256		21.1406		1.6692e-05		47.6762		21.4132		15.3316		25.8226
403		55.5184		6.05354		46.7687		26.0721		20.9154		1.02493e-07		45.5393		21.2075		15.154		25.5612
404		55.4727		6.04345		46.7197		26.0675		20.9018		1.99238e-06		46.877		21.2434		15.2		25.4763
405		57.6026		6.4121		48.71		27.2272		21.6214		6.82794e-09		61.3502		22.3537		15.9416		26.3563
