1		51.3047		5.46987		43.1152		23.9942		19.4816		4.44992e-07		36.0245		19.3884		13.9186		23.7268
2		52.7595		5.7151		44.4402		24.7584		19.9165		2.02596e-07		43.1322		20.1046		14.3895		24.3356
3		50.2053		5.32126		42.1063		23.4034		19.0755		6.74559e-08		33.3782		18.8751		13.5539		23.2312
4		49.0867		5.04598		41.073		22.7283		18.7358		1.72703e-07		28.893		18.187		13.141		22.886
5		49.114		5.10059		41.1277		22.7742		18.7468		1.85532e-06		29.22		18.2391		13.1385		22.8886
6		50.8679		5.41514		42.7086		23.7437		19.3234		1.2001e-08		35.6092		19.1568		13.7417		23.5518
7		50.5265		5.328		42.4277		23.5445		19.1973		1.76103e-08		33.5772		18.9681		13.6401		23.4596
8		49.3797		5.14463		41.3917		22.9293		18.8389		5.59659e-09		30.2153		18.4036		13.2589		22.9881
9		49.4056		5.13431		41.3879		22.9474		18.8551		1.02732e-06		30.1185		18.4256		13.2913		22.9623
10		50.3847		5.29044		42.25		23.4551		19.1944		5.21762e-08		32.2071		18.8584		13.5679		23.3917
11		48.2769		4.9383		40.4044		22.3475		18.5362		3.92111e-07		26.6895		17.7834		12.8451		22.6209
12		52.4038		5.63778		44.0821		24.5532		19.8211		8.54628e-07		41.3545		19.9209		14.2831		24.1612
13		49.7667		5.22443		41.7093		23.1663		18.9759		1.09076e-06		31.6271		18.6276		13.4031		23.0817
14		49.8997		5.22486		41.9108		23.2472		19.0052		3.58415e-08		32.0355		18.7228		13.498		23.188
15		51.3897		5.4756		43.1685		24.0316		19.5278		2.1554e-06		36.598		19.3768		13.9012		23.7917
16		55.0571		6.16194		46.6166		26.101		20.6661		1.00014e-06		59.5862		21.4569		15.295		25.1596
17		50.4914		5.30502		42.3472		23.5219		19.2312		1.87027e-08		33.0314		18.9449		13.6399		23.4023
18		51.2222		5.43031		43.0375		23.9356		19.4717		2.06862e-06		35.6978		19.297		13.8666		23.7405
19		49.9188		5.21353		41.8309		23.2151		19.0511		5.5785e-08		31.1336		18.6368		13.4233		23.1941
20		52.7782		5.71544		44.4134		24.7464		19.9446		2.63254e-08		42.1759		20.0757		14.3603		24.3377
21		50.4048		5.25147		42.2816		23.4338		19.1667		4.67993e-07		32.6506		18.8553		13.6038		23.4263
22		53.881		5.94099		45.4529		25.3706		20.2623		3.77482e-09		48.4657		20.7011		14.7601		24.7518
23		51.1637		5.4316		42.9936		23.8838		19.4184		1.60374e-09		35.1079		19.2711		13.8395		23.7226
24		49.5488		5.22215		41.591		23.0723		18.8954		8.55536e-09		30.6817		18.5472		13.325		23.0438
25		49.6723		5.16033		41.6427		23.1039		19.0019		3.13811e-07		30.6014		18.5254		13.365		23.1173
26		48.909		5.04657		40.9109		22.6583		18.7016		8.3208e-08		28.7752		18.1043		13.0577		22.8067
27		52.0602		5.55924		43.688		24.3181		19.7291		3.35033e-07		37.5176		19.6053		14.046		24.0827
28		49.6699		5.17341		41.6526		23.0584		18.9261		5.67579e-08		30.7986		18.4991		13.3257		23.1535
29		49.1019		5.05324		41.1019		22.7585		18.7921		2.30067e-09		28.3443		18.1915		13.1383		22.9103
30		51.4815		5.50202		43.3248		24.1234		19.5445		3.83516e-07		37.716		19.5106		14.0086		23.8142
31		48.6966		5.00117		40.7427		22.5201		18.6079		1.53121e-06		27.769		17.9831		12.9819		22.7596
32		53.6595		5.84237		45.1828		25.2074		20.2184		2.03723e-06		45.4866		20.5479		14.7055		24.6349
33		50.0511		5.24087		41.9568		23.2981		19.0729		5.71872e-07		31.7303		18.7294		13.4885		23.2275
34		52.414		5.6598		44.1118		24.5714		19.7952		2.38674e-06		41.1999		19.9497		14.2899		24.1621
35		49.2286		5.12517		41.1846		22.8265		18.7773		4.43622e-06		29.4569		18.284		13.1588		22.9006
36		55.0304		6.188		46.5896		26.1003		20.6158		4.11313e-08		58.4459		21.5008		15.3128		25.0888
37		50.8856		5.37044		42.7313		23.7561		19.3735		1.2118e-06		34.8303		19.1243		13.7538		23.607
38		50.5826		5.33599		42.4145		23.5621		19.2332		9.4547e-09		33.4551		18.9701		13.6341		23.4444
39		52.5059		5.67652		44.1496		24.6057		19.8632		5.73491e-11		40.7682		19.9389		14.2624		24.2107
40		48.8066		5.09472		40.8605		22.6978		18.6437		8.46773e-09		29.6976		18.2099		13.1152		22.6506
41		50.54		5.3246		42.3996		23.5498		19.2333		5.21109e-09		32.6845		18.9699		13.6453		23.4296
42		49.9678		5.21242		41.925		23.2428		19.0702		4.75748e-07		31.2608		18.6535		13.4411		23.2714
43		50.9381		5.34833		42.751		23.7017		19.366		9.66304e-09		33.3472		19.0716		13.7233		23.6793
44		50.8608		5.38936		42.7296		23.7252		19.3189		3.6869e-08		36.0833		19.118		13.7287		23.6115
45		52.3206		5.66954		44.0484		24.5434		19.7538		9.20499e-08		43.1584		19.9408		14.2713		24.1075
46		48.5165		4.98927		40.6411		22.4664		18.5862		2.39256e-07		27.4284		17.9038		12.9145		22.7373
47		52.0603		5.54456		43.7505		24.3404		19.7202		4.06406e-06		37.9115		19.6652		14.1207		24.0853
48		53.3489		5.80231		44.9308		25.0599		20.1114		8.16092e-07		44.9706		20.4036		14.6013		24.5272
49		52.3155		5.64302		44.0135		24.5066		19.7558		2.73172e-08		41.3538		19.883		14.24		24.1305
50		48.3667		5.01012		40.4801		22.4614		18.5031		3.73158e-08		29.0268		17.9773		12.9672		22.5028
51		52.1839		5.62885		43.9558		24.4622		19.716		1.94017e-06		41.5727		19.8376		14.2087		24.1183
52		49.0302		5.09405		41.0225		22.7465		18.7295		7.02246e-07		28.972		18.1987		13.1047		22.8238
53		47.4159		4.80972		39.6561		21.9261		18.233		2.99251e-06		25.4789		17.3938		12.584		22.2623
54		49.811		5.21431		41.7568		23.1972		19.0407		6.13244e-08		30.9642		18.6246		13.4103		23.1322
55		50.2643		5.31357		42.2125		23.4701		19.13		1.7071e-07		34.2063		18.9079		13.5943		23.3046
56		53.4308		5.81595		45.0146		25.1075		20.1842		3.42812e-06		44.5393		20.4311		14.6151		24.5835
57		53.8829		5.935		45.4613		25.4312		20.292		1.57184e-07		50.8787		20.8288		14.8938		24.6325
58		47.7264		4.88859		39.9199		22.1087		18.3456		1.76487e-06		26.2211		17.5665		12.6779		22.3533
59		49.4821		5.1773		41.4863		23.0018		18.835		1.4421e-06		31.4715		18.4826		13.3053		23.0036
60		48.9952		5.06789		40.9931		22.7205		18.7339		6.77565e-07		28.7034		18.191		13.1231		22.8021
61		50.3739		5.30577		42.2949		23.4953		19.2349		2.87727e-07		32.4554		18.8998		13.594		23.3951
62		51.7044		5.51354		43.3894		24.154		19.6449		2.27091e-08		36.1069		19.4676		13.9541		23.9218
63		48.7462		5.02198		40.8244		22.595		18.6325		5.6812e-09		28.4838		18.0627		13.0407		22.7617
64		52.5515		5.70231		44.2151		24.638		19.8474		1.24857e-07		42.2891		19.978		14.2757		24.2371
65		51.065		5.4251		42.8902		23.8515		19.4208		1.20291e-07		35.5152		19.1817		13.7566		23.7085
66		48.792		5.02317		40.8386		22.6088		18.624		1.03249e-07		28.3433		18.0848		13.0617		22.7538
67		47.8343		4.84458		40.0149		22.1021		18.3767		4.15895e-09		26.1194		17.5232		12.6786		22.4917
68		50.9792		5.39806		42.8099		23.8146		19.3708		7.80484e-07		35.7025		19.2207		13.8226		23.5892
69		50.6326		5.37569		42.5531		23.6434		19.2114		3.304e-06		35.4502		19.0906		13.7149		23.4625
70		49.9481		5.22369		41.88		23.2218		19.0551		6.46866e-06		30.8953		18.6277		13.404		23.2523
71		51.2374		5.46614		43.0965		23.9757		19.4696		5.02326e-07		35.9475		19.359		13.8929		23.7375
72		48.9403		5.07288		40.9043		22.6701		18.6906		1.35416e-07		28.7567		18.1255		13.0526		22.7789
73		52.368		5.66493		44.0759		24.5589		19.8102		9.38777e-06		40.1639		19.8938		14.2288		24.1821
74		53.6957		5.871		45.2915		25.2728		20.2256		1.02503e-07		48.7394		20.6267		14.7557		24.6647
75		50.5029		5.3497		42.4389		23.5378		19.1512		7.94981e-07		34.4111		18.9702		13.6205		23.4687
76		49.3811		5.09154		41.3203		22.8537		18.8786		1.48868e-07		28.7155		18.2437		13.1522		23.0765
77		50.4619		5.32565		42.3014		23.4909		19.1805		1.40614e-08		33.7038		18.9146		13.589		23.3867
78		50.1736		5.25839		42.0893		23.3435		19.089		4.91823e-07		32.5328		18.7807		13.5223		23.3086
79		49.3453		5.15868		41.3621		22.9554		18.8236		3.08889e-06		30.5055		18.4354		13.2767		22.9267
80		49.1816		5.12217		41.147		22.8591		18.7896		2.57196e-06		29.9699		18.3477		13.2256		22.7993
81		48.3069		4.94129		40.4259		22.3626		18.5448		2.65545e-07		26.9151		17.7397		12.7984		22.6862
82		50.091		5.25697		41.9757		23.2805		19.0527		7.02124e-10		31.9826		18.7138		13.4568		23.2619
83		50.4146		5.31146		42.3103		23.5077		19.1981		8.56143e-08		33.4824		18.9296		13.6181		23.3807
84		49.6712		5.18078		41.6458		23.0916		18.9418		1.16629e-06		30.86		18.5557		13.3749		23.0901
85		54.7872		6.07864		46.2901		25.9273		20.607		2.73098e-06		56.1904		21.2675		15.1888		25.0226
86		49.1597		5.09525		41.1946		22.8285		18.7845		1.36754e-06		29.6426		18.307		13.2117		22.8877
87		47.8585		4.86701		40.0627		22.1353		18.3456		6.06622e-08		26.2489		17.6139		12.7469		22.4488
88		52.6504		5.65057		44.3046		24.6682		19.912		6.37596e-07		42.2928		20.0079		14.3573		24.2968
89		52.647		5.6306		44.3181		24.6449		19.9051		3.80054e-07		41.001		19.9775		14.3469		24.3407
90		48.8848		5.01344		40.9279		22.6473		18.6818		6.21933e-10		29.182		18.1197		13.1062		22.8083
91		56.3148		6.4224		47.6605		26.7601		21.0275		4.24922e-07		73.215		22.0878		15.6654		25.5728
92		50.1893		5.25235		42.1233		23.3666		19.144		1.99403e-07		32.0578		18.7781		13.5257		23.3452
93		52.2832		5.603		43.9047		24.4644		19.8147		2.06733e-08		38.8147		19.7818		14.1788		24.1229
94		49.3609		5.12571		41.3378		22.9075		18.8387		2.44359e-07		29.1363		18.3509		13.2252		22.987
95		50.6799		5.33322		42.5938		23.6155		19.2506		4.55123e-06		33.9112		19.019		13.6858		23.5748
96		49.9344		5.25544		41.9043		23.2577		19.0106		3.89583e-07		32.271		18.7176		13.4621		23.1868
97		50.417		5.30616		42.3054		23.4671		19.197		2.68078e-07		33.1754		18.8348		13.5287		23.4706
98		51.0652		5.42708		42.8838		23.8335		19.366		1.96647e-07		36.0981		19.252		13.825		23.6318
99		49.0719		5.07971		41.0585		22.7635		18.7302		1.00345e-07		29.075		18.2404		13.1606		22.8181
100		52.3395		5.66362		44.0691		24.5286		19.7824		1.7711e-06		40.8688		19.8734		14.2097		24.1957
101		51.4101		5.45837		43.1989		24.041		19.5511		7.06877e-06		36.134		19.3904		13.932		23.8085
102		50.6705		5.37091		42.5628		23.6626		19.2831		4.71192e-08		34.3172		19.0452		13.6743		23.5176
103		50.837		5.35463		42.6883		23.6714		19.3423		3.4486e-07		33.671		19.0205		13.6659		23.6678
104		54.6947		6.02512		46.1544		25.7669		20.5695		2.06303e-07		52.1634		21.0409		15.0157		25.1136
105		50.8531		5.40081		42.715		23.7421		19.3098		2.68274e-07		35.1405		19.1782		13.7774		23.5368
106		49.6249		5.20092		41.6498		23.1013		18.9341		5.33658e-07		31.1355		18.5583		13.3574		23.0915
107		47.0403		4.7466		39.2233		21.708		18.0951		1.58897e-09		24.6735		17.1909		12.4443		22.0324
108		53.8063		5.87862		45.362		25.2841		20.2599		3.97376e-07		47.7662		20.5828		14.7042		24.7792
109		53.3362		5.82084		45.0046		25.101		20.1381		3.84692e-06		46.8942		20.4311		14.6102		24.5735
110		50.1671		5.25554		42.05		23.3167		19.1163		4.33631e-08		31.5215		18.7377		13.4822		23.3122
111		48.9818		5.057		40.9883		22.7105		18.7211		2.60138e-06		28.9496		18.1702		13.1132		22.8182
112		51.9501		5.55698		43.6643		24.3064		19.6962		1.25594e-07		39.8524		19.6505		14.0935		24.0137
113		46.6783		4.6771		38.9648		21.4895		17.9134		1.11349e-05		24.3632		17.0575		12.3804		21.9073
114		50.331		5.31695		42.235		23.4582		19.1423		6.38755e-07		33.2438		18.8818		13.5649		23.3532
115		51.2555		5.44559		43.0431		23.973		19.491		1.26168e-08		35.8965		19.3283		13.8827		23.7149
116		51.8935		5.5452		43.6166		24.258		19.6678		9.00056e-06		37.0322		19.6112		14.066		24.0054
117		51.9809		5.59026		43.7179		24.3397		19.6594		2.13043e-06		39.872		19.7185		14.1283		23.9994
118		51.0808		5.40709		42.8742		23.8016		19.4254		2.98523e-06		34.2802		19.1787		13.7716		23.6955
119		51.0125		5.38786		42.8209		23.7654		19.3504		2.26913e-09		34.6227		19.1706		13.7828		23.6503
120		50.7362		5.28097		42.5351		23.5542		19.3124		5.62153e-07		32.9929		18.8994		13.6184		23.6357
121		51.5356		5.58611		43.2943		24.1473		19.4788		1.04254e-05		39.3096		19.5564		13.9703		23.7379
122		50.4597		5.32117		42.3219		23.4807		19.1952		2.26919e-06		33.1666		18.8785		13.5573		23.4434
123		53.3161		5.82821		44.919		25.0641		20.0776		1.83154e-06		46.483		20.4252		14.597		24.4938
124		51.029		5.39851		42.8355		23.8503		19.4214		8.07521e-11		35.3171		19.2178		13.8193		23.6178
125		49.4264		5.10273		41.3392		22.9265		18.8914		5.01476e-08		29.6322		18.3621		13.2593		22.9772
126		51.9949		5.55498		43.7028		24.3412		19.7427		5.02635e-07		37.9228		19.6722		14.1172		24.0306
127		49.0882		5.11483		41.1448		22.821		18.722		8.91101e-07		30.4401		18.3132		13.1983		22.8316
128		49.7259		5.19822		41.6931		23.1076		18.9747		3.34563e-07		30.0347		18.5371		13.3389		23.156
129		50.1833		5.23777		42.0916		23.3367		19.1017		3.32031e-06		32.2386		18.7877		13.55		23.3039
130		50.2627		5.35166		42.2254		23.4765		19.0868		4.05547e-06		33.8153		18.9432		13.5915		23.2822
131		55.3403		6.20555		46.7111		26.2229		20.7371		3.49956e-06		62.3877		21.5849		15.3794		25.1261
132		48.689		5.01789		40.699		22.5455		18.6298		5.00528e-09		28.0931		18.0223		13.0044		22.6767
133		49.912		5.28767		41.9171		23.2579		18.9778		1.12623e-06		32.5376		18.7226		13.4349		23.1945
134		50.164		5.28545		42.0646		23.3462		19.0504		5.91343e-08		32.3168		18.803		13.5175		23.2617
135		55.5448		6.19947		46.8387		26.2563		20.7912		1.618e-06		61.8611		21.6		15.4006		25.2386
136		54.3407		5.94751		45.8624		25.5849		20.4767		5.06905e-07		51.1497		20.8769		14.9294		24.9855
137		52.7042		5.7032		44.4452		24.7477		19.9087		4.58077e-08		44.1233		20.1152		14.412		24.33
138		54.8899		6.1166		46.3694		25.9354		20.5845		3.80596e-11		57.6319		21.2585		15.1418		25.111
139		50.6861		5.40542		42.599		23.6947		19.2522		9.39487e-09		35.1946		19.105		13.6996		23.4939
140		50.8389		5.35886		42.6151		23.6541		19.3111		2.53862e-07		33.7302		19.0609		13.7021		23.5542
141		51.4925		5.49111		43.242		24.0707		19.5472		1.0742e-07		36.643		19.4009		13.9098		23.8411
142		52.722		5.67342		44.3569		24.6853		19.9276		1.14567e-08		41.2903		19.997		14.3236		24.3599
143		50.8466		5.3824		42.7129		23.7187		19.316		3.38899e-06		33.7214		19.1039		13.7215		23.609
144		54.8714		6.10433		46.3265		25.9367		20.6238		3.81436e-06		57.0182		21.2429		15.1386		25.0836
145		49.7023		5.21425		41.7175		23.1614		18.9565		5.44488e-09		31.7076		18.6115		13.3972		23.1061
146		49.7691		5.19625		41.7297		23.1636		18.9934		7.01775e-08		31.8188		18.6046		13.4083		23.1252
147		48.4126		4.98175		40.5209		22.4379		18.5237		2.01617e-08		28.4351		17.941		12.9593		22.5799
148		50.062		5.23799		42.0203		23.2967		19.0617		2.82591e-07		32.4558		18.7379		13.4999		23.2825
149		52.2504		5.62429		43.9255		24.4813		19.7399		1.28547e-08		40.3524		19.88		14.2557		24.0455
150		48.9286		5.08831		40.9341		22.6998		18.6694		7.48566e-09		29.0135		18.2044		13.1161		22.7297
151		49.9195		5.23686		41.8665		23.2211		19.0089		1.08277e-08		32.4457		18.6431		13.4062		23.2234
152		51.7072		5.50931		43.4128		24.1648		19.5971		1.17719e-07		37.3268		19.4978		13.9885		23.915
153		51.4327		5.4363		43.2504		24.0064		19.555		1.45621e-08		35.4466		19.3449		13.9086		23.9055
154		52.9829		5.66683		44.5236		24.7731		20.0465		1.65387e-07		41.2794		20.0423		14.3754		24.4814
155		50.3107		5.26459		42.2202		23.4238		19.1544		2.97285e-06		32.8799		18.8492		13.5846		23.3711
156		49.629		5.13671		41.528		23.0577		18.9696		8.50099e-08		29.9487		18.4973		13.3606		23.0307
157		53.5969		5.84454		45.1595		25.1751		20.1753		1.84174e-07		47.1004		20.5139		14.6694		24.6456
158		51.0005		5.44379		42.8773		23.8381		19.3702		2.09598e-08		35.901		19.2408		13.797		23.6365
159		52.0992		5.61344		43.807		24.3995		19.7187		6.69613e-07		41.0057		19.7318		14.1184		24.0752
160		51.0174		5.44668		42.8662		23.8538		19.3699		2.06679e-09		36.1942		19.2392		13.7925		23.627
161		52.3863		5.61151		44.0662		24.5237		19.8207		6.31107e-07		39.5452		19.8746		14.2631		24.1916
162		53.942		5.94082		45.522		25.4303		20.2814		2.76448e-07		49.8804		20.7884		14.8476		24.7335
163		52.358		5.62855		43.9565		24.4554		19.7833		6.50624e-07		39.3236		19.7323		14.1038		24.2242
164		51.1475		5.39017		42.9241		23.8495		19.4579		6.99158e-09		35.1768		19.227		13.8368		23.6971
165		47.1244		4.76431		39.4138		21.7992		18.1348		1.35037e-07		25.6604		17.3104		12.5461		22.1034
166		52.9593		5.75593		44.6196		24.8837		19.9845		1.49709e-08		44.0291		20.2657		14.5098		24.3539
167		52.3903		5.63688		44.0877		24.5342		19.7619		9.42763e-07		41.6924		19.9218		14.2849		24.1659
168		50.0867		5.26401		41.9804		23.3093		19.0869		2.89202e-09		31.4561		18.7493		13.4853		23.2311
169		52.8609		5.74399		44.5164		24.8072		19.9525		1.12006e-06		41.727		20.1523		14.4083		24.3641
170		50.3697		5.29557		42.2121		23.4431		19.1864		5.34243e-07		31.6964		18.8374		13.5418		23.3748
171		51.8552		5.51079		43.5884		24.2337		19.7004		1.31587e-06		36.808		19.5487		14.0379		24.0397
172		50.0243		5.25344		41.9893		23.2775		19.0357		3.44451e-07		32.2777		18.7118		13.4583		23.2775
173		52.5852		5.67134		44.2302		24.6118		19.8951		1.18636e-07		40.0947		19.8764		14.2051		24.3538
174		52.5795		5.70938		44.2709		24.664		19.8528		2.26583e-06		41.93		20.0204		14.311		24.2505
175		49.8982		5.21938		41.7752		23.1894		19.019		2.56169e-07		31.5291		18.6183		13.3989		23.1569
176		49.9398		5.21295		41.8388		23.2478		19.0741		1.43461e-07		31.8299		18.6693		13.4564		23.1694
177		49.8027		5.20709		41.7652		23.1896		19.0069		8.9604e-07		31.4203		18.6557		13.4486		23.1096
178		50.5263		5.31691		42.3669		23.5318		19.2297		6.82802e-08		34.0866		18.9316		13.6147		23.4353
179		48.5722		4.99975		40.6329		22.4736		18.5788		1.27395e-08		27.371		17.9191		12.9194		22.7138
180		48.5885		4.96535		40.6122		22.4713		18.6103		2.73896e-07		27.3735		17.9227		12.9574		22.6895
181		50.7933		5.38374		42.6353		23.6613		19.28		2.94664e-07		34.0631		19.0381		13.6544		23.5972
182		52.0737		5.6003		43.7634		24.3691		19.7172		1.72831e-07		39.3732		19.6994		14.0991		24.064
183		49.9779		5.24757		41.9151		23.2681		19.0464		1.99026e-08		32.7581		18.7074		13.4598		23.2078
184		51.6032		5.58942		43.4001		24.2003		19.5131		8.8149e-08		39.4465		19.5904		14.0009		23.8097
185		51.4458		5.48674		43.2183		24.0677		19.5418		3.55639e-09		36.3888		19.4322		13.9455		23.7861
186		55.094		6.20349		46.5211		26.0962		20.6528		1.13083e-07		61.4393		21.4299		15.2264		25.0912
187		50.5975		5.33274		42.4903		23.5962		19.2479		8.1474e-08		34.2736		19.0249		13.6922		23.4654
188		54.1001		5.98177		45.6536		25.5218		20.3368		1.7926e-07		49.6319		20.8827		14.9009		24.7709
189		48.1229		4.97256		40.2599		22.2865		18.3933		1.67496e-08		27.7889		17.8128		12.8402		22.4471
190		50.7044		5.28682		42.508		23.5714		19.2994		2.7563e-07		33.0261		18.9516		13.6648		23.5563
191		49.0936		5.08041		41.0381		22.7612		18.7594		6.16541e-07		29.1833		18.23		13.1496		22.8081
192		51.9457		5.58952		43.6611		24.3298		19.675		1.65501e-06		39.5724		19.674		14.0844		23.9871
193		51.3812		5.424		43.1471		23.9705		19.5458		1.48325e-06		34.1631		19.3209		13.8969		23.8262
194		48.5765		4.98339		40.6249		22.4514		18.5867		7.58083e-07		27.1244		17.8828		12.8994		22.7421
195		51.1093		5.44971		42.9539		23.8746		19.4218		9.48131e-08		34.644		19.2664		13.8167		23.6875
196		49.6204		5.2226		41.6099		23.1244		18.919		2.04969e-08		31.4306		18.6134		13.3908		22.9966
197		51.4921		5.50496		43.2919		24.0846		19.5261		1.10293e-09		36.5775		19.4226		13.9176		23.8694
198		53.645		5.90732		45.2893		25.2735		20.2078		2.48463e-06		48.3404		20.601		14.6937		24.6883
199		49.9945		5.23795		41.8744		23.26		19.0862		2.33831e-06		31.3363		18.6744		13.4365		23.2
200		47.7524		4.89165		39.9182		22.0925		18.3205		8.45401e-07		26.832		17.5845		12.6929		22.3337
201		50.4856		5.29612		42.352		23.4983		19.212		3.91954e-07		32.4302		18.8976		13.6015		23.4544
202		49.909		5.22334		41.8517		23.2161		19.0117		2.11167e-07		30.8542		18.67		13.4467		23.1817
203		51.3207		5.47516		43.1282		23.9731		19.4893		8.87964e-08		36.4376		19.3267		13.8516		23.8015
204		50.6003		5.34465		42.4706		23.5803		19.2371		5.23395e-07		33.6788		18.9845		13.6399		23.4861
205		51.6131		5.55922		43.4069		24.1784		19.51		3.77674e-07		39.3033		19.5822		14.023		23.8247
206		50.275		5.25557		42.1429		23.4244		19.1787		1.11657e-06		32.0446		18.8323		13.5768		23.3106
207		53.1861		5.82326		44.8401		25.0145		20.053		2.05889e-07		45.2653		20.3637		14.5404		24.4764
208		48.0852		4.92798		40.2248		22.2425		18.4097		3.2323e-06		27.401		17.7417		12.8137		22.4831
209		50.2432		5.28061		42.0985		23.3808		19.139		1.73803e-07		32.4119		18.7903		13.5097		23.3083
210		51.6691		5.52477		43.3738		24.1505		19.5955		2.4111e-07		37.2138		19.4892		13.9644		23.8846
211		49.6671		5.13602		41.6144		23.0767		19.0216		1.02109e-07		29.9983		18.468		13.332		23.1464
212		51.633		5.54333		43.4129		24.1734		19.5687		5.58192e-07		38.8126		19.5398		13.9964		23.8732
213		52.9385		5.7647		44.5988		24.8701		19.9853		2.06182e-05		45.4403		20.2335		14.4688		24.3653
214		51.1025		5.44972		42.9139		23.8588		19.3802		2.16449e-07		35.9553		19.2525		13.8028		23.6614
215		50.7747		5.42216		42.6471		23.7351		19.2658		1.54887e-06		36.0219		19.1498		13.7277		23.4973
216		48.1288		4.91271		40.2086		22.224		18.4647		2.67744e-07		26.7294		17.6377		12.725		22.5709
217		49.1299		5.1234		41.1853		22.8724		18.7657		3.43956e-09		30.4548		18.3879		13.2645		22.7973
218		49.2563		5.1526		41.2975		22.9208		18.8429		1.23519e-06		29.9098		18.3546		13.202		22.9429
219		52.6951		5.6594		44.2975		24.6828		19.9371		1.57911e-07		41.5882		20.0087		14.3493		24.2887
220		49.1643		5.10992		41.1794		22.8526		18.7687		3.81769e-09		29.7729		18.3472		13.2373		22.8322
221		50.4098		5.31104		42.2961		23.487		19.176		5.46243e-08		32.676		18.9167		13.6056		23.3794
222		53.0868		5.80715		44.7429		24.9695		20.034		3.08079e-08		44.6617		20.3307		14.5235		24.4122
223		51.6717		5.5357		43.4306		24.1633		19.5878		2.46691e-06		37.5937		19.5583		14.0226		23.8722
224		52.7711		5.67255		44.3585		24.7063		19.9378		4.66589e-09		40.342		20.0333		14.3607		24.3252
225		51.8174		5.56481		43.5604		24.2401		19.6254		1.111e-06		38.4353		19.5529		13.9881		24.0075
226		50.5646		5.29224		42.4152		23.5098		19.2184		2.07784e-07		33.0704		18.9194		13.6272		23.4958
227		51.7043		5.53924		43.4508		24.2159		19.6117		6.13074e-08		37.5135		19.5934		14.0542		23.8574
228		49.0443		5.0858		41.0347		22.7658		18.7517		2.84373e-10		29.8024		18.2377		13.1519		22.797
229		49.3532		5.12802		41.2983		22.9274		18.8679		3.02107e-10		29.4359		18.3692		13.2412		22.9291
230		49.4984		5.18436		41.5039		23.0159		18.8781		1.04797e-07		30.4		18.4822		13.2978		23.0218
231		53.6289		5.92587		45.3145		25.309		20.1672		7.28318e-06		49.496		20.7178		14.7919		24.5967
232		51.7164		5.53016		43.4363		24.1925		19.6288		1.14546e-06		37.3754		19.5178		13.9877		23.9185
233		52.319		5.69739		44.0299		24.5595		19.7653		1.09416e-06		41.6981		19.9333		14.2359		24.0966
234		51.4549		5.48037		43.2765		24.0383		19.5628		3.35479e-07		35.9657		19.357		13.8766		23.9195
235		52.2992		5.6544		43.9919		24.543		19.7739		3.06033e-06		42.1846		19.9497		14.2953		24.0422
236		50.2093		5.26659		42.0959		23.3757		19.1138		1.61323e-06		32.3682		18.8186		13.552		23.2773
237		48.3436		4.97091		40.469		22.4103		18.5348		4.12708e-07		27.1648		17.8643		12.8933		22.6048
238		52.368		5.61055		44.0616		24.5189		19.8179		1.93881e-07		39.0578		19.8541		14.2435		24.2075
239		49.2861		5.14694		41.3033		22.9187		18.8275		1.40507e-06		30.7314		18.3802		13.2332		22.9232
240		51.5098		5.44518		43.2545		24.0266		19.5619		5.21375e-06		35.6839		19.3626		13.9174		23.8919
241		51.5037		5.46608		43.2948		24.0874		19.6132		6.17336e-08		36.2763		19.4143		13.9482		23.8805
242		52.9354		5.68903		44.5343		24.7857		20.0252		3.83311e-08		39.7522		20.0759		14.3868		24.4585
243		50.2001		5.29589		42.1415		23.406		19.118		8.10949e-07		32.7897		18.84		13.5441		23.3014
244		52.3811		5.65612		44.0767		24.554		19.7914		6.42501e-07		41.4772		19.9144		14.2583		24.1622
245		48.8085		5.0087		40.8293		22.5662		18.6585		4.72575e-07		28.2984		17.9867		12.978		22.8426
246		50.1321		5.29742		42.0634		23.3435		19.062		2.99795e-06		32.3714		18.7921		13.4947		23.2713
247		52.0939		5.54351		43.7282		24.3287		19.7703		7.37762e-06		38.0682		19.6095		14.066		24.1186
248		49.4553		5.10019		41.3783		22.9288		18.8837		4.80798e-06		29.7712		18.3699		13.2697		23.0084
249		50.2753		5.29486		42.1949		23.4079		19.116		1.46995e-06		32.5071		18.8301		13.5353		23.3647
250		50.3929		5.28666		42.2331		23.4471		19.1768		4.50033e-06		32.9775		18.8842		13.5975		23.3489
251		50.7509		5.38201		42.5446		23.6461		19.2842		2.62486e-07		34.1478		19.0358		13.6538		23.5088
252		51.2488		5.46391		43.0272		23.9452		19.4551		6.95711e-09		35.9991		19.3224		13.8584		23.7049
253		49.6595		5.16666		41.5879		23.0507		18.913		1.45186e-07		30.9191		18.509		13.3423		23.0789
254		48.4153		4.96222		40.5581		22.4258		18.538		2.60352e-06		27.7763		17.9063		12.9441		22.6518
255		51.5677		5.51675		43.3378		24.1287		19.5305		1.03357e-08		37.9153		19.4909		13.9741		23.8469
256		50.2918		5.26718		42.1622		23.3926		19.1387		1.95434e-06		32.0788		18.8112		13.544		23.351
257		53.2908		5.8035		44.8887		25.0358		20.1056		2.62413e-08		44.734		20.3631		14.5596		24.5257
258		51.0388		5.40686		42.8254		23.8369		19.4026		1.18021e-06		34.9746		19.2398		13.833		23.5855
259		50.7917		5.38687		42.6455		23.6756		19.2826		3.70137e-06		34.4436		19.0905		13.7036		23.555
260		51.1354		5.40674		42.9592		23.8503		19.4388		2.39217e-06		34.4968		19.2149		13.8082		23.7443
261		53.2119		5.77326		44.8066		24.9472		20.0558		1.00733e-06		44.6448		20.2715		14.4982		24.5351
262		48.8222		5.09142		40.87		22.674		18.6319		7.05041e-07		29.151		18.1824		13.091		22.6875
263		48.9552		5.06249		40.9357		22.6903		18.6962		5.67122e-07		29.2735		18.1759		13.1134		22.7598
264		51.4606		5.51706		43.2417		24.0843		19.4905		1.40863e-06		37.3195		19.4814		13.9644		23.7603
265		49.8499		5.18277		41.7875		23.1562		19.0374		1.27817e-06		30.8408		18.5552		13.3725		23.2322
266		53.4676		5.82459		44.9913		25.0889		20.1474		2.38198e-06		45.2386		20.4001		14.5756		24.5911
267		52.1007		5.60225		43.7713		24.3822		19.7074		9.28566e-08		39.4205		19.7239		14.1216		24.0474
268		50.3973		5.3235		42.3243		23.5345		19.1663		5.7978e-09		34.7335		18.9441		13.6206		23.3802
269		48.9281		4.98223		40.923		22.6149		18.754		8.19367e-08		27.5155		18.0227		13.0405		22.9003
270		48.1009		4.9167		40.2647		22.2451		18.4279		2.59869e-06		26.854		17.7248		12.8081		22.5399
271		49.2546		5.11335		41.2532		22.9052		18.8746		5.57564e-08		29.1054		18.365		13.2516		22.8882
272		52.5383		5.6967		44.1844		24.6328		19.8554		1.07311e-06		41.586		19.9669		14.2702		24.2176
273		53.2105		5.75944		44.8725		24.9709		20.082		1.32638e-06		44.4021		20.3044		14.5449		24.5682
274		50.1727		5.24365		42.0611		23.3322		19.1274		3.43962e-08		32.1519		18.7564		13.5128		23.3046
275		50.682		5.34277		42.4727		23.5719		19.2765		1.66445e-07		32.776		18.9556		13.6128		23.5172
276		53.1877		5.80511		44.8236		24.992		20.0541		2.46184e-06		45.0597		20.3629		14.5578		24.4607
277		48.741		5.00758		40.7848		22.5538		18.6463		8.14019e-09		27.5267		18.0005		12.9929		22.7842
278		54.3117		5.98909		45.8186		25.586		20.4419		1.47804e-06		51.9819		20.8828		14.8937		24.9358
279		48.9331		5.07749		40.9619		22.7074		18.6807		1.36189e-06		29.3613		18.1915		13.114		22.7704
280		52.6964		5.71021		44.2925		24.7003		19.9189		6.19806e-08		40.3368		20.0227		14.3124		24.2699
281		48.5006		4.98818		40.567		22.4494		18.5529		1.26318e-05		27.4894		17.907		12.9188		22.66
282		51.547		5.49985		43.2571		24.0808		19.5212		3.38703e-06		38.1272		19.4242		13.9243		23.8329
283		51.7348		5.5561		43.4757		24.2053		19.5985		2.48531e-07		39.8501		19.5631		14.007		23.9126
284		51.2673		5.48022		43.0181		23.9745		19.4511		1.26695e-07		36.7355		19.3407		13.8604		23.6774
285		51.9319		5.60261		43.6786		24.3341		19.671		1.5634e-05		39.4556		19.6893		14.0867		23.9893
286		51.1055		5.40825		42.9708		23.8846		19.4398		7.30029e-07		35.4377		19.2692		13.861		23.7016
287		50.8074		5.38406		42.6162		23.6705		19.3042		6.00965e-09		35.0544		19.0625		13.6785		23.5536
288		51.4276		5.43867		43.1713		23.9912		19.5233		6.49917e-08		35.8439		19.3515		13.9128		23.8198
289		50.4055		5.30473		42.3077		23.4761		19.1715		9.85655e-07		32.9285		18.8874		13.5827		23.4203
290		51.0119		5.44136		42.7976		23.8078		19.3706		4.95888e-07		35.5299		19.1597		13.7183		23.6379
291		50.935		5.37271		42.7121		23.7385		19.4026		1.17475e-06		33.7797		19.0745		13.7018		23.6375
292		50.3572		5.25684		42.247		23.4436		19.2522		5.95955e-06		31.5391		18.8125		13.5557		23.4345
293		51.4026		5.47232		43.1914		24.0096		19.4761		1.41023e-07		37.3557		19.3623		13.89		23.829
294		50.1626		5.24104		42.1058		23.3507		19.1243		1.88875e-08		32.5904		18.7722		13.5312		23.3336
295		49.4386		5.16167		41.3665		22.9684		18.8675		1.31813e-06		30.4615		18.4388		13.2771		22.9277
296		54.2062		5.99064		45.7278		25.5596		20.4182		1.62339e-06		49.7708		20.866		14.8754		24.8618
297		50.7084		5.35356		42.5554		23.6124		19.2566		2.6788e-06		34.0808		19.0051		13.6515		23.5503
298		51.4631		5.5288		43.2125		24.0767		19.5046		2.50638e-06		37.2362		19.4361		13.9073		23.7764
299		53.435		5.87171		45.112		25.1847		20.1639		1.09355e-06		49.3942		20.5378		14.6661		24.5742
300		50.7447		5.37773		42.6205		23.6792		19.3166		3.14198e-06		34.2612		19.0555		13.6777		23.565
301		51.1897		5.46416		43.0234		23.9553		19.4515		1.71779e-07		36.3223		19.3376		13.8734		23.6858
302		49.1394		5.09042		41.1271		22.7917		18.7688		5.78263e-07		29.7566		18.2593		13.1689		22.8678
303		50.5521		5.32331		42.4375		23.5963		19.2741		1.62332e-11		33.9048		18.9977		13.6744		23.4399
304		52.564		5.64073		44.1883		24.6148		19.9026		3.80163e-06		39.8336		19.935		14.2942		24.2533
305		47.563		4.86135		39.713		21.9606		18.2459		1.37248e-07		25.8542		17.4488		12.5874		22.2642
306		48.8877		5.01588		40.9146		22.6188		18.6871		6.10912e-07		28.4052		18.0597		13.0438		22.8549
307		49.6471		5.222		41.6344		23.1076		18.9009		2.27485e-07		31.9704		18.5708		13.3488		23.0636
308		50.0005		5.26992		41.9388		23.2714		19.0203		1.16249e-06		32.5568		18.7172		13.4473		23.2216
309		48.5853		4.97747		40.6004		22.4451		18.5876		6.69552e-06		27.5498		17.8683		12.8909		22.7321
310		51.3193		5.42138		43.1269		23.9474		19.522		1.66968e-06		35.1688		19.3219		13.9005		23.8051
311		52.2254		5.59567		43.9064		24.4182		19.7639		0		38.7299		19.7287		14.133		24.1777
312		49.572		5.14675		41.458		23.0022		18.8952		4.30664e-07		31.0422		18.4709		13.3242		22.9871
313		51.4783		5.53999		43.3265		24.1303		19.5475		2.08423e-07		37.452		19.4975		13.9575		23.829
314		48.984		5.07663		40.9688		22.7326		18.7217		3.55725e-06		29.4315		18.1904		13.1137		22.7784
315		50.4612		5.27328		42.3043		23.4637		19.2289		1.25769e-08		32.9223		18.8504		13.5772		23.4538
316		51.509		5.54036		43.299		24.1107		19.5023		7.55178e-09		37.5899		19.4684		13.928		23.8306
317		50.424		5.31014		42.3224		23.5178		19.1875		1.91325e-07		33.519		18.9414		13.6313		23.381
318		51.0375		5.36859		42.8067		23.7835		19.4498		4.69062e-07		34.5662		19.1181		13.7495		23.6886
319		53.2208		5.81254		44.8801		25.0221		20.0608		4.7129e-06		44.609		20.3959		14.5833		24.4842
320		49.0944		5.13535		41.1546		22.854		18.7176		5.18282e-09		30.7601		18.3832		13.2479		22.7714
321		51.1327		5.43882		42.9481		23.8837		19.4085		3.0809e-07		36.26		19.2845		13.8457		23.6636
322		50.5401		5.30902		42.3634		23.479		19.197		3.69984e-06		32.5899		18.8484		13.5394		23.515
323		50.8029		5.35437		42.6167		23.6745		19.3442		3.04222e-07		33.9385		19.0515		13.6971		23.5651
324		51.3419		5.42683		43.0904		23.937		19.4944		5.20241e-07		35.2512		19.3162		13.8894		23.7742
325		50.6109		5.36965		42.4427		23.6046		19.2455		3.35465e-07		34.2582		19.0324		13.6628		23.4103
326		49.2436		5.0845		41.2214		22.8234		18.8281		2.24272e-09		29.0568		18.2443		13.1598		22.9771
327		52.7002		5.71684		44.3646		24.7202		19.8858		4.06268e-07		43.2165		20.0806		14.3638		24.284
328		51.659		5.535		43.4315		24.188		19.5944		3.99369e-07		38.1243		19.5202		13.9852		23.9113
329		52.0401		5.67213		43.8309		24.4318		19.6271		5.29707e-06		42.713		19.8502		14.178		23.9808
330		50.6167		5.30185		42.4802		23.5349		19.2691		7.29214e-08		33.1235		18.9125		13.6106		23.5677
331		50.6893		5.34414		42.5383		23.6018		19.2871		1.28054e-06		34.3647		18.9814		13.6373		23.5569
332		50.2855		5.30989		42.2408		23.4323		19.105		2.25349e-07		34.2143		18.8697		13.5598		23.371
333		50.9867		5.43377		42.7502		23.7887		19.3383		8.92741e-08		34.7279		19.1892		13.7554		23.561
334		49.7755		5.15529		41.7012		23.0838		18.9943		1.1124e-08		29.8613		18.4887		13.3334		23.2125
335		49.5809		5.24143		41.6859		23.1571		18.9332		2.34494e-08		31.6396		18.6447		13.4033		23.0412
336		49.2759		5.13112		41.2423		22.9049		18.8152		3.16414e-07		30.2321		18.372		13.2409		22.8703
337		48.7734		5.06707		40.7933		22.6328		18.6394		2.16261e-08		29.6533		18.116		13.0489		22.6773
338		49.11		5.0115		41.073		22.7177		18.772		1.64174e-07		28.5037		18.1565		13.145		22.9164
339		48.9539		5.06695		41.0372		22.7476		18.7176		2.73102e-06		29.1848		18.2487		13.1817		22.7885
340		47.7837		4.86677		39.9653		22.1006		18.3623		6.48503e-06		26.4389		17.5427		12.676		22.4226
341		51.3271		5.43964		43.1248		23.9968		19.5255		2.93807e-09		35.709		19.3812		13.9415		23.7436
342		52.3763		5.65153		44.0721		24.5252		19.7947		2.40977e-07		40.7867		19.8403		14.1888		24.2318
343		48.4456		4.96847		40.5398		22.4159		18.5714		5.42064e-08		27.1448		17.8428		12.8743		22.697
344		51.1656		5.39575		42.9715		23.8419		19.4442		2.36509e-08		34.4031		19.2173		13.8216		23.7541
345		50.3048		5.35382		42.2567		23.4667		19.0887		3.99323e-09		34.5651		18.9288		13.575		23.3279
346		50.8246		5.43315		42.6306		23.7643		19.2906		2.25721e-07		35.5908		19.1605		13.7274		23.47
347		49.2065		5.10991		41.1755		22.849		18.7991		4.14438e-07		28.914		18.3223		13.2124		22.8532
348		50.6968		5.36381		42.5832		23.6658		19.2677		4.3254e-07		34.0614		19.0809		13.7171		23.5023
349		49.44		5.091		41.3275		22.9161		18.9223		1.29103e-07		28.7306		18.3326		13.2416		22.9949
350		51.0044		5.36796		42.8083		23.7448		19.4129		5.188e-07		33.3018		19.075		13.707		23.7334
351		55.3912		6.16392		46.7873		26.209		20.7927		5.43911e-07		57.7088		21.5455		15.3816		25.2418
352		53.3132		5.81422		44.9745		25.0669		20.0844		1.35897e-06		44.981		20.4367		14.6224		24.5379
353		50.339		5.32543		42.2377		23.4533		19.1061		1.42003e-07		33.1956		18.9117		13.5862		23.3261
354		52.2963		5.60068		44.0336		24.4902		19.847		1.94122e-06		38.5083		19.7862		14.1855		24.2474
355		48.715		5.03961		40.7609		22.5761		18.6183		1.36565e-06		28.6877		18.0712		13.0316		22.6897
356		51.3206		5.49084		43.056		23.9906		19.4484		1.22507e-07		36.6287		19.3515		13.8606		23.7046
357		50.6195		5.30616		42.4636		23.5342		19.2459		4.98997e-09		33.1704		18.9014		13.5953		23.5621
358		50.1103		5.2326		41.9492		23.259		19.1082		6.52796e-08		30.6104		18.6621		13.4295		23.2871
359		51.1845		5.43716		42.97		23.8963		19.4612		1.56462e-07		34.6628		19.2525		13.8153		23.7174
360		53.3884		5.77605		44.9335		25.0363		20.1385		9.54131e-08		44.2578		20.3473		14.5712		24.5862
361		51.2987		5.44069		43.1031		23.9628		19.4763		5.65141e-06		35.842		19.3595		13.9188		23.7436
362		50.7579		5.38659		42.6444		23.6897		19.2821		6.30742e-08		33.6571		19.1135		13.7269		23.5309
363		47.0582		4.77816		39.2129		21.7154		18.0618		2.25474e-06		24.9299		17.206		12.4279		22.0069
364		50.034		5.222		41.9284		23.26		19.0969		1.26336e-06		30.7029		18.6779		13.4559		23.2505
365		50.9122		5.43007		42.8011		23.8298		19.332		7.0986e-08		35.5978		19.2329		13.8028		23.5682
366		50.393		5.29626		42.2633		23.4463		19.1902		5.13139e-07		32.4714		18.847		13.5508		23.4163
367		50.7581		5.3783		42.6317		23.6822		19.3222		1.23958e-06		33.7619		19.0647		13.6864		23.567
368		49.0515		5.09617		41.0436		22.7659		18.7303		2.60786e-07		30.0089		18.2375		13.1414		22.8061
369		49.6557		5.13327		41.5182		23.02		18.9997		3.81384e-07		29.1851		18.412		13.2787		23.1062
370		52.2371		5.63143		43.9611		24.5047		19.7743		3.23384e-06		40.3299		19.8824		14.251		24.0787
371		50.5713		5.36877		42.4623		23.6179		19.215		7.69025e-07		34.8488		19.0119		13.6431		23.4503
372		53.9495		5.93957		45.4671		25.3928		20.2967		1.27281e-06		48.5651		20.734		14.7944		24.7331
373		52.5489		5.65925		44.1939		24.636		19.8912		2.46164e-08		40.4615		19.9658		14.3066		24.2281
374		50.6135		5.30856		42.4241		23.5264		19.2717		2.08145e-07		32.712		18.8917		13.5831		23.5323
375		51.5438		5.48816		43.271		24.1232		19.5771		1.25802e-08		37.1445		19.4746		13.9864		23.7964
376		51.594		5.4942		43.3741		24.1327		19.5948		4.81821e-08		36.8059		19.4695		13.9753		23.9045
377		50.586		5.33978		42.4747		23.5826		19.2721		3.43322e-08		33.3122		18.9454		13.6056		23.5293
378		51.8974		5.48308		43.5199		24.2043		19.6878		2.97738e-07		36.6969		19.508		14.0249		24.012
379		50.3964		5.36766		42.3223		23.5595		19.1577		3.76071e-06		34.621		18.9853		13.6176		23.337
380		50.8063		5.37479		42.6768		23.7011		19.3161		6.88774e-08		34.5993		19.1061		13.7313		23.5707
381		50.8703		5.3905		42.7762		23.7636		19.375		8.86191e-06		34.4696		19.1237		13.7332		23.6525
382		51.4804		5.4752		43.2104		24.0539		19.5536		1.00823e-07		36.4186		19.3971		13.9219		23.8133
383		52.5545		5.63323		44.164		24.5732		19.9111		4.79362e-09		39.4952		19.837		14.2038		24.327
384		53.3745		5.83275		44.9904		25.081		20.0935		2.30537e-07		46.059		20.4276		14.5948		24.5628
385		51.2221		5.43318		43.0444		23.8982		19.4157		3.7612e-07		34.9902		19.2848		13.8517		23.7596
386		52.8838		5.73791		44.4688		24.8105		19.9583		2.25909e-06		43.7911		20.1598		14.4219		24.309
387		52.1498		5.58728		43.8521		24.411		19.7404		9.75755e-08		39.5571		19.7468		14.1595		24.1053
388		51.8051		5.53153		43.5165		24.2173		19.6439		1.9356e-06		38.0374		19.5375		14.006		23.9789
389		50.5435		5.2956		42.389		23.5294		19.2303		4.71231e-07		32.7094		18.954		13.6584		23.435
390		51.1106		5.42157		42.9251		23.9003		19.4383		3.03258e-06		35.9586		19.2672		13.8456		23.6579
391		50.8964		5.40115		42.7078		23.7387		19.3666		1.16944e-06		33.8163		19.135		13.7338		23.5729
392		49.6919		5.20557		41.6875		23.1176		18.9335		5.91383e-06		31.1567		18.5757		13.3701		23.1118
393		50.9745		5.41164		42.776		23.7711		19.3745		3.99049e-09		33.7754		19.148		13.7363		23.628
394		51.3548		5.4762		43.1429		23.9722		19.4947		2.68421e-06		35.8232		19.3141		13.8379		23.8288
395		51.302		5.40883		43.0735		23.8891		19.4804		7.76085e-08		34.7192		19.2389		13.8301		23.8346
396		51.0049		5.40468		42.8502		23.8321		19.4138		2.60947e-07		35.5834		19.2062		13.8015		23.644
397		51.316		5.50511		43.1329		24.0104		19.4456		5.24414e-06		37.465		19.405		13.8999		23.728
398		49.7473		5.17123		41.7013		23.1503		19.0098		8.43003e-08		30.4206		18.582		13.4107		23.1193
399		52.0957		5.58704		43.7882		24.3903		19.7306		2.14859e-06		39.3528		19.7234		14.1364		24.0648
400		48.779		5.01006		40.7766		22.5572		18.6713		8.38803e-08		27.6907		17.9836		12.9735		22.7931
401		48.8237		5.07367		40.8193		22.6571		18.6722		7.785e-09		28.855		18.1176		13.044		22.7017
402		49.9661		5.26052		41.8499		23.283		19.1179		6.44938e-08		31.1651		18.7089		13.4484		23.141
403		49.4941		5.12444		41.4147		22.954		18.8926		1.8375e-06		29.7512		18.3806		13.2562		23.0341
404		53.9104		5.99677		45.5368		25.4753		20.2837		7.29881e-06		53.2214		20.8757		14.879		24.6611
405		50.8942		5.43699		42.7096		23.7872		19.3516		1.58761e-09		36.1308		19.1753		13.7383		23.5343
406		48.9111		5.07593		40.8784		22.6644		18.6952		1.48497e-06		28.8363		18.1197		13.0437		22.7587
407		50.4488		5.32134		42.3467		23.5332		19.1696		1.4041e-07		33.6815		18.9596		13.6382		23.3871
408		49.3187		5.12261		41.2947		22.8871		18.8288		5.95787e-07		30.0204		18.3471		13.2245		22.9476
409		51.8779		5.55855		43.5603		24.2561		19.6447		1.02267e-06		37.9351		19.5819		14.0234		23.9784
410		47.3281		4.78912		39.4862		21.8504		18.1683		7.30003e-07		24.9944		17.323		12.5339		22.1632
411		49.4795		5.13982		41.3824		22.9422		18.8726		9.57069e-08		29.74		18.4059		13.2661		22.9764
412		50.3935		5.26835		42.2715		23.4449		19.2196		9.83766e-08		31.924		18.8291		13.5608		23.4424
413		52.5309		5.68968		44.2271		24.6303		19.8192		7.14206e-07		41.9607		20.027		14.3373		24.2002
414		52.8819		5.71096		44.4715		24.7934		19.9888		1.38334e-07		41.5794		20.1388		14.4278		24.3327
415		51.6101		5.52405		43.3198		24.1653		19.6022		4.9644e-09		37.3132		19.5064		13.9824		23.8134
416		50.7792		5.3696		42.6481		23.6538		19.3078		2.66934e-08		33.5722		19.0222		13.6526		23.6259
417		51.9585		5.60018		43.6812		24.318		19.6785		1.88831e-06		39.9301		19.6696		14.0694		24.0116
418		50.5083		5.34028		42.3896		23.5418		19.1941		1.17214e-06		34.0927		18.9863		13.6461		23.4033
419		50.1336		5.28515		42.0337		23.3425		19.1308		4.27633e-07		31.7377		18.7349		13.4498		23.2988
420		48.7378		5.08193		40.7867		22.619		18.5935		4.33933e-06		29.2153		18.1327		13.0508		22.654
421		49.6843		5.21323		41.6459		23.1338		18.9277		1.23275e-07		30.5266		18.6154		13.4021		23.0305
422		50.5821		5.36618		42.4675		23.6074		19.2283		1.56724e-08		34.4232		19.0389		13.6727		23.4287
423		51.52		5.53125		43.233		24.0852		19.5343		1.6778e-06		37.7175		19.4229		13.8917		23.81
424		52.6324		5.66696		44.3133		24.6556		19.8945		2.20237e-06		41.8311		19.9748		14.3078		24.3386
425		49.7813		5.17896		41.7268		23.102		18.9658		1.7165e-06		31.0066		18.5326		13.3537		23.1942
426		51.8379		5.58919		43.5922		24.2684		19.6138		2.73287e-08		39.6661		19.6085		14.0193		23.9837
427		50.2337		5.29058		42.1307		23.3937		19.1193		1.72634e-06		32.6155		18.8296		13.539		23.3011
428		54.4095		5.99366		45.9169		25.6502		20.493		2.08274e-07		49.7198		20.9748		14.9811		24.9421
429		51.3398		5.47982		43.1379		24.0011		19.5168		8.51566e-07		35.7471		19.3475		13.8677		23.7904
430		49.6217		5.19473		41.6325		23.0557		18.9225		1.085e-08		31.2475		18.49		13.2952		23.1425
431		54.908		6.10917		46.3773		25.9458		20.619		2.09163e-06		57.2017		21.2564		15.1472		25.1209
432		48.8454		5.08854		40.8707		22.6462		18.6507		2.24022e-06		29.1207		18.1222		13.0336		22.7485
433		50.0185		5.28735		41.9684		23.3081		19.013		3.30145e-08		33.0942		18.7751		13.4878		23.1933
434		49.6969		5.19753		41.6579		23.1316		18.9583		8.83458e-08		30.956		18.5938		13.3963		23.0641
435		49.0144		5.05831		41.0354		22.7147		18.7351		9.78859e-08		29.3213		18.1754		13.1171		22.86
436		51.3127		5.47369		43.1213		23.9871		19.4919		4.51096e-06		36.2103		19.3358		13.8621		23.7854
437		50.8977		5.33993		42.6673		23.6769		19.3698		5.96177e-06		33.9273		19.0202		13.6803		23.6471
438		52.7396		5.70161		44.3362		24.6971		19.8938		5.66578e-06		42.0926		20.0179		14.3163		24.3183
439		50.5889		5.32402		42.4345		23.5537		19.2394		5.06179e-09		33.3209		18.9455		13.6215		23.4889
440		51.4665		5.51582		43.2738		24.0973		19.5149		4.51243e-07		37.4502		19.4924		13.9766		23.7814
441		49.3426		5.15061		41.2742		22.8987		18.8121		3.37726e-06		29.4126		18.378		13.2274		22.8961
442		51.9609		5.59424		43.6964		24.3337		19.6729		5.0379e-07		39.3978		19.6989		14.1047		23.9975
443		51.8876		5.50711		43.5546		24.2529		19.7346		8.13789e-08		36.3841		19.5598		14.0527		23.9949
444		51.2743		5.48526		43.121		23.9572		19.4498		9.21451e-07		35.5734		19.3238		13.8385		23.7973
445		52.0582		5.56057		43.7621		24.3685		19.7744		2.17367e-07		37.0147		19.6995		14.139		24.0626
446		50.7535		5.37279		42.6357		23.6704		19.2812		1.21164e-06		33.9565		19.0776		13.7048		23.5581
447		50.1734		5.28527		42.0989		23.3745		19.0808		2.01114e-06		32.5707		18.81		13.5247		23.2889
448		53.0867		5.77765		44.7048		24.9287		20.0376		7.05908e-08		43.7172		20.2592		14.4815		24.4456
449		53.2682		5.77872		44.8501		24.9881		20.1151		1.80352e-10		43.7232		20.2905		14.5118		24.5596
450		50.5834		5.32891		42.4519		23.5659		19.2418		3.17075e-07		33.3552		18.9764		13.6475		23.4755
451		49.9324		5.28145		41.8984		23.2812		19.035		1.50636e-07		31.5947		18.716		13.4346		23.1823
452		50.6283		5.36696		42.4977		23.604		19.2394		2.25321e-07		34.0215		19.0169		13.6499		23.4808
453		50.5037		5.32684		42.4047		23.5255		19.2075		2.04568e-07		33.62		18.9317		13.6049		23.473
454		49.4745		5.15087		41.4169		23.0037		18.8716		2.10046e-07		30.7801		18.4836		13.3328		22.9332
455		48.885		5.05951		40.9145		22.6329		18.6656		1.01438e-08		28.0921		18.0891		13.0295		22.8254
456		48.5186		4.97861		40.5743		22.4245		18.5525		2.8734e-07		27.4421		17.858		12.8794		22.7163
457		50.4502		5.25695		42.3368		23.453		19.22		1.21734e-08		32.8406		18.842		13.5851		23.4948
458		49.9119		5.17645		41.7756		23.1667		19.0335		2.52364e-07		30.949		18.5869		13.4104		23.1887
459		50.8841		5.33012		42.6409		23.6973		19.3996		4.1543e-06		32.7971		19.0809		13.7508		23.56
460		51.1949		5.41982		42.9981		23.8765		19.4472		9.30706e-08		35.4151		19.2412		13.8214		23.7569
461		50.4193		5.28683		42.2681		23.4633		19.208		2.9389e-10		32.4785		18.8828		13.596		23.3852
462		50.4323		5.35082		42.3165		23.5182		19.1517		5.97644e-08		33.6252		18.9801		13.6293		23.3364
463		51.4595		5.47209		43.1826		24.0371		19.5441		1.04138e-07		36.6678		19.3721		13.9		23.8104
464		49.6145		5.15401		41.5549		23.0672		18.9722		6.68526e-07		30.0519		18.4931		13.3391		23.0618
465		49.3606		5.16163		41.3576		22.9717		18.8669		7.93967e-06		30.303		18.4424		13.2807		22.9153
466		57.4054		6.57085		48.5947		27.2643		21.3801		3.19989e-06		79.8901		22.5133		15.9424		26.0814
467		50.5579		5.29526		42.418		23.5438		19.2429		4.4298e-08		33.8134		18.9408		13.6455		23.4772
468		50.6394		5.37545		42.4819		23.6248		19.25		8.2572e-08		34.2332		19.0407		13.6653		23.4412
469		50.1755		5.2325		42.0265		23.3087		19.132		2.9925e-06		31.7543		18.71		13.4775		23.3165
470		50.4803		5.31049		42.3195		23.4949		19.201		4.31946e-08		33.7125		18.9035		13.5931		23.416
471		51.0791		5.47777		42.9381		23.8908		19.3879		1.18849e-06		35.8572		19.2889		13.8111		23.6492
472		52.5958		5.70108		44.2653		24.6764		19.8544		4.28478e-06		41.9837		20.0632		14.3621		24.2021
473		51.7328		5.54618		43.4572		24.2145		19.6199		6.46484e-07		37.3722		19.5689		14.0227		23.8882
474		52.8989		5.76901		44.6054		24.8676		19.9368		4.90765e-06		44.2835		20.2665		14.4975		24.3389
475		51.2227		5.45629		43.0412		23.9451		19.4752		2.91016e-06		35.7367		19.3287		13.8724		23.7125
476		51.2058		5.4132		43.0068		23.8664		19.4701		1.15914e-05		33.7843		19.2061		13.7929		23.8007
477		48.7222		5.0256		40.7261		22.5885		18.6068		1.32154e-06		28.7607		18.0983		13.0727		22.6278
478		50.6225		5.37079		42.5098		23.6749		19.287		1.09313e-06		34.3642		19.0699		13.6991		23.4399
479		51.2018		5.46822		43.0143		23.95		19.438		8.72167e-08		36.721		19.3019		13.8337		23.7125
480		50.4883		5.26293		42.2497		23.4692		19.2436		7.99721e-06		31.5099		18.8674		13.6045		23.3823
481		52.1059		5.62917		43.81		24.4514		19.7507		3.5366e-07		38.4407		19.8171		14.188		23.9928
482		53.6776		5.88124		45.2204		25.2404		20.2034		1.99019e-06		48.703		20.5719		14.6906		24.6485
483		51.4761		5.46335		43.2682		24.0522		19.5693		1.5664e-05		36.4615		19.377		13.9137		23.8912
484		50.4033		5.279		42.28		23.445		19.1808		2.09681e-08		32.5119		18.8632		13.5842		23.4168
485		52.5425		5.69281		44.17		24.6225		19.8527		3.01789e-06		40.8047		19.9461		14.2533		24.2239
486		49.6089		5.18928		41.5562		23.0835		18.9711		1.73282e-06		30.4482		18.5003		13.311		23.0559
487		51.0469		5.39666		42.8419		23.7675		19.3943		1.91731e-09		33.8286		19.1306		13.7339		23.7113
488		50.1868		5.27022		42.1243		23.3644		19.1463		1.8071e-06		31.8779		18.7779		13.5077		23.3464
489		53.4017		5.83867		45.0104		25.1134		20.1439		5.5266e-07		45.6448		20.4469		14.6083		24.5634
490		51.037		5.43388		42.8489		23.8551		19.3521		1.6408e-10		35.5699		19.2753		13.8414		23.5736
491		52.2155		5.59499		43.8511		24.4346		19.791		5.06831e-08		39.3646		19.7356		14.1406		24.1156
492		50.03		5.21778		41.9559		23.2627		19.044		2.14134e-07		31.8954		18.7073		13.4896		23.2486
493		49.6124		5.16464		41.5606		23.0704		18.938		1.34658e-07		30.3894		18.5225		13.3579		23.0381
494		49.5003		5.19128		41.5357		23.0418		18.892		1.36224e-07		31.368		18.5021		13.3108		23.0335
495		49.9089		5.23138		41.8397		23.2081		18.9834		1.48512e-07		32.6713		18.6648		13.4334		23.1749
496		48.4534		4.986		40.5345		22.428		18.5318		3.44178e-08		27.7363		17.9013		12.9153		22.6332
497		53.2749		5.84491		44.8706		25.0617		20.0559		1.99148e-06		47.6377		20.4468		14.6019		24.4238
498		51.2587		5.4653		43.1211		23.9953		19.4885		3.1112e-07		36.7251		19.3687		13.9034		23.7524
499		52.3136		5.67524		44.0399		24.517		19.7399		1.61597e-07		41.2871		19.9001		14.2248		24.1398
500		48.6816		4.95925		40.6763		22.4949		18.6343		4.44347e-08		27.704		17.9398		12.9806		22.7365
