1		265.939		163.81		253.156		208.488		44.8311		215.56		47.3933		208.572		44.7623		44.5837
2		98.5523		19.5441		87.4408		53.8449		32.6289		57.2361		43.6305		50.519		30.9749		36.9218
3		193.04		95.5815		180.671		138.168		42.705		147.52		45.8018		138.125		42.5436		42.5456
4		239.299		138.883		226.747		182.838		44.1239		190.695		46.8618		182.875		43.9921		43.872
5		205.202		106.799		192.802		149.799		43.162		158.986		46.0455		149.776		42.9768		43.0259
6		182.584		85.4799		170.33		127.963		42.3893		137.833		45.7018		127.791		42.3112		42.5392
7		254.871		153.352		242.008		197.707		44.5575		205.299		47.2808		197.782		44.4298		44.2254
8		214.518		115.629		202.111		158.913		43.4124		167.758		46.3875		158.956		43.3266		43.1559
9		125.132		36.5611		113.458		75.4842		37.3657		84.1908		44.0336		73.7935		37.2324		39.6644
10		242.932		142.032		230.1		186.132		44.2464		193.754		46.9502		186.151		44.1188		43.9497
11		253.675		153.243		240.974		197.161		44.0891		204.454		46.8088		197.25		44.0073		43.7244
12		223.899		123.899		211.234		167.597		43.8274		176.162		46.7569		167.589		43.6901		43.645
13		208.477		109.53		195.98		152.744		43.3676		162.016		46.3288		152.75		43.2195		43.2308
14		155.113		60.3887		143.116		101.985		40.9007		112.293		45.2042		101.48		41.0912		41.636
15		203.358		105.434		191.11		148.317		42.9433		157.403		45.8888		148.323		42.8887		42.7872
16		202.345		103.901		189.93		146.932		43.1842		156.033		46.1109		146.946		43.0444		42.984
17		239.867		139.31		227.332		183.292		44.1655		191.123		46.9118		183.305		43.9951		44.0269
18		185.167		87.7271		172.795		130.297		42.5482		140.213		45.7648		130.209		42.4819		42.5861
19		227.359		127.06		214.8		170.966		44.0596		179.239		46.7966		170.987		43.9272		43.8126
20		250.886		149.625		238.188		193.951		44.4908		201.429		47.1677		194		44.3751		44.1877
21		245.629		145.18		233.035		189.119		44.1722		197.114		46.9216		189.2		44.0198		43.8343
22		261.224		159.837		248.426		204.154		44.5021		211.503		47.133		204.236		44.3996		44.1899
23		217.595		118.437		205.108		161.801		43.4945		170.534		46.5053		161.852		43.4151		43.2559
24		217.107		117.589		204.541		161.053		43.6223		169.867		46.5666		161.033		43.4442		43.5081
25		156.072		61.1012		143.973		102.78		41.0177		113.397		45.3463		102.227		41.1262		41.7454
26		150.703		56.6907		138.723		98.0222		40.4292		108.101		45.0333		97.3882		40.6976		41.3344
27		208.329		109.657		195.876		152.781		43.304		161.693		46.233		152.76		43.1033		43.1154
28		168.8		72.7872		156.605		114.815		41.707		125.333		45.4038		114.578		41.7911		42.0271
29		195.696		97.1226		183.37		140.293		43.1872		149.892		46.2719		140.258		43.1349		43.1124
30		290.332		186.859		277.359		232.088		45.4321		238.343		47.8786		232.114		45.255		45.245
31		174.875		79.0499		162.851		121.063		41.8266		131.357		45.332		120.943		41.893		41.9083
32		160.421		65.3158		148.399		107.051		41.1899		117.364		45.2673		106.726		41.4107		41.6723
33		263.867		162.321		251.046		206.65		44.5912		213.623		47.1786		206.681		44.3603		44.3649
34		312.115		208.9		299.082		253.961		45.2922		259.573		47.5065		253.958		45.0578		45.1243
35		192.515		94.4085		180.13		137.3		42.9142		146.72		46.0457		137.282		42.8739		42.848
36		220.528		121.565		207.88		164.801		43.4406		173.56		46.4495		164.838		43.2723		43.0424
37		198.954		101.751		186.704		144.251		42.6025		153.442		45.6818		144.25		42.4995		42.4541
38		252.442		150.71		239.654		195.206		44.688		202.795		47.3464		195.232		44.5215		44.4222
39		187.736		90.7642		175.56		133.267		42.4463		143.29		45.7284		133.289		42.5247		42.2709
40		185.35		88.1087		173.076		130.588		42.5546		140.358		45.7406		130.472		42.3629		42.6042
41		224.695		125.167		212.169		168.704		43.6439		176.942		46.4293		168.634		43.4667		43.5351
42		252.389		151.749		239.666		195.723		44.1775		203.229		46.8086		195.726		43.9769		43.9407
43		111.581		26.8117		100.161		63.9873		35.312		71.0987		44.0349		61.5488		34.7371		38.6118
44		237.493		137.692		225.007		181.313		43.8889		189.239		46.5907		181.408		43.7153		43.5993
45		279.169		176.538		266.262		221.422		45.0086		227.853		47.473		221.453		44.9151		44.8085
46		207.86		109.544		195.393		152.516		43.0822		161.511		45.9968		152.511		42.9668		42.8826
47		223.777		124.224		211.222		167.711		43.6674		176.137		46.5371		167.769		43.5457		43.4531
48		207.285		108.401		194.824		151.614		43.3809		160.786		46.3589		151.627		43.2254		43.197
49		248.259		147.748		235.664		191.763		44.1642		199.221		46.8397		191.844		44.096		43.8199
50		125.874		36.2209		114.031		75.5847		37.7358		84.5106		44.5914		73.8138		37.5929		40.2169
51		134.025		42.4401		122.19		82.7534		38.8346		92.5472		44.6776		81.5502		39.1101		40.64
52		219.301		120.143		206.827		163.492		43.476		172.283		46.4162		163.508		43.3645		43.3191
53		157.093		62.1824		144.96		103.862		41.0092		113.974		45.1439		103.422		41.2393		41.5386
54		254.288		153.061		241.579		197.317		44.4171		204.622		47.047		197.344		44.2827		44.2354
55		269.301		166.976		256.368		211.634		44.8167		218.738		47.4672		211.583		44.6072		44.7848
56		220.247		120.93		207.693		164.297		43.5973		172.997		46.4925		164.313		43.3824		43.3801
57		258.46		156.942		245.7		201.305		44.5373		208.292		47.1485		201.314		44.3728		44.3855
58		216.763		117.6		204.338		160.947		43.5424		169.873		46.4677		160.956		43.3563		43.3817
59		225.504		126.333		213.116		169.705		43.5164		178.434		46.4664		169.696		43.3624		43.42
60		189.478		91.8927		177.24		134.63		42.6669		144.409		45.8131		134.584		42.6909		42.6564
61		248.41		147.442		235.739		191.581		44.3165		199.08		46.9638		191.622		44.1801		44.1169
62		211.842		113.12		199.359		156.269		43.2649		164.925		46.1538		156.211		43.0918		43.1479
63		221.74		122.168		209.092		165.652		43.7349		174.532		46.5964		165.662		43.494		43.4308
64		238.43		138.399		225.833		182.078		43.9414		189.988		46.5578		182.005		43.6056		43.8276
65		218.204		119.189		205.684		162.501		43.432		171.024		46.2144		162.591		43.4018		43.0932
66		231.739		132.22		219.196		175.725		43.6734		183.9		46.3956		175.714		43.4946		43.4816
67		236.324		137.149		223.908		180.507		43.573		188.088		46.2063		180.598		43.4493		43.3097
68		178.228		81.4617		165.942		123.791		42.2512		133.599		45.566		123.598		42.136		42.3447
69		272.066		169.526		259.146		214.324		44.981		221.065		47.5658		214.323		44.7977		44.8221
70		214.102		115.221		201.67		158.439		43.4218		167.041		46.2443		158.452		43.231		43.2184
71		121.696		33.0755		110.008		71.9985		37.1278		80.5118		44.7049		69.9989		36.9233		40.0094
72		190.341		92.8772		178.034		135.497		42.6433		145.201		45.7639		135.455		42.5775		42.5789
73		192.246		94.5663		179.944		137.275		42.7806		146.78		45.9184		137.231		42.6647		42.7132
74		210.979		111.801		198.456		155.162		43.5114		164.357		46.5057		155.131		43.3299		43.3252
75		286.662		183.425		273.681		228.517		45.328		234.97		47.8338		228.591		45.1655		45.0905
76		227.611		128.135		214.995		171.568		43.6685		180.062		46.4535		171.566		43.4312		43.4281
77		228.751		129.103		216.106		172.638		43.6491		180.729		46.3969		172.703		43.5997		43.4027
78		207.624		108.657		195.304		151.956		43.4844		161.185		46.5192		151.979		43.3219		43.3257
79		221.713		121.979		209.108		165.552		43.7673		174.169		46.5923		165.561		43.5818		43.5466
80		206.291		108.255		193.83		151.093		42.9499		160.02		45.9343		151.081		42.8264		42.7486
81		200.706		103.708		188.504		146.115		42.5254		155.585		45.7106		146.079		42.371		42.4245
82		258.285		156.966		245.608		201.279		44.4828		208.523		47.136		201.273		44.3069		44.3355
83		233.562		133.653		221.013		177.349		43.8673		185.399		46.6326		177.371		43.7172		43.642
84		204.906		106.894		192.57		149.771		42.9947		158.853		45.9912		149.773		42.8789		42.7965
85		211.645		112.904		199.152		156.089		43.3402		164.936		46.2504		156.091		43.1871		43.0614
86		158.677		63.8625		146.781		105.494		41.0471		116.041		45.1129		105.053		41.1902		41.7286
87		196		97.7406		183.654		140.745		43.0205		149.988		46.1206		140.759		43.0187		42.895
88		216.089		116.009		203.389		159.777		43.9087		168.865		46.8243		159.783		43.7739		43.6058
89		226.103		127.244		213.722		170.458		43.397		178.654		46.2352		170.461		43.2176		43.2604
90		221.523		122.895		209.125		166.025		43.273		174.508		46.1133		166.071		43.1757		43.0539
91		169.219		72.7202		157.06		115.049		41.8768		125.469		45.5495		114.788		42.0676		42.2726
92		278.553		175.844		265.601		220.767		45.0226		227.202		47.5274		220.776		44.9318		44.8259
93		207.75		109.122		195.299		152.252		43.2403		161.338		46.2618		152.235		43.1136		43.0635
94		265.343		163.811		252.518		208.182		44.5951		215.536		47.3176		208.202		44.3909		44.3166
95		230.833		131.176		218.255		174.756		43.7032		182.857		46.5538		174.82		43.6439		43.4352
96		210.761		112.651		198.336		155.542		43.0496		164.486		45.9651		155.548		42.8967		42.7882
97		259.497		158.436		246.81		202.601		44.2946		209.646		46.9569		202.56		44.1238		44.2498
98		144.977		51.3181		132.983		92.5267		40.1123		102.799		45.1829		91.6738		40.3558		41.3095
99		231.778		132.139		219.184		175.637		43.7032		183.93		46.5264		175.585		43.4456		43.599
100		239.79		138.949		227.172		183.108		44.3184		190.98		47.0726		183.191		44.2427		43.9808
101		172.489		76.5356		160.28		118.557		41.7993		128.553		45.5024		118.328		41.7921		41.9524
102		189.345		91.763		176.977		134.488		42.6592		143.927		45.8285		134.44		42.6771		42.5365
103		198.16		100.604		185.885		143.255		42.7956		152.7		45.906		143.267		42.6633		42.6178
104		231.724		131.492		218.982		175.261		43.9607		183.367		46.7368		175.23		43.7376		43.7526
105		197.628		100.193		185.243		142.75		42.7331		152.136		45.7277		142.668		42.475		42.5744
106		227.334		128.398		214.763		171.579		43.4426		179.825		46.3486		171.594		43.1959		43.1685
107		236.209		135.901		223.58		179.748		43.9822		187.652		46.7138		179.767		43.8659		43.8129
108		182.412		85.3193		170.171		127.818		42.4623		137.822		45.8011		127.691		42.3715		42.4797
109		219.127		119.992		206.656		163.326		43.4822		172.248		46.3644		163.378		43.3861		43.2781
110		172.413		75.9235		160.078		118.123		42.0394		128.49		45.5869		117.859		41.9354		42.2191
111		179.046		82.3484		166.951		124.731		42.2591		134.428		45.6722		124.637		42.2884		42.3138
112		208.256		109.469		195.709		152.661		43.3215		161.755		46.2101		152.644		43.1751		43.065
113		215.028		115.447		202.503		158.968		43.7235		167.706		46.6186		158.965		43.518		43.5379
114		233.41		133.368		220.855		177.069		43.888		184.898		46.6703		177.04		43.6719		43.8151
115		168.314		71.8618		156.155		114.184		41.9102		124.806		45.6673		113.894		42.032		42.2613
116		222.673		123.284		210.082		166.688		43.5625		175.041		46.3314		166.642		43.3574		43.4404
117		216.782		117.496		204.339		160.938		43.5606		169.527		46.4627		160.962		43.4665		43.3767
118		241.849		141.195		229.047		185.153		44.1377		193.074		46.8582		185.189		43.9939		43.8586
119		231.491		131.267		218.783		175.084		43.924		183.398		46.6884		175.106		43.8394		43.6768
120		194.222		95.8178		181.813		138.795		43.0859		148.263		46.1815		138.673		42.8551		43.1402
121		148.363		54.972		136.441		95.9971		40.0986		105.886		44.6836		95.3505		40.3785		41.0903
122		171.092		75.1099		158.989		117.154		41.8001		127.679		45.4691		116.954		41.844		42.0355
123		156.283		61.0778		144.211		102.879		41.0726		113.412		45.5146		102.338		41.26		41.8729
124		156.292		61.2742		144.167		102.929		41.0026		113.307		45.2599		102.348		41.0738		41.8194
125		208.133		109.91		195.771		152.883		43.0947		161.937		46.0845		152.899		42.9891		42.8719
126		185.522		88.2091		173.141		130.757		42.4935		140.38		45.6234		130.661		42.4519		42.4803
127		187.065		89.4991		174.76		132.152		42.6794		141.825		46.0274		132.006		42.5065		42.7546
128		172.957		76.6883		160.757		118.773		41.9615		129.066		45.434		118.581		41.8923		42.1762
129		211.362		112.038		198.786		155.451		43.5322		164.422		46.4981		155.411		43.3731		43.375
130		221.76		122.331		209.157		165.778		43.6443		174.307		46.5485		165.696		43.3651		43.4614
131		245.641		145.701		233.125		189.415		43.8676		196.925		46.4978		189.458		43.7567		43.6668
132		246.24		145.541		233.612		189.512		44.2289		197.197		46.8042		189.509		43.9677		44.103
133		232.096		132.773		219.551		176.241		43.5988		184.473		46.4324		176.314		43.541		43.2367
134		250.75		149.977		238.043		194.057		44.2162		201.535		46.9945		194.112		44.135		43.931
135		236.181		135.298		223.418		179.432		44.2691		187.663		47.0987		179.476		44.1774		43.9426
136		173.63		76.2519		161.245		118.834		42.3747		128.773		46.0669		118.617		42.3654		42.628
137		180.271		82.8977		167.941		125.526		42.4898		135.719		45.8748		125.419		42.521		42.5227
138		177.147		80.3304		164.984		122.772		42.2353		133.077		45.7863		122.641		42.3109		42.3424
139		216.984		117.78		204.545		161.204		43.5253		169.92		46.5145		161.23		43.4505		43.3149
140		174.021		78.126		161.904		120.184		41.7858		130.083		45.2369		120.053		41.9272		41.8507
141		193.053		95.6071		180.729		138.257		42.631		148.014		45.7922		138.174		42.5665		42.5555
142		245.721		145.719		233.183		189.492		43.8965		196.952		46.4643		189.504		43.7856		43.679
143		219.779		120.046		207.19		163.675		43.7461		172.349		46.6397		163.697		43.6508		43.4929
144		326.159		221.513		312.907		267.262		45.8708		272.313		48.002		267.243		45.7296		45.6648
145		160.315		65.8621		148.345		107.256		40.8786		117.663		44.8524		106.762		40.9003		41.583
146		205.704		108.277		193.431		150.87		42.7887		159.801		45.8927		150.861		42.5842		42.5696
147		150.391		56.1879		138.418		97.625		40.5007		107.823		44.9595		96.9923		40.8044		41.4253
148		220.219		120.558		207.674		164.075		43.7433		172.577		46.5872		164.068		43.5094		43.6064
149		180.645		84.3363		168.47		126.523		42.0349		136.317		45.4178		126.358		42.0221		42.1115
150		158.474		62.9981		146.297		104.871		41.2752		115.183		45.5187		104.433		41.4345		41.8646
151		207.296		108.558		194.89		151.756		43.316		160.827		46.2748		151.804		43.2467		43.0854
152		236.464		136.525		224.002		180.231		43.869		187.953		46.5519		180.228		43.7033		43.7739
153		206.322		108.116		193.866		151.005		43.0609		160.073		46.0011		150.958		42.8426		42.9079
154		138.608		46.5135		126.754		87.0141		39.2199		96.8493		44.6148		85.9991		39.4856		40.7552
155		224.69		124.868		212.15		168.538		43.7904		176.828		46.6641		168.572		43.7043		43.578
156		151.132		57.0493		139.15		98.4322		40.4368		108.667		44.884		97.8757		40.8265		41.2739
157		221.891		122.127		209.16		165.706		43.8273		174.415		46.7388		165.759		43.6324		43.4014
158		133.958		42.6203		122.137		82.8148		38.7335		92.6803		44.7201		81.5476		38.9273		40.5891
159		226.453		127.273		213.976		170.658		43.564		179.032		46.4119		170.737		43.4639		43.2391
160		220.433		121.335		207.861		164.675		43.4577		173.1		46.2027		164.772		43.4371		43.0892
161		153.18		58.6607		141.159		100.16		40.7356		110.641		45.1844		99.5932		40.9324		41.5657
162		218.876		119.72		206.312		163.074		43.4596		172.182		46.3678		163.111		43.3911		43.2009
163		157.083		63.2063		145.223		104.41		40.6642		114.635		44.7389		103.991		40.7843		41.2322
164		173.909		78.2688		161.81		120.097		41.662		130.304		45.2975		119.895		41.6264		41.9142
165		240.958		140.521		228.218		184.382		44.0671		192.228		46.7383		184.379		43.8582		43.8392
166		197.859		99.2844		185.451		142.41		43.0994		151.673		46.1098		142.367		43.0826		43.084
167		172.517		76.4496		160.304		118.475		41.8222		129.007		45.4095		118.261		41.8116		42.0426
168		186.793		89.2252		174.516		131.91		42.6535		141.329		45.794		131.8		42.5744		42.7161
169		227.337		128.308		214.95		171.646		43.5035		179.642		46.362		171.693		43.3847		43.2569
170		201.99		103.952		189.522		146.79		42.9821		156.291		46.0336		146.664		42.712		42.858
171		279.674		176.948		266.688		221.834		45.0866		228.245		47.5953		221.923		44.9756		44.7643
172		230.551		130.962		217.918		174.492		43.7161		182.931		46.5693		174.512		43.5495		43.4066
173		218.93		120.633		206.452		163.546		43.157		172.038		45.9672		163.557		42.9236		42.8949
174		187.118		90.2487		174.818		132.612		42.3646		142.487		45.5408		132.514		42.2655		42.3038
175		150.479		56.553		138.59		97.8188		40.41		108.012		45.0017		97.2087		40.6557		41.3813
176		197.366		99.4069		185.055		142.244		42.9163		151.852		46.1136		142.22		42.8128		42.8352
177		173.627		76.9076		161.32		119.249		42.175		129.337		45.6977		119.039		42.1313		42.2815
178		248.574		147.221		235.776		191.451		44.46		198.927		47.1716		191.443		44.2219		44.3329
179		140.433		47.5573		128.53		88.4244		39.6066		98.9392		45.058		87.4352		39.8779		41.0952
180		163.775		67.6631		151.575		109.828		41.6413		120.173		45.5772		109.5		41.8368		42.0746
181		221.402		121.793		208.786		165.298		43.6609		173.556		46.4898		165.339		43.5463		43.4462
182		195.014		96.9612		182.743		139.901		42.9645		149.041		46.0401		139.86		42.8991		42.8823
183		236.651		136.394		224.108		180.22		44.0392		188.216		46.8939		180.225		43.8314		43.8825
184		233.599		133.794		220.995		177.405		43.7646		185.11		46.48		177.347		43.5531		43.6481
185		124.937		35.9622		113.193		75.0296		37.3755		83.6784		44.1348		73.3059		37.3436		39.8868
186		225.473		125.758		212.999		169.386		43.7624		178.053		46.5774		169.396		43.6372		43.6036
187		184.416		87.0264		172.184		129.676		42.5731		139.552		45.7916		129.604		42.5772		42.5807
188		145.65		52.5768		133.711		93.4681		39.875		103.356		44.7042		92.6999		40.123		41.0107
189		233.702		133.014		221.095		177.043		44.2199		185.345		47.0116		177.094		44.0801		44.0009
190		228.123		129.036		215.641		172.31		43.541		180.435		46.3485		172.372		43.3366		43.2692
191		195.772		97.2218		183.38		140.325		43.1037		149.779		46.1203		140.264		43.0422		43.1162
192		205.511		107.268		193.217		150.273		43.0915		159.277		46.0764		150.333		43.0654		42.8843
193		236.604		137.339		224.191		180.749		43.5941		188.404		46.3104		180.822		43.4834		43.3685
194		264.325		162.238		251.547		206.926		44.8153		213.909		47.4161		206.993		44.7555		44.5538
195		134.235		42.8099		122.34		83.0463		38.7436		92.5586		44.5354		81.8574		39.0476		40.4823
196		229.099		128.976		216.661		172.776		43.9816		181.283		46.9394		172.816		43.8403		43.845
197		245.579		145.005		232.95		188.959		44.1481		196.557		46.8324		189.058		44.0535		43.8913
198		203.179		104.754		190.724		147.789		43.1376		156.968		46.1806		147.797		43.0433		42.9272
199		186.596		89.3898		174.357		131.951		42.5138		141.708		45.7687		131.866		42.4766		42.4903
200		258.358		156.325		245.565		200.915		44.7559		208.203		47.2988		200.915		44.5901		44.6497
201		250.241		149.741		237.581		193.742		44.1467		201.084		46.7787		193.877		44.136		43.7038
202		121.405		33.4771		109.79		72.1409		36.884		80.3986		44.1178		70.2712		36.7941		39.519
203		173.648		77.5208		161.446		119.634		41.8765		129.808		45.4738		119.394		41.8735		42.052
204		201.185		102.949		188.744		145.863		43.0681		155.445		46.2118		145.803		42.854		42.941
205		316.178		210.987		303.049		256.987		46.0818		261.987		48.1958		257.002		46.0159		46.0471
206		200.66		103.017		188.332		145.761		42.7795		154.899		45.7636		145.728		42.7107		42.6048
207		228.931		129.197		216.482		172.808		43.8048		181.269		46.6933		172.864		43.6669		43.6185
208		201.746		103.946		189.348		146.715		42.8654		156.203		45.903		146.697		42.7511		42.6512
209		221.667		122.463		209.18		165.842		43.5143		174.315		46.3458		165.927		43.4633		43.2536
210		192.58		94.6653		180.299		137.488		42.8935		146.952		46		137.394		42.7292		42.9044
211		205.674		108.249		193.314		150.814		42.6903		160.046		45.687		150.811		42.5621		42.503
212		250.922		150.375		238.329		194.367		44.1651		202.053		46.8962		194.409		44.0349		43.9194
213		206.597		108.213		194.269		151.262		43.1608		160.251		46.1243		151.243		43.0301		43.0259
214		249.218		149.128		236.719		192.907		43.9711		200.527		46.6825		192.843		43.7143		43.8764
215		174.318		77.8574		162.085		120.092		41.999		130.444		45.597		119.89		42.0328		42.1951
216		222.101		122.662		209.392		166.108		43.6549		174.558		46.443		166.151		43.4892		43.2403
217		201.575		103.446		189.274		146.333		43.0589		155.621		46.099		146.297		42.8514		42.9774
218		248.14		147.544		235.52		191.559		44.1223		199.347		46.832		191.555		44.0112		43.9649
219		225.87		125.755		213.291		169.551		43.9516		177.996		46.7445		169.575		43.8209		43.7152
220		193.517		96.0945		181.254		138.718		42.675		148.435		45.8922		138.637		42.5428		42.6165
221		255.469		154.379		242.762		198.519		44.4069		206.06		47.025		198.564		44.1851		44.1974
222		209.181		110.337		196.678		153.552		43.3515		162.981		46.4053		153.518		43.1816		43.1601
223		217.566		118.108		205.085		161.645		43.6017		170.642		46.5249		161.705		43.5965		43.3803
224		276.797		174.529		263.939		219.3		44.8991		225.671		47.3314		219.343		44.8143		44.5965
225		198.404		101.069		186.12		143.58		42.6458		152.868		45.7202		143.558		42.4888		42.5615
226		212.04		113.506		199.589		156.565		43.2685		165.421		46.112		156.571		43.0649		43.0179
227		235.154		134.788		222.616		178.686		44.0934		186.847		46.8482		178.648		43.8599		43.9686
228		182.724		85.705		170.446		128.152		42.3598		138.332		45.7964		128.02		42.3152		42.426
229		223.994		124.259		211.459		167.915		43.7619		176.488		46.5698		167.94		43.6809		43.5191
230		274.587		171.181		261.621		216.378		45.3442		223.442		47.9819		216.413		45.2313		45.2086
231		223.832		124.925		211.408		168.111		43.3616		176.516		46.1136		168.029		43.1039		43.379
232		220.411		121.816		208.009		164.921		43.2413		173.377		46.0552		164.917		43.1011		43.0924
233		246.828		146.573		234.294		190.409		44.0108		197.986		46.7684		190.377		43.8048		43.9164
234		237.177		136.887		224.491		180.654		43.9883		188.629		46.6537		180.611		43.7242		43.88
235		188.42		90.6926		176.115		133.465		42.7574		143.531		46.074		133.389		42.6966		42.7263
236		142.586		49.6474		130.574		90.4331		39.7199		100.846		44.8623		89.4753		39.8279		41.0988
237		158.684		63.7622		146.715		105.523		41.1458		116.065		45.246		105.165		41.4031		41.5494
238		192.316		93.831		179.873		136.912		43.1235		146.698		46.3402		136.856		43.0251		43.0166
239		178.112		81.3371		165.829		123.657		42.2178		133.765		45.6747		123.483		42.1458		42.3458
240		229.458		130.222		216.925		173.556		43.53		181.751		46.3121		173.487		43.2652		43.4383
241		187.662		89.8192		175.291		132.64		42.7913		142.378		45.9596		132.548		42.7283		42.7439
242		227.349		127.222		214.82		171.018		43.9453		179.46		46.8067		171.062		43.84		43.7581
243		246.355		146.413		233.787		190.112		43.8576		197.606		46.5244		190.087		43.6738		43.6999
244		211.061		111.566		198.504		155.084		43.6195		164.024		46.56		155.076		43.5094		43.4283
245		154.495		59.6446		142.413		101.252		40.9157		111.652		45.3465		100.677		41.0326		41.7358
246		202.199		103.936		189.841		146.9		43.0515		156.368		46.0553		146.845		42.9094		42.9955
247		163.116		67.6622		150.973		109.531		41.3361		119.524		45.1882		109.141		41.4784		41.8327
248		178.016		81.7809		165.82		123.916		42.0467		133.824		45.4061		123.875		42.0937		41.9449
249		233.35		133.004		220.664		176.823		44.0445		184.99		46.8838		176.773		43.7688		43.8916
250		175.93		79.0575		163.733		121.467		42.2392		132.081		45.7374		121.198		42.141		42.5341
251		161.35		65.5482		149.272		107.645		41.5065		117.848		45.3448		107.29		41.7422		41.9818
252		191.603		94.931		179.435		137.201		42.3519		146.737		45.4584		137.111		42.1803		42.3238
253		187.478		89.274		175.137		132.25		42.9461		142.461		46.2793		132.196		42.9221		42.941
254		238.989		139.603		226.484		183.062		43.6099		190.915		46.4016		183.08		43.4768		43.4038
255		188.07		90.9227		175.81		133.446		42.4751		143.109		45.7231		133.378		42.4555		42.4314
256		174.718		78.443		162.575		120.577		42.0056		130.42		45.4665		120.355		41.9117		42.2205
257		249.112		148.156		236.489		192.314		44.3541		200.209		47.1525		192.365		44.2089		44.1234
258		240.18		140.771		227.612		184.26		43.6864		192.061		46.335		184.356		43.5846		43.2563
259		229.823		130.848		217.338		174.115		43.4315		182.283		46.2625		174.179		43.3305		43.1599
260		178.373		81.5079		166.09		123.943		42.249		134.063		45.7039		123.81		42.3017		42.2805
261		199.09		101.649		186.719		144.265		42.6986		153.665		45.8263		144.225		42.5752		42.4941
262		163.877		68.9061		151.796		110.511		41.2542		120.659		45.101		110.146		41.2398		41.6497
263		238.889		138.496		226.293		182.397		44.1375		190.029		46.6882		182.46		43.9647		43.8328
264		224.65		126.226		212.268		169.235		43.2225		177.519		46.0342		169.24		43.0133		43.0279
265		278.116		175.454		265.25		220.367		45.0885		226.855		47.5431		220.41		44.9559		44.8406
266		213.519		115.21		201.168		158.123		43.1603		166.725		46.1261		158.132		42.9214		43.0365
267		202.731		104.906		190.502		147.742		42.8908		156.664		45.8715		147.742		42.8361		42.7599
268		203.286		104.281		190.677		147.531		43.3397		157.008		46.4143		147.505		43.2236		43.1719
269		150.666		55.8965		138.62		97.5753		40.7232		108.117		45.3303		96.9086		41.0121		41.7115
270		177.439		80.5118		165.362		123.023		42.3061		133.163		45.6693		122.928		42.4167		42.4331
271		242.803		143.125		230.19		186.74		43.763		194.568		46.573		186.815		43.6898		43.3751
272		195.331		96.7447		182.913		139.794		43.1574		149.678		46.3718		139.702		42.9576		43.2106
273		176.319		79.5391		164.023		121.861		42.1648		131.914		45.5736		121.681		42.1422		42.3418
274		256.215		155.235		243.416		199.347		44.2667		206.693		46.8742		199.381		44.1461		44.0354
275		183.088		85.8646		170.771		128.456		42.4996		138.526		45.8061		128.327		42.4619		42.4449
276		223.459		123.873		211.008		167.422		43.6722		175.65		46.4407		167.399		43.5259		43.6094
277		193.702		95.9564		181.386		138.742		42.8009		148.269		45.9367		138.749		42.7923		42.6373
278		269.489		167.947		256.608		212.297		44.5331		219.065		47		212.305		44.3572		44.3028
279		189.388		92.2697		177.087		134.733		42.4836		144.34		45.632		134.659		42.389		42.4288
280		189.146		90.9275		176.693		133.857		42.973		143.93		46.2538		133.767		42.8392		42.9264
281		295.092		190.715		281.93		236.315		45.8533		242.643		48.2602		236.323		45.6082		45.6066
282		177.823		80.9072		165.524		123.296		42.2353		133.223		45.5849		123.104		42.1967		42.4204
283		200.199		101.359		187.694		144.56		43.3005		154.221		46.357		144.537		43.178		43.1564
284		198.29		100.119		185.919		143.091		43.0325		152.605		46.1665		143.181		43.0621		42.7379
285		226.002		127.385		213.532		170.436		43.288		178.638		46.0689		170.413		43.028		43.1189
286		214.775		115.903		202.286		159.097		43.3538		168.005		46.1543		159.021		43.1178		43.2648
287		271.215		168.526		258.282		213.461		45.0348		220.324		47.5185		213.525		44.9991		44.7568
288		170.62		74.4711		158.452		116.611		41.8355		126.937		45.4885		116.363		41.8914		42.0897
289		216.972		118.016		204.629		161.365		43.483		170.253		46.405		161.423		43.4071		43.2065
290		232.357		132.804		219.876		176.355		43.6641		184.46		46.4298		176.408		43.6039		43.4679
291		168.587		72.6649		156.366		114.636		41.7109		124.703		45.4479		114.313		41.6484		42.0524
292		223.685		124.127		211.166		167.57		43.6869		175.995		46.4732		167.476		43.3488		43.6895
293		175.445		78.8015		163.254		121.18		42.1211		131.459		45.7089		121.052		42.2507		42.2019
294		187.936		90.6636		175.691		133.236		42.5575		143.028		45.8241		133.143		42.4791		42.548
295		244.607		144.128		231.79		187.986		44.0958		195.695		46.8966		188.006		43.8776		43.7842
296		266.771		165.594		253.95		209.784		44.3602		216.475		46.8187		209.8		44.2065		44.1501
297		239.066		138.866		226.455		182.651		43.9602		190.742		46.7252		182.738		43.8717		43.7166
298		188.006		90.5093		175.709		133.175		42.654		143.064		45.924		133.128		42.6187		42.5809
299		249.506		147.9		236.661		192.285		44.5979		200.188		47.297		192.334		44.4343		44.3266
300		162.488		66.776		150.329		108.731		41.4701		118.893		45.4665		108.346		41.5696		41.9837
301		230.379		131.114		217.779		174.443		43.5313		182.16		46.1916		174.464		43.3494		43.3151
302		228.852		129.47		216.306		172.918		43.6206		181.108		46.4524		173.023		43.5528		43.2837
303		193.716		96.3086		181.445		138.913		42.6177		148.499		45.7922		138.767		42.458		42.6787
304		132.897		41.8493		121.098		81.9615		38.598		91.2698		44.558		80.7118		38.8625		40.3858
305		241.684		141.851		228.997		185.451		43.7827		193.38		46.5356		185.401		43.5497		43.5966
306		203.342		106.251		191.059		148.622		42.6088		157.685		45.5938		148.538		42.2862		42.5218
307		165.852		69.6501		153.658		111.861		41.7337		122.088		45.5787		111.644		41.9941		42.0143
308		212.258		113.431		199.714		156.617		43.331		165.381		46.2882		156.584		43.1528		43.1299
309		203.423		105.387		191.163		148.294		43.0126		157.187		46.0041		148.237		42.8504		42.926
310		219.052		119.087		206.502		162.797		43.8389		171.593		46.6974		162.811		43.7249		43.6903
311		231.32		131.647		218.64		175.174		43.6901		183.337		46.4926		175.179		43.5321		43.4609
312		305.588		201.348		292.418		246.883		45.7352		252.769		47.926		246.957		45.6086		45.4615
313		225.435		126.109		212.894		169.496		43.5588		177.719		46.3593		169.511		43.4026		43.3827
314		154.303		60.2637		142.344		101.569		40.5678		111.799		44.8582		101.122		40.8586		41.2221
315		201.43		103.793		189.068		146.476		42.7871		155.645		45.7536		146.463		42.6699		42.6051
316		124.714		35.5664		113.048		74.7599		37.4787		83.9663		44.5163		73.0629		37.4964		39.9856
317		209.33		110.951		196.815		153.962		43.1705		162.915		46.0011		153.963		43.0126		42.8516
318		145.056		51.9419		133.097		92.8604		39.9095		102.765		44.7524		92.0934		40.1515		41.0039
319		197.711		99.3145		185.198		142.303		43.0163		151.684		46.0661		142.238		42.9239		42.9593
320		243.052		142.7		230.433		186.576		43.9891		194.52		46.7699		186.595		43.8946		43.8386
321		234.243		134.903		221.753		178.349		43.6022		186.086		46.2705		178.388		43.4848		43.3651
322		221.114		122.387		208.661		165.521		43.3324		174.342		46.2563		165.564		43.1765		43.0974
323		249.881		149.197		237.317		193.298		44.2005		201.074		47.0257		193.364		44.1672		43.9533
324		226.94		127.896		214.461		171.209		43.4846		179.571		46.3683		171.24		43.3447		43.2207
325		203.731		104.282		191.089		147.758		43.57		157.471		46.6431		147.759		43.4766		43.3298
326		287.376		184.068		274.376		229.257		45.2871		235.771		47.6974		229.338		45.2693		45.0384
327		110.206		26.0648		98.7935		62.8987		34.977		69.3963		43.8857		60.3162		34.2514		38.4773
328		248.06		147.08		235.345		191.183		44.3646		198.764		47.083		191.278		44.1973		44.0674
329		246.982		145.565		234.186		189.865		44.5301		197.888		47.2301		189.964		44.3994		44.2218
330		210.456		112.276		198.085		155.252		43.0918		164.013		45.9781		155.302		43.0263		42.7829
331		188.54		91.0692		176.252		133.706		42.6046		143.491		45.7299		133.612		42.5428		42.6399
332		234.342		134.662		221.786		178.239		43.7599		186.493		46.5351		178.284		43.6218		43.5018
333		209.465		111.052		197.013		154.081		43.1526		163.038		46.1053		154.035		42.9835		42.9774
334		188.607		91.5772		176.501		134.099		42.457		144		45.7182		134.018		42.4403		42.4839
335		142.307		49.2712		130.476		90.2148		39.7463		100.295		44.9584		89.3902		40.119		41.0856
336		176.488		79.6689		164.236		122.049		42.236		132.091		45.6802		121.811		42.1419		42.4255
337		280.424		177.486		267.435		222.465		45.1159		228.934		47.6042		222.45		44.964		44.9842
338		198.071		99.2599		185.665		142.483		43.3082		151.584		46.2704		142.447		43.1871		43.2182
339		239.062		138.596		226.525		182.536		44.1901		190.327		46.8626		182.588		43.9914		43.937
340		168.375		73.3915		156.362		114.966		41.3206		125.402		44.9749		114.725		41.3331		41.6379
341		239.152		138.81		226.683		182.723		44.0558		190.724		46.8847		182.82		44.0096		43.8628
342		263.678		162.696		250.846		206.753		44.331		213.754		46.9698		206.723		44.0273		44.1223
343		211.159		113.328		198.815		156.003		42.9243		165.023		45.9028		155.923		42.5944		42.8918
344		229.118		129.443		216.605		173.018		43.8028		181.279		46.5112		173.078		43.6346		43.5269
345		175.042		78.3936		162.784		120.736		42.1117		130.687		45.5421		120.606		42.2122		42.1778
346		226.803		127.561		214.401		170.99		43.5566		179.085		46.2957		171.005		43.4435		43.3961
347		146.263		51.9511		134.172		93.4088		40.364		103.523		45.2369		92.5917		40.6406		41.5799
348		232.876		133.388		220.239		176.847		43.6552		184.713		46.4425		176.821		43.4329		43.4188
349		206.342		108.038		193.993		150.991		43.0941		160.087		46.0961		150.969		42.9316		43.0243
350		300.801		196.575		287.672		242.176		45.687		248.195		48.0564		242.246		45.6714		45.4262
351		201.792		103.053		189.233		146.252		43.258		155.959		46.394		146.256		43.2031		42.9768
352		205.963		107.799		193.688		150.742		43.1189		159.732		46.0392		150.793		42.9938		42.8956
353		235.812		137.027		223.432		180.204		43.3817		188.228		46.1622		180.222		43.1946		43.21
354		151.643		57.2397		139.691		98.7769		40.6238		109.382		45.1632		98.181		40.9413		41.5105
355		172.755		76.6259		160.573		118.695		41.8623		128.941		45.4847		118.507		41.8809		42.0666
356		183.67		86.6855		171.378		129.128		42.3478		138.644		45.6329		129.033		42.3479		42.3448
357		145.301		51.7827		133.255		92.8634		40.0292		103.135		45.0398		92.0342		40.2515		41.2204
358		222.424		122.967		209.835		166.453		43.6996		175.087		46.631		166.501		43.5345		43.3336
359		196.871		99.7299		184.552		142.186		42.612		151.963		45.7448		142.145		42.4148		42.407
360		115.181		28.8177		103.614		66.7238		36.0349		74.4256		44.4328		64.3651		35.5474		39.2486
361		204.596		106.353		192.217		149.317		43.0762		158.438		46.0697		149.315		42.9623		42.9018
362		206.593		108.749		194.156		151.53		42.9241		160.441		45.7869		151.55		42.8005		42.6066
363		238.095		137.927		225.514		181.718		43.9474		189.56		46.6355		181.692		43.7649		43.8222
364		244.634		143.229		231.808		187.557		44.4669		195.253		47.1327		187.545		44.3162		44.2635
365		266.099		164.613		253.145		208.929		44.4786		215.698		47.0595		209.003		44.3895		44.1418
366		121.273		32.8149		109.555		71.7062		37.0826		79.9896		44.5217		69.7581		36.9432		39.7972
367		197.434		100.542		185.185		142.846		42.4546		152.176		45.5427		142.783		42.2414		42.4019
368		203.207		105.022		190.777		148.023		43.0011		157.424		46.0382		148.074		43.0518		42.7038
369		254.225		152.98		241.444		197.233		44.4594		204.84		47.1966		197.244		44.2642		44.1999
370		273.785		171.063		260.803		215.907		45.0708		222.694		47.5596		215.909		44.8458		44.8944
371		165.294		70.125		153.27		111.858		41.3373		122.209		44.9938		111.598		41.4731		41.6721
372		214.397		114.906		201.88		158.389		43.6316		167.165		46.5756		158.371		43.4645		43.5093
373		220.899		122.091		208.431		165.251		43.3363		173.722		46.1961		165.239		43.1484		43.1924
374		204.518		105.715		191.987		148.864		43.2842		157.693		46.273		148.792		43.0771		43.1944
375		207.562		108.873		195.034		151.972		43.2662		161.137		46.1861		151.903		43.0293		43.1312
376		304.003		201.17		291.032		246.163		45.135		251.717		47.4498		246.265		45.0952		44.7674
377		161.349		66.438		149.333		108.033		41.124		118.132		45.0982		107.682		41.2435		41.652
378		242.148		141.816		229.483		185.694		44.0314		193.47		46.7319		185.732		43.9159		43.7511
379		150.221		56.3897		138.274		97.6525		40.3254		107.739		44.7755		96.9968		40.607		41.2772
380		271.535		169.183		258.6		213.92		44.9022		220.616		47.4181		213.995		44.8121		44.6047
381		173.519		77.2561		161.43		119.437		41.9653		129.468		45.5002		119.2		41.9441		42.2299
382		133.042		41.5725		121.203		81.8142		38.7123		91.5759		44.7223		80.4248		38.8523		40.7781
383		184.818		87.638		172.606		130.203		42.5062		139.939		45.7886		130.149		42.5106		42.4578
384		167.25		73.0429		155.332		114.294		41.0012		124.264		44.5645		114.031		40.9886		41.3004
385		218.603		118.358		205.934		162.2		43.9378		171.101		46.9105		162.193		43.8354		43.7407
386		200.835		102.704		188.476		145.703		43.0095		155.138		46.1167		145.771		43.0676		42.7051
387		235.584		134.988		222.959		178.98		44.1788		187.022		46.9538		179.034		44.0467		43.9243
388		174.684		78.0961		162.431		120.439		42.0802		130.546		45.5875		120.283		42.1872		42.1479
389		252.987		152.978		240.389		196.603		43.9114		204.061		46.5496		196.546		43.5673		43.8439
390		303.986		199.655		290.876		245.275		45.7544		250.978		48.0177		245.305		45.65		45.5707
391		180.567		83.038		168.2		125.683		42.6126		136.264		46.1102		125.549		42.5108		42.6514
392		225.338		125.528		212.749		169.127		43.7827		177.76		46.6741		169.117		43.5889		43.632
393		176.549		79.8779		164.38		122.254		42.1536		132.166		45.4942		122.054		42.1763		42.3258
394		216.095		117.386		203.665		160.524		43.309		169.429		46.1921		160.505		43.1191		43.1598
395		234.814		135.063		222.299		178.701		43.8146		186.66		46.4613		178.754		43.6913		43.5444
396		253.118		152.112		240.242		196.245		44.2704		203.556		46.9484		196.247		44.1353		43.9948
397		155.321		61.0197		143.342		102.405		40.6932		112.563		44.9204		101.882		40.8622		41.4605
398		268.041		165.884		255.029		210.512		44.7991		217.324		47.3325		210.579		44.6951		44.4497
399		169.092		73.4463		157.021		115.33		41.622		125.594		45.307		115.064		41.6173		41.9576
400		271.791		168.963		258.769		213.89		45.0602		220.964		47.6023		213.945		44.9815		44.8245
401		261.235		160.445		248.518		204.43		44.2176		211.659		46.8605		204.473		44.0283		44.0449
402		139.86		46.8886		127.846		87.7323		39.5757		97.3757		44.9437		86.6894		39.8008		41.1568
403		190.759		93.341		178.388		135.923		42.6235		145.742		45.8017		135.845		42.5037		42.5435
404		172.761		77.3702		160.634		119.136		41.604		129.27		45.1927		118.936		41.5661		41.698
405		296.832		193.257		283.749		238.521		45.4943		244.487		47.8513		238.572		45.3153		45.1767
406		226.281		126.385		213.692		170.084		43.7928		178.318		46.6051		170.138		43.7534		43.5542
407		153.208		58.3444		141.098		100.003		40.8337		110.841		45.4203		99.3665		41.0221		41.7313
408		201.611		103.646		189.333		146.572		42.8999		155.806		45.9673		146.572		42.9259		42.7613
409		240.731		140.357		227.975		184.212		43.9867		191.605		46.573		184.202		43.8452		43.7727
410		165.192		70.0114		153.134		111.754		41.3664		122.329		45.1472		111.518		41.5064		41.6159
411		206.336		107.389		193.844		150.635		43.345		159.923		46.3873		150.571		43.1821		43.2733
412		181.01		83.6465		168.723		126.26		42.581		137		46.1485		126.137		42.4901		42.5862
413		258.311		157.398		245.621		201.508		44.2749		208.433		46.8137		201.53		44.132		44.0917
414		229.516		129.436		216.925		173.175		43.904		181.604		46.7977		173.177		43.7415		43.7478
415		226.091		126.23		213.529		169.911		43.8157		178.258		46.6573		169.905		43.6751		43.6243
416		207.629		109.154		195.213		152.191		43.2101		161.488		46.1371		152.193		43.0393		43.0201
417		263.498		161.529		250.752		206.14		44.816		213.556		47.4563		206.23		44.7011		44.5218
418		247.502		146.369		234.762		190.533		44.4275		198.253		47.0616		190.501		44.1319		44.2608
419		199.77		102.29		187.436		144.968		42.7078		153.848		45.6611		144.906		42.6163		42.5301
420		268.913		167.09		256.091		211.607		44.6977		218.376		47.1955		211.641		44.5509		44.4506
421		210.343		112.613		198.024		155.324		42.8798		163.913		45.7304		155.337		42.7243		42.6867
422		156.519		62.1534		144.517		103.607		40.8025		113.874		44.8949		103.182		41.0286		41.3348
423		196.809		98.8054		184.447		141.656		42.9283		151.107		45.9832		141.598		42.7928		42.8486
424		182.563		85.7454		170.266		128.064		42.269		138.135		45.6917		127.877		42.1314		42.3893
425		244.772		144.021		232.103		188.105		44.1773		195.436		46.6718		188.17		44.1494		43.933
426		171.299		74.2527		159.062		116.795		42.1798		127.277		45.7915		116.568		42.3155		42.4941
427		202.104		104.257		189.786		147.011		42.8962		156.175		46.0185		146.895		42.6387		42.8911
428		171.728		75.4057		159.569		117.625		41.9085		127.953		45.5426		117.404		41.9984		42.1654
429		153.481		59.3825		141.518		100.702		40.626		110.778		44.9281		100.132		40.7493		41.3865
430		192.59		95.5045		180.321		137.969		42.5328		147.716		45.6899		137.951		42.446		42.371
431		164.253		69.0471		152.078		110.771		41.3093		121.303		45.1186		110.45		41.4033		41.6281
432		181.131		83.9896		168.839		126.588		42.4189		136.454		45.7097		126.522		42.532		42.3169
433		219.8		121.28		207.371		164.305		43.2447		172.877		46.1964		164.32		43.0398		43.0513
434		197.165		99.4277		184.776		142.163		42.8029		151.455		45.8496		142.139		42.7109		42.6375
435		227.811		128.586		215.274		171.906		43.5151		179.966		46.3661		171.88		43.2941		43.3946
436		171.435		75.1766		159.264		117.371		41.8914		127.734		45.5553		117.167		41.9904		42.0972
437		244.652		143.663		231.931		187.827		44.2696		195.588		47.0387		187.886		44.2225		44.0457
438		256.102		154.791		243.258		199.029		44.4321		206.287		47.0203		199.004		44.2123		44.2538
439		196.156		98.626		183.877		141.302		42.7417		150.553		45.8317		141.282		42.6556		42.5956
440		191.262		93.9457		178.866		136.465		42.5844		146.193		45.6819		136.355		42.4097		42.5108
441		191.806		94.9136		179.627		137.298		42.4308		146.977		45.5627		137.275		42.3609		42.3521
442		158.782		64.3272		146.737		105.723		40.8957		116.116		45.0306		105.266		40.939		41.4704
443		222.266		122.697		209.681		166.151		43.6853		174.633		46.612		166.159		43.462		43.5225
444		153.731		58.967		141.703		100.578		40.8452		111.316		45.3693		100.003		41.036		41.6999
445		200.004		101.994		187.559		144.831		42.947		154.04		45.9728		144.767		42.7729		42.792
446		162.397		66.7167		150.24		108.649		41.421		119.151		45.3856		108.211		41.4941		42.0289
447		209.456		110.856		197.017		153.999		43.2307		163.112		46.2722		154.032		43.1758		42.9848
448		178.666		82.2941		166.564		124.482		42.0691		134.535		45.4262		124.352		42.0577		42.2125
449		231.164		130.89		218.429		174.722		44.0064		182.95		46.6994		174.758		43.868		43.6711
450		145.088		51.619		133.138		92.7193		40.0308		102.892		45.0025		91.9055		40.2865		41.2324
451		174.828		78.4717		162.744		120.73		42.0144		130.79		45.4903		120.578		42.1067		42.1654
452		244.468		144.685		231.883		188.276		43.8539		196.059		46.7539		188.329		43.6435		43.5547
453		272.802		170.629		260.049		215.305		44.8329		222.266		47.3915		215.333		44.7046		44.7154
454		215.064		116.348		202.629		159.549		43.3446		168.36		46.2152		159.568		43.2201		43.0606
455		239.381		138.437		226.64		182.523		44.3035		190.623		47.0925		182.52		44.0824		44.1197
456		200.074		101.04		187.554		144.328		43.3888		153.671		46.5442		144.306		43.2661		43.2472
457		175.952		79.5206		163.81		121.77		42.0448		132.18		45.5504		121.553		42.0325		42.257
458		199.014		100.881		186.578		143.771		42.9815		153.036		46.0034		143.723		42.8421		42.8552
459		209.743		111.556		197.328		154.471		43.0466		163.281		45.9553		154.454		42.8973		42.8746
460		185.939		88.7252		173.66		131.207		42.5429		140.991		45.7817		131.074		42.3488		42.5864
461		327.963		222.089		314.689		268.398		46.4496		273.648		48.6456		268.396		46.3068		46.2931
462		179.644		83.5995		167.471		125.648		41.9578		135.821		45.3572		125.542		41.9425		41.9291
463		287.947		185.06		275.066		230.067		45.1277		235.983		47.4684		230.073		45.0124		44.9932
464		254.504		152.588		241.673		197.182		44.7323		204.894		47.4375		197.228		44.6395		44.4446
465		262.629		161.282		249.913		205.6		44.4775		212.743		47.1205		205.613		44.3311		44.2999
466		163.93		68.4839		151.862		110.295		41.4007		120.572		45.265		109.905		41.4213		41.9564
467		239.042		138.737		226.464		182.602		44.0094		190.877		46.7927		182.622		43.885		43.8422
468		239.839		139.409		227.098		183.262		44.0415		191.196		46.7944		183.278		43.8692		43.8199
469		260.527		158.793		247.744		203.299		44.6593		210.42		47.1517		203.391		44.5972		44.3535
470		169.882		74.6132		157.802		116.322		41.4953		126.223		45.0101		116.095		41.4815		41.7074
471		208.567		110.088		196.173		153.167		43.1593		162.122		46.0207		153.119		43.0306		43.0548
472		271.158		168.987		258.253		213.633		44.8047		220.367		47.3765		213.602		44.6148		44.6505
473		138.022		46.1638		126.11		86.5529		39.1343		96.1293		44.4411		85.5023		39.3385		40.6076
474		274.614		172.212		261.877		217.003		44.9938		223.658		47.5377		217.101		44.8893		44.7755
475		172.368		75.9651		160.163		118.167		41.9913		128.577		45.6463		117.976		42.0112		42.1865
476		228.506		128.678		215.969		172.328		43.8708		180.565		46.6558		172.335		43.6565		43.6345
477		203.52		105.322		191.171		148.271		43.0662		157.527		46.1382		148.303		42.9804		42.8685
478		234.7		134.143		222.042		178.093		44.0739		186.158		46.9198		178.081		43.9379		43.9609
479		256.393		154.962		243.643		199.333		44.475		206.72		47.217		199.376		44.4138		44.2669
480		173.58		77.7556		161.512		119.721		41.7361		129.595		45.1514		119.466		41.7106		42.0457
481		279.156		176.058		266.084		221.125		45.2062		227.824		47.7923		221.189		45.1311		44.8953
482		232.199		131.56		219.404		175.539		44.1905		183.975		46.9843		175.507		43.9465		43.8977
483		185.707		89.0796		173.545		131.372		42.2907		141.363		45.6077		131.306		42.2259		42.2395
484		169.256		73.9487		157.261		115.692		41.4784		125.672		45.022		115.496		41.5474		41.7648
485		224.983		125.805		212.552		169.196		43.5667		177.385		46.326		169.226		43.4216		43.3253
486		251.943		150.601		239.271		194.894		44.5077		202.413		47.1519		194.898		44.2976		44.3723
487		206.614		108.452		194.301		151.424		43.0634		160.413		45.9821		151.428		42.9762		42.8734
488		176.058		79.8658		163.931		121.988		41.9839		131.533		45.4924		121.901		42.0354		42.03
489		184.438		87.7416		172.28		130.072		42.2594		139.534		45.3935		129.987		42.2455		42.2927
490		228.999		129.021		216.391		172.696		43.898		181.078		46.7157		172.715		43.6947		43.6752
491		183.208		86.9471		171.113		129.089		42.1338		138.91		45.4124		129.018		42.0706		42.0955
492		177.893		82.3693		165.74		124.187		41.715		134.302		45.1299		124.091		41.7222		41.6489
493		208.102		107.989		195.528		151.82		43.8817		161.06		46.793		151.861		43.8715		43.6669
494		252.159		150.941		239.461		195.235		44.4665		202.668		47.0388		195.233		44.2924		44.2285
495		212.17		113.075		199.637		156.383		43.4613		165.316		46.3898		156.394		43.3189		43.2432
496		178.948		82.7084		166.777		124.838		42.0034		134.49		45.2755		124.727		42.0184		42.0501
497		253.091		151.984		240.376		196.235		44.3354		203.859		46.8999		196.338		44.3548		44.0376
498		210.48		112.015		198.099		155.064		43.2096		163.971		46.1886		155.003		42.988		43.0965
499		237.963		137.762		225.405		181.519		44.0293		189.83		46.8696		181.544		43.7819		43.8608
500		233.63		133.252		220.959		177.121		43.9911		185.413		46.9609		177.095		43.8433		43.8639
