1		53.1945		5.51141		44.6323		24.7012		20.3078		4.37939e-06		325.957		19.7559		14.2445		24.8764
2		53.6156		5.56017		44.9632		24.8954		20.4342		0.000256433		344.87		19.9268		14.3666		25.0364
3		53.1274		5.49857		44.5142		24.6298		20.2625		2.1036e-05		306.806		19.6864		14.1878		24.8278
4		53.0673		5.50256		44.4728		24.6135		20.2518		1.31355e-08		316.72		19.6337		14.1311		24.8391
5		53.0252		5.4898		44.4004		24.5628		20.2179		2.17774e-06		350.854		19.6078		14.118		24.7927
6		52.2646		5.41548		43.7777		24.2565		19.9384		2.906e-05		390.79		19.402		13.9865		24.3758
7		53.3926		5.47179		44.698		24.6994		20.3561		2.26775e-06		364.741		19.6973		14.2255		25.0008
8		52.7534		5.43332		44.1801		24.4269		20.1402		1.61718e-05		362.803		19.4555		14.0222		24.7246
9		53.2763		5.47858		44.6082		24.6666		20.3551		1.48873e-05		295.883		19.6413		14.1627		24.9669
10		52.8582		5.45473		44.2529		24.5271		20.1849		0.000152768		374.303		19.609		14.1543		24.6439
11		53.7919		5.56771		45.144		24.9466		20.5175		1.04732e-05		309.295		19.8875		14.3198		25.2565
12		53.0355		5.4622		44.3418		24.5566		20.2213		1.20155e-05		266.831		19.5824		14.1202		24.7594
13		54.0103		5.57651		45.2519		25.026		20.555		4.01308e-07		303.031		20.0236		14.4471		25.2283
14		53.438		5.53763		44.7663		24.7968		20.3683		2.26292e-06		314.168		19.8305		14.2929		24.9358
15		53.7486		5.58246		45.0377		24.9461		20.4818		2.4403e-07		336.348		19.9588		14.3764		25.0788
16		53.4433		5.51237		44.7603		24.7856		20.417		1.59063e-05		301.79		19.81		14.2976		24.9504
17		52.9657		5.42513		44.356		24.5041		20.1862		3.92468e-08		290.5		19.5128		14.0877		24.8432
18		53.5476		5.53596		44.8272		24.8137		20.3849		6.94206e-05		356.022		19.8355		14.2996		24.9917
19		53.3645		5.51125		44.6807		24.757		20.3551		1.78021e-05		311.263		19.8186		14.3074		24.8621
20		53.4955		5.53545		44.8213		24.8553		20.3987		1.96305e-06		317.334		19.9116		14.3762		24.9097
21		53.5221		5.55431		44.8546		24.8271		20.3718		6.10264e-05		306.217		19.8615		14.3072		24.9931
22		53.5494		5.5068		44.831		24.7963		20.4283		4.55461e-05		311.909		19.7858		14.279		25.0452
23		53.8813		5.55352		45.122		24.9831		20.5204		1.09729e-07		395.1		19.9912		14.4377		25.1308
24		53.2841		5.5312		44.6557		24.7263		20.312		2.367e-05		362.342		19.7636		14.2324		24.8921
25		53.3907		5.55244		44.7221		24.7799		20.3557		5.8559e-06		332.079		19.8033		14.2509		24.9187
26		52.9762		5.50958		44.3767		24.598		20.2204		5.94925e-05		306.558		19.6502		14.1406		24.7265
27		52.8313		5.45579		44.1933		24.4759		20.143		0.000300325		391.461		19.565		14.1092		24.6283
28		53.2308		5.50077		44.5703		24.6564		20.2595		0.000148364		328.5		19.6915		14.1907		24.8788
29		53.9256		5.58965		45.1728		25.0293		20.5416		0.000224591		394.019		20.0443		14.4546		25.1285
30		53.4057		5.52522		44.7204		24.7467		20.3387		2.61634e-06		302.875		19.8102		14.285		24.9102
31		53.629		5.51381		44.9302		24.8585		20.4378		9.2087e-08		313.574		19.8574		14.3436		25.0728
32		52.1497		5.35472		43.6649		24.1525		19.9432		3.52059e-06		284.185		19.2394		13.8847		24.4255
33		53.7959		5.61269		45.0547		24.9854		20.5042		7.64469e-06		305.781		20.028		14.4153		25.0268
34		52.7989		5.39574		44.1939		24.4302		20.1719		1.79575e-06		266.776		19.4549		14.0592		24.7389
35		52.5238		5.43857		44.0024		24.3752		20.0717		0.000511488		393.291		19.4476		14.009		24.5548
36		52.6998		5.44848		44.0997		24.4521		20.1313		1.78135e-05		291.996		19.5278		14.0794		24.5719
37		53.4432		5.53358		44.7807		24.7935		20.367		6.98165e-05		320.316		19.8352		14.3016		24.9456
38		53.5621		5.52349		44.8727		24.8516		20.4234		3.36164e-05		398.197		19.883		14.3595		24.9897
39		53.1982		5.50952		44.5572		24.672		20.2673		6.43954e-05		377.772		19.7064		14.1969		24.8508
40		53.152		5.47823		44.57		24.6914		20.3236		1.38205e-05		301.999		19.7388		14.2606		24.8312
41		52.5733		5.45084		44.0369		24.4008		20.0535		9.08618e-06		338.909		19.4985		14.0477		24.5384
42		54.6163		5.70835		45.8049		25.3825		20.7643		3.68948e-05		388.796		20.3684		14.66		25.4365
43		52.3323		5.39045		43.8131		24.2419		20.0033		1.48847e-05		323.416		19.3438		13.9533		24.4693
44		53.1151		5.47385		44.4859		24.6283		20.2939		4.48885e-06		273.055		19.6358		14.1619		24.8501
45		52.764		5.44477		44.1562		24.4526		20.1346		2.04976e-06		317.126		19.535		14.0902		24.6213
46		53.7951		5.57665		45.0665		24.9677		20.4765		1.23843e-05		371.543		19.992		14.4154		25.0745
47		53.1358		5.48308		44.4606		24.6188		20.2742		1.0248e-05		293.114		19.6439		14.1609		24.8166
48		53.3695		5.52599		44.6812		24.7636		20.3807		1.71e-08		374.563		19.7848		14.2588		24.8965
49		52.622		5.37533		44.0326		24.3359		20.1114		5.53631e-06		295.515		19.3776		14.0022		24.6551
50		52.543		5.39078		44.0053		24.3496		20.0456		1.05132e-06		311.969		19.4779		14.0871		24.5274
51		52.7228		5.41848		44.1544		24.4023		20.1229		7.62099e-05		341.356		19.4558		14.0373		24.6986
52		52.8492		5.45914		44.2531		24.4928		20.179		0.000126694		328.239		19.5474		14.0882		24.7058
53		53.2431		5.47432		44.6009		24.6536		20.288		3.29406e-06		295.729		19.66		14.1856		24.9409
54		53.7555		5.57599		45.1197		24.9926		20.4992		2.03041e-06		271.974		20.0273		14.4513		25.0924
55		53.1486		5.50891		44.4963		24.6623		20.2759		1.4729e-07		288.874		19.7347		14.2258		24.7616
56		53.6352		5.51768		44.9222		24.8314		20.4852		4.5251e-06		286.178		19.79		14.2723		25.1322
57		52.4626		5.41648		43.9218		24.3053		20.0103		1.1157e-06		325.47		19.3739		13.9574		24.548
58		53.5295		5.51156		44.8018		24.8013		20.4071		0.000117171		318.377		19.8158		14.3042		24.986
59		53.4086		5.48956		44.7415		24.7348		20.3652		2.1e-07		330.986		19.7347		14.2452		25.0068
60		53.3903		5.54066		44.8024		24.7635		20.3372		5.59504e-06		210.302		19.7895		14.2488		25.0129
61		53.1586		5.51664		44.568		24.6927		20.2909		1.91549e-05		297.979		19.7507		14.2341		24.8173
62		54.0104		5.59474		45.3013		25.0553		20.5977		3.64307e-05		310.264		19.9903		14.3956		25.311
63		53.1363		5.46638		44.4716		24.5922		20.2646		8.94057e-05		332.564		19.6056		14.1392		24.866
64		53.3618		5.4869		44.6346		24.7025		20.3686		1.70291e-05		322.532		19.694		14.2071		24.9406
65		52.764		5.46544		44.1384		24.4371		20.1017		1.5504e-05		337.565		19.5146		14.0491		24.6238
66		52.9773		5.51426		44.3703		24.5852		20.213		0.000176237		388.149		19.6388		14.1246		24.7315
67		52.6533		5.4424		44.1316		24.419		20.0325		0.000591639		196.243		19.5655		14.1231		24.5661
68		52.54		5.40036		43.9454		24.3255		20.0617		4.15113e-05		316.097		19.3827		13.9824		24.5627
69		53.1086		5.48411		44.4542		24.5966		20.2437		0.000190664		304.43		19.6042		14.1201		24.85
70		53.2149		5.52775		44.6477		24.7379		20.3178		0.000173693		391.997		19.778		14.2502		24.8697
71		52.5041		5.41153		43.9724		24.3308		20.0425		4.34876e-05		297.477		19.3952		13.9837		24.5771
72		52.8485		5.42581		44.1973		24.4793		20.1793		1.85926e-06		331.558		19.5525		14.1267		24.6448
73		53.0524		5.46795		44.3998		24.6068		20.2728		2.83225e-05		360.568		19.646		14.178		24.7538
74		52.63		5.39162		44.0729		24.3776		20.1031		9.09365e-06		303.58		19.4521		14.0605		24.6208
75		53.5788		5.54791		44.8712		24.8459		20.3837		5.50066e-05		341.609		19.8829		14.335		24.9882
76		52.1825		5.38952		43.6693		24.174		19.9056		1.10693e-05		326.415		19.298		13.9084		24.3713
77		53.8756		5.59557		45.0806		25.0127		20.5177		1.93389e-06		359.464		20.0459		14.4504		25.0346
78		53.1746		5.51407		44.5525		24.6695		20.2938		7.69822e-05		287.478		19.7021		14.188		24.8504
79		53.1138		5.47587		44.5016		24.6228		20.2798		0.000179086		385.297		19.6476		14.1718		24.854
80		53.532		5.51916		44.7175		24.7842		20.436		0.000129047		316.733		19.7667		14.2475		24.9508
81		53.0782		5.52295		44.4249		24.6094		20.2266		0.000208184		230.46		19.6464		14.1235		24.7784
82		53.2176		5.51163		44.6029		24.7065		20.3024		4.15506e-05		380.066		19.7253		14.2136		24.8777
83		53.4627		5.52158		44.7927		24.7713		20.3452		1.37131e-06		324.7		19.7996		14.2781		24.9931
84		52.4664		5.42304		43.8322		24.2828		20.0094		1.1908e-05		301.617		19.3824		13.9593		24.4498
85		53.7318		5.57263		45.0462		24.9544		20.4591		1.15042e-05		283.802		19.9947		14.422		25.0516
86		53.9132		5.62009		45.1687		25.0295		20.5315		9.19774e-06		393.245		20.0163		14.3963		25.1523
87		53.1877		5.52124		44.5267		24.6539		20.2461		6.45889e-07		278.288		19.7		14.1788		24.8267
88		54.2758		5.6422		45.5479		25.2007		20.6501		0.00015562		306.72		20.2118		14.5696		25.3361
89		52.7892		5.45671		44.2108		24.4788		20.0934		6.19069e-05		342.849		19.5863		14.1296		24.6245
90		53.3479		5.49768		44.7086		24.7249		20.3354		1.10652e-07		335.232		19.7431		14.2454		24.9655
91		52.7885		5.43619		44.2109		24.4713		20.1131		1.06678e-06		338.63		19.5648		14.1286		24.6462
92		53.5325		5.52976		44.8933		24.8457		20.4047		0.000296885		373.693		19.8857		14.3559		25.0077
93		53.472		5.53832		44.774		24.8146		20.3828		4.42855e-05		345.426		19.8529		14.3146		24.9211
94		52.9517		5.4952		44.357		24.5609		20.187		3.0235e-06		322.81		19.6353		14.1401		24.7217
95		53.1043		5.49551		44.4714		24.6083		20.2624		4.99035e-06		303.309		19.6075		14.112		24.8639
96		53.1547		5.47717		44.4888		24.5994		20.2557		2.69077e-06		291.39		19.6359		14.1587		24.8529
97		53.099		5.49779		44.4673		24.6442		20.2524		2.09586e-05		387.609		19.6892		14.1914		24.7781
98		52.6214		5.44041		44.077		24.4193		20.1179		3.03057e-06		392.688		19.4859		14.0455		24.5912
99		53.0477		5.48417		44.4616		24.6218		20.2132		3.82909e-05		335.613		19.7182		14.234		24.7434
100		53.7507		5.54798		44.9972		24.899		20.5167		1.98919e-07		281.442		19.8595		14.3115		25.1377
101		53.8444		5.55733		45.121		24.98		20.5146		1.34557e-06		290.76		20.0306		14.4733		25.0904
102		53.3315		5.54538		44.7349		24.7577		20.34		2.0071e-05		362.648		19.8249		14.2795		24.91
103		53.4256		5.54459		44.7457		24.7816		20.3261		7.13394e-06		367.847		19.855		14.3104		24.8907
104		52.5423		5.45137		43.9178		24.3516		20.0142		0.000142757		359.215		19.4626		14.0113		24.4552
105		52.8489		5.49153		44.2583		24.5263		20.1148		1.37245e-06		342.408		19.6142		14.1227		24.6441
106		53.227		5.51791		44.5848		24.7044		20.2761		0.619232		291.351		19.7492		14.2313		24.8356
107		52.8222		5.4774		44.2267		24.5204		20.1729		7.08773e-07		332.467		19.5816		14.1042		24.6451
108		53.996		5.61246		45.2374		25.0827		20.5802		1.52288e-05		293.775		20.0904		14.4779		25.147
109		53.8007		5.59519		45.1255		24.9436		20.504		2.2253e-05		292.341		19.9448		14.3496		25.1806
110		52.8747		5.47452		44.2987		24.5416		20.1793		5.61789e-06		287.441		19.6111		14.1365		24.6876
111		53.1431		5.45487		44.4924		24.6302		20.3268		6.92754e-07		349.251		19.6425		14.1876		24.8499
112		53.5128		5.55077		44.8871		24.8448		20.3986		1.05111e-05		291.448		19.8516		14.3008		25.0355
113		52.783		5.43939		44.2196		24.4541		20.1322		1.03423e-05		335.835		19.5026		14.0632		24.717
114		53.7147		5.56695		44.9928		24.9252		20.4521		2.15052e-05		360.443		19.9367		14.3698		25.056
115		53.3797		5.51126		44.6722		24.745		20.3782		4.29478e-05		304.269		19.7761		14.2648		24.8961
116		53.0747		5.49346		44.3965		24.6052		20.2554		3.32664e-11		293.886		19.6765		14.1831		24.72
117		53.0393		5.48828		44.4076		24.5945		20.2181		3.32309e-06		320.013		19.6501		14.1618		24.7575
118		53.3827		5.5336		44.7748		24.7686		20.3592		3.1872e-07		301.402		19.7778		14.2442		24.997
119		53.2395		5.49245		44.5757		24.6403		20.2769		4.31335e-05		384.891		19.6362		14.1437		24.9395
120		53.691		5.55938		44.9949		24.9029		20.4783		1.1561e-06		272.196		19.8676		14.3083		25.1272
121		52.6582		5.43038		44.034		24.3916		20.1223		3.10914e-08		371.381		19.4513		14.0209		24.5827
122		53.4105		5.55153		44.7912		24.7967		20.3675		2.52206e-05		285.345		19.8214		14.2698		24.9698
123		52.5707		5.38534		44.0197		24.3316		20.0757		5.4737e-05		356.352		19.3984		14.0131		24.6213
124		53.0924		5.47572		44.4611		24.6284		20.3078		1.23897e-06		303.819		19.6686		14.1929		24.7925
125		53.0196		5.45326		44.3647		24.5326		20.1858		1.60475e-07		358.286		19.5968		14.1436		24.7679
126		53.489		5.5489		44.7912		24.8129		20.3712		1.45807e-05		282.035		19.8331		14.2842		24.9581
127		52.1876		5.34981		43.7154		24.1747		19.9075		1.967e-05		322.186		19.3258		13.976		24.3895
128		53.1527		5.51608		44.55		24.647		20.2188		1.15777e-05		322.624		19.7409		14.2249		24.8091
129		53.6915		5.52864		44.9281		24.8453		20.4673		1.99134e-06		316.018		19.818		14.2893		25.1102
130		53.1648		5.51692		44.5496		24.6499		20.2286		6.61939e-05		323.495		19.688		14.171		24.8616
131		52.8866		5.45034		44.3544		24.5263		20.1686		2.91019e-06		371.862		19.6099		14.1596		24.7445
132		53.0511		5.49529		44.4436		24.6173		20.2475		1.43424e-06		303.255		19.6663		14.171		24.7773
133		53.2844		5.49962		44.6487		24.7308		20.35		7.44453e-06		266.295		19.7311		14.2315		24.9176
134		53.1806		5.49543		44.5086		24.6423		20.3109		2.43998e-05		287.925		19.6541		14.1587		24.8545
135		53.3755		5.51502		44.7174		24.7671		20.3899		1.01725e-05		286.785		19.7725		14.2575		24.9449
136		53.0444		5.48123		44.3654		24.5532		20.2319		1.37837e-05		291.983		19.5698		14.0886		24.7955
137		53.5504		5.54606		44.8588		24.8371		20.4134		7.80762e-07		297.696		19.8292		14.2831		25.0296
138		53.4057		5.53358		44.7897		24.7928		20.3717		0.000160162		384.087		19.7964		14.2628		24.9933
139		53.5685		5.50799		44.8505		24.8181		20.4653		3.97777e-06		283.001		19.782		14.274		25.0685
140		53.3635		5.47914		44.6022		24.7062		20.3609		6.63701e-05		317.777		19.7299		14.2508		24.8723
141		52.6815		5.4358		44.1359		24.432		20.0777		9.9246e-07		369.951		19.5644		14.1286		24.5714
142		54.3152		5.6496		45.5668		25.2403		20.6735		8.12038e-05		307.279		20.2464		14.5968		25.3203
143		53.9164		5.58752		45.1681		25.0381		20.5408		3.24006e-06		305.414		20.0578		14.4703		25.1103
144		53.3887		5.50632		44.7685		24.7763		20.4304		3.21496e-06		315.344		19.7528		14.2465		25.0157
145		53.3482		5.5383		44.6943		24.7491		20.3001		0.797143		345.157		19.8171		14.2788		24.8771
146		53.3528		5.53249		44.6752		24.7684		20.342		2.56588e-05		331.864		19.8098		14.2773		24.8654
147		53.2799		5.50765		44.6194		24.7117		20.3176		5.50337e-07		339.468		19.7359		14.2283		24.8835
148		53.6309		5.54358		44.998		24.8828		20.45		8.28569e-05		328.313		19.903		14.3594		25.095
149		53.281		5.53245		44.6288		24.729		20.3003		3.23362e-06		345.258		19.78		14.2476		24.8488
150		53.1479		5.54903		44.4786		24.6537		20.2446		6.1364e-05		316.924		19.7064		14.1573		24.7722
151		52.7552		5.41589		44.0557		24.4014		20.1245		4.00207e-06		328.88		19.495		14.0791		24.5607
152		53.8356		5.62035		45.1499		25.0461		20.5564		3.62997e-08		307.336		20.0563		14.436		25.0936
153		53.1296		5.45615		44.4711		24.5775		20.2579		1.34991e-05		297.791		19.5777		14.1216		24.8934
154		53.6658		5.52645		44.8874		24.8701		20.4706		6.8214e-06		301.379		19.9017		14.3753		24.9857
155		53.3459		5.50791		44.6835		24.721		20.3585		2.06692e-05		301.607		19.6981		14.1902		24.9854
156		53.2604		5.52839		44.6395		24.7334		20.2802		1.73334e-06		340.401		19.8028		14.2744		24.8367
157		52.855		5.46971		44.2621		24.5124		20.1506		2.01269e-06		317.629		19.5602		14.0905		24.7018
158		53.7865		5.5271		45.1051		24.9331		20.5138		8.28549e-06		267.672		19.9341		14.407		25.171
159		54.0527		5.61182		45.3541		25.1232		20.5901		7.20517e-07		305.953		20.1255		14.5137		25.2286
160		53.4715		5.55218		44.8008		24.8144		20.3842		3.57514e-05		362.642		19.8436		14.2914		24.9572
161		53.3723		5.54913		44.7339		24.7777		20.369		6.81096e-06		272.795		19.8149		14.2658		24.919
162		53.5735		5.52067		44.8157		24.8162		20.4293		3.08567e-06		273.47		19.8072		14.2865		25.0085
163		53.0762		5.51082		44.4997		24.6286		20.2141		7.55353e-06		378.043		19.659		14.1481		24.8407
164		54.0366		5.64683		45.3625		25.1568		20.6029		9.71349e-05		364.858		20.1592		14.5124		25.2033
165		53.4079		5.50789		44.7448		24.7769		20.3921		4.15476e-05		261.486		19.8269		14.319		24.9179
166		53.4125		5.52037		44.6804		24.7581		20.377		4.26327e-06		297.308		19.777		14.2566		24.9034
167		53.5372		5.50601		44.8162		24.78		20.4647		7.73919e-06		396.907		19.7344		14.2284		25.0818
168		53.2127		5.50536		44.5325		24.6328		20.2747		0.000134942		319.665		19.6365		14.1311		24.8961
169		53.7487		5.54949		45.0013		24.9018		20.4555		1.2596e-05		370.416		19.9234		14.3739		25.0779
170		52.6482		5.47725		44.0497		24.4242		20.095		8.14246e-06		369.469		19.5153		14.0381		24.5343
171		53.7563		5.5455		45.0689		24.9307		20.5012		9.73231e-07		337.067		19.8987		14.3532		25.1701
172		52.6564		5.40969		44.0739		24.38		20.09		0.00014627		357.867		19.4513		14.0416		24.6226
173		53.1566		5.46861		44.4842		24.6253		20.3101		4.16799e-07		277.095		19.6516		14.183		24.8326
174		52.8692		5.4108		44.302		24.4798		20.1913		1.10281e-05		265.025		19.5013		14.0905		24.8007
175		53.6388		5.58381		44.956		24.9266		20.4617		0.00088096		368.077		19.9227		14.3389		25.0333
176		53.6189		5.54212		44.9333		24.8724		20.4553		1.17649e-05		284.566		19.8649		14.3228		25.0685
177		53.0455		5.44265		44.3576		24.5458		20.2626		3.81578e-07		338.566		19.5881		14.1454		24.7695
178		53.0383		5.49672		44.4336		24.6018		20.2282		6.96564e-05		369.444		19.646		14.1493		24.7876
179		53.236		5.51104		44.5587		24.6746		20.2688		0.000203471		391.799		19.7229		14.2119		24.8358
180		52.8714		5.48896		44.2605		24.526		20.1571		3.76839e-05		341.062		19.6049		14.116		24.6556
181		54.0021		5.5968		45.2629		25.0458		20.5529		1.15404e-05		318.01		20.0236		14.4268		25.2393
182		53.3724		5.54461		44.7268		24.7976		20.3881		1.07524e-07		294.352		19.8517		14.3071		24.8751
183		53.0449		5.448		44.4124		24.5453		20.2714		1.1377e-05		293.277		19.5374		14.0894		24.8751
184		53.8958		5.58537		45.151		25.0089		20.5223		4.35985e-06		298.444		20.0318		14.4464		25.1191
185		53.443		5.54263		44.7857		24.7976		20.3735		1.81316e-07		315.33		19.8245		14.2819		24.9611
186		53.1485		5.50157		44.5332		24.6781		20.2411		3.07962e-08		299.112		19.7724		14.2709		24.7608
187		52.8959		5.45623		44.3025		24.5285		20.1918		5.90965e-05		367.759		19.5615		14.1053		24.741
188		53.6279		5.57189		44.9472		24.8709		20.4104		3.51291e-06		347.662		19.8895		14.3177		25.0577
189		53.0749		5.45938		44.4314		24.5559		20.2605		3.55485e-05		335.025		19.5474		14.088		24.8841
190		53.0845		5.49408		44.5165		24.6403		20.2471		1.39963e-06		344.308		19.6889		14.1948		24.8277
191		52.8369		5.44302		44.1689		24.4778		20.1802		3.38727e-06		289.577		19.5228		14.0798		24.646
192		52.2239		5.37491		43.7358		24.1917		19.9489		9.48682e-07		320.533		19.2649		13.89		24.4708
193		53.7192		5.57726		44.9797		24.9208		20.4873		6.32544e-07		334.149		19.9013		14.324		25.0784
194		52.6463		5.42311		44.1074		24.3979		20.0899		0.00050207		383.709		19.475		14.0519		24.6324
195		53.1148		5.4496		44.4559		24.5947		20.2504		7.00282e-06		367.64		19.6472		14.1976		24.8087
196		53.3432		5.54693		44.701		24.7707		20.3223		2.02485e-07		385.053		19.8436		14.2967		24.8573
197		52.9129		5.4243		44.3256		24.4992		20.2236		1.6034e-06		306.917		19.5121		14.0878		24.8134
198		52.6744		5.44554		44.0977		24.4191		20.0808		2.90786e-05		324.069		19.4992		14.0536		24.5985
199		52.9182		5.49511		44.3481		24.5585		20.1719		1.29803e-06		381.648		19.6007		14.1056		24.7473
200		53.6652		5.5606		44.9953		24.9457		20.481		0.000109326		324.59		19.9617		14.4011		25.0336
201		53.7824		5.52216		44.9793		24.8901		20.4952		5.44415e-06		330.594		19.877		14.3548		25.1024
202		53.2872		5.53361		44.5912		24.7199		20.2892		3.88769e-05		286.704		19.7849		14.2513		24.8063
203		52.5152		5.37707		43.9636		24.3023		20.07		5.06775e-05		326.57		19.3554		13.9783		24.6082
204		52.7982		5.47393		44.1877		24.5		20.1234		3.47523e-05		332.517		19.5949		14.121		24.5928
205		53.397		5.53621		44.7307		24.7232		20.3252		5.33233e-05		298.924		19.7241		14.1879		25.0066
206		53.2203		5.48294		44.6129		24.667		20.296		2.95701e-07		281.5		19.7024		14.2195		24.9104
207		52.8861		5.48346		44.3446		24.5763		20.2045		1.097e-06		298.266		19.6688		14.1854		24.6758
208		53.2246		5.46448		44.5037		24.632		20.3499		9.95326e-07		296.148		19.6219		14.1574		24.8818
209		53.2314		5.49469		44.5052		24.6198		20.3137		1.20549e-05		301.717		19.6054		14.1107		24.8998
210		53.0106		5.5054		44.4253		24.6033		20.2016		5.10692e-08		334.679		19.6962		14.1908		24.7291
211		53.3949		5.54909		44.7766		24.8128		20.3671		2.09566e-06		282.326		19.8898		14.3407		24.8868
212		53.9339		5.55549		45.2172		24.9876		20.5236		5.95303e-06		272.597		19.9409		14.3854		25.2763
213		52.5719		5.43006		44.0444		24.3887		20.0881		4.48159e-06		346.584		19.4607		14.0306		24.5838
214		53.1189		5.51343		44.4912		24.6592		20.2429		5.06725e-08		337.749		19.7212		14.2077		24.7701
215		52.8829		5.49731		44.3151		24.5636		20.1763		0.000139073		364.328		19.6545		14.1572		24.6607
216		53.9771		5.57232		45.2494		25.0313		20.5786		2.53943e-06		302.229		19.9992		14.4269		25.2502
217		53.2505		5.51072		44.599		24.6828		20.2828		2.31734e-05		289.582		19.7311		14.2204		24.8679
218		53.8357		5.58173		45.0097		24.9454		20.5564		5.42306e-07		271.728		19.8906		14.3089		25.1191
219		53.2149		5.47635		44.6018		24.6416		20.2764		9.63394e-07		341.175		19.6488		14.1725		24.953
220		53.865		5.54119		45.1756		24.9799		20.5607		0.000134833		340.334		19.9412		14.4		25.2344
221		52.9574		5.45739		44.4223		24.5715		20.2151		1.43729e-05		300.247		19.6338		14.1764		24.7885
222		53.0713		5.46894		44.4655		24.6072		20.2487		3.42539e-08		348.18		19.6324		14.1635		24.8331
223		53.1765		5.47312		44.4597		24.6111		20.2724		2.17019e-05		354.79		19.6251		14.152		24.8347
224		53.0903		5.50056		44.4864		24.6269		20.2496		1.0266e-05		295.553		19.6416		14.141		24.8449
225		53.1123		5.532		44.5316		24.6687		20.2489		1.33634e-05		309.292		19.7221		14.1901		24.8095
226		53.9207		5.57617		45.2016		25.044		20.5932		1.79742e-06		276.533		20.0295		14.4533		25.1721
227		53.1469		5.50399		44.4677		24.6221		20.2716		1.66426e-05		305.65		19.6173		14.1133		24.8504
228		53.9562		5.59366		45.2632		25.0353		20.5454		1.03143e-05		318.14		20.0305		14.4368		25.2327
229		52.2663		5.41233		43.7759		24.2426		19.9414		3.61192e-05		373.101		19.378		13.9657		24.3979
230		53.2373		5.47423		44.6082		24.6801		20.2922		9.65691e-08		314.944		19.711		14.2367		24.8972
231		53.6678		5.57676		45.0066		24.9129		20.459		6.96749e-07		308.716		19.9063		14.3296		25.1002
232		53.388		5.53195		44.7906		24.7861		20.344		4.47842e-05		296.735		19.8567		14.3247		24.934
233		52.356		5.40635		43.8671		24.2787		19.9717		1.32169e-06		323.063		19.3967		13.9903		24.4704
234		52.7833		5.44403		44.1696		24.4473		20.0895		1.89596e-05		327.767		19.5494		14.1053		24.6202
235		53.0987		5.49631		44.6021		24.697		20.2835		8.3189e-07		359.961		19.7632		14.2669		24.8389
236		53.3747		5.4949		44.6913		24.7066		20.3617		6.02952e-08		295.915		19.684		14.1891		25.0073
237		52.9554		5.51232		44.3732		24.5818		20.1446		0.000331703		330.741		19.6832		14.1709		24.69
238		53.7685		5.59748		45.0453		24.9832		20.5033		6.08318e-06		298.578		20.0046		14.4071		25.0407
239		52.92		5.48976		44.3482		24.5393		20.1856		2.39292e-05		340.097		19.5723		14.0825		24.7759
240		53.9509		5.6298		45.24		25.0735		20.5659		1.06517e-05		279.261		20.0815		14.4517		25.1585
241		53.5278		5.53774		44.8316		24.8155		20.4083		9.82826e-06		394.529		19.8106		14.2728		25.021
242		52.4957		5.45824		44.0708		24.3756		19.978		3.05179e-07		278.023		19.5058		14.0476		24.565
243		53.8567		5.59898		45.1825		25.0084		20.5024		1.07793e-06		298.593		20.0025		14.4036		25.1799
244		54.0602		5.59505		45.2468		25.0745		20.5761		3.98298e-05		307.464		20.1042		14.5092		25.1426
245		53.4632		5.5315		44.8422		24.8173		20.3907		3.88641e-05		285.127		19.8475		14.316		24.9947
246		52.5761		5.40779		43.9622		24.3313		20.0638		8.56509e-07		293.786		19.4156		14.0079		24.5465
247		52.8624		5.47708		44.3169		24.5306		20.149		0.338922		388.048		19.5864		14.1093		24.7305
248		52.8838		5.45762		44.249		24.5233		20.1949		3.49608e-06		307.381		19.5816		14.124		24.6674
249		53.0756		5.48001		44.4407		24.5688		20.2122		8.09385e-07		282.583		19.5981		14.1181		24.8427
250		53.2824		5.51618		44.6307		24.7275		20.3192		0.000259667		353.198		19.7446		14.2284		24.8861
251		52.9732		5.49586		44.3483		24.5871		20.1953		1.08491e-05		359.555		19.6611		14.1653		24.6872
252		53.2847		5.51692		44.6862		24.7305		20.3327		4.68237e-06		314.134		19.746		14.229		24.9402
253		53.9272		5.60391		45.2545		25.0341		20.5161		1.13646e-05		331.296		20.0056		14.4017		25.2488
254		53.7954		5.53333		45.0297		24.9063		20.4988		2.35814e-05		304.589		19.8519		14.3186		25.1777
255		52.5209		5.39486		43.9957		24.3246		20.0419		0.000346492		355.662		19.4312		14.0363		24.5646
256		53.3518		5.52266		44.6897		24.7305		20.3246		3.26805e-05		351.142		19.7928		14.2702		24.8969
257		52.702		5.46472		44.1477		24.4399		20.1256		9.00641e-05		318.399		19.5143		14.0496		24.6334
258		52.3853		5.39955		43.877		24.2778		20.0188		5.98749e-05		392.319		19.3662		13.9666		24.5109
259		53.3267		5.49066		44.6275		24.7182		20.3379		2.61414e-08		344.006		19.7633		14.2727		24.8641
260		52.6112		5.44238		44.1061		24.3979		20.0683		2.18641e-06		330.485		19.4968		14.0545		24.6093
261		52.9091		5.46727		44.3532		24.535		20.1945		1.76919e-06		311.525		19.5564		14.0891		24.7968
262		53.3743		5.52168		44.6512		24.7303		20.3247		2.83651e-05		280.978		19.7448		14.2232		24.9063
263		52.2984		5.34455		43.7583		24.2116		20.0064		0.000245686		367.209		19.293		13.9485		24.4652
264		53.1997		5.50161		44.5326		24.6659		20.265		4.01828e-05		288.187		19.7355		14.2339		24.7972
265		53.1479		5.47348		44.5238		24.6364		20.2605		3.39914e-06		334.166		19.7009		14.2274		24.8229
266		52.9		5.50149		44.3339		24.5613		20.1586		4.03792e-06		373.936		19.6261		14.1246		24.7078
267		52.9468		5.48569		44.4071		24.6011		20.2156		1.79109e-05		294.98		19.6427		14.157		24.7644
268		53.505		5.55825		44.8845		24.8384		20.3341		1.81478e-06		346.234		19.9143		14.3561		24.9702
269		53.7614		5.58098		45.0898		24.9548		20.4857		3.67435e-05		314.164		19.9525		14.3715		25.1374
270		52.9072		5.47904		44.3278		24.5132		20.1727		3.85462e-05		348.501		19.5502		14.0712		24.7776
271		53.3013		5.53243		44.6491		24.7378		20.3261		0.000745148		393.319		19.7702		14.2378		24.8789
272		52.1339		5.39534		43.619		24.1941		19.9219		0.000316994		387.071		19.3413		13.946		24.2776
273		52.7832		5.47379		44.1849		24.4852		20.1541		5.81097e-05		389.517		19.5479		14.0741		24.6371
274		52.7842		5.46917		44.224		24.5169		20.1489		1.7383e-06		337.529		19.6292		14.1601		24.5948
275		54.1		5.57507		45.2825		25.0567		20.6384		9.03152e-07		261.011		19.9822		14.4071		25.3004
276		53.7604		5.59111		44.9601		24.9299		20.4846		0.00013649		384.822		19.9147		14.3236		25.0454
277		53.6618		5.58177		44.9876		24.9013		20.4557		3.30163e-07		310.266		19.8922		14.3104		25.0954
278		52.9621		5.48278		44.3562		24.5696		20.2092		7.32076e-08		332.011		19.6204		14.1376		24.7358
279		53.5176		5.54904		44.8463		24.8424		20.4		6.54304e-06		304.18		19.8719		14.3229		24.9743
280		52.1868		5.36244		43.6496		24.18		20.0069		4.95098e-07		268.59		19.2661		13.9037		24.3835
281		53.2917		5.46755		44.6699		24.6919		20.3059		1.19477e-06		349.058		19.6973		14.2298		24.9726
282		53.3138		5.50354		44.6642		24.7279		20.3621		7.11968e-06		349.156		19.7514		14.2479		24.9128
283		52.2917		5.41761		43.7765		24.2411		19.9183		5.28221e-05		320.837		19.3604		13.9428		24.4161
284		53.397		5.513		44.7363		24.748		20.3748		1.93578e-06		323.29		19.7574		14.2444		24.9789
285		52.9342		5.49703		44.2904		24.5601		20.2086		2.26333e-06		270.728		19.5763		14.0792		24.7141
286		53.7199		5.57589		44.9489		24.8884		20.4622		3.04395e-07		294.975		19.8724		14.2965		25.0765
287		53.5069		5.56111		44.8436		24.8254		20.3464		7.27429e-06		340.928		19.8728		14.3117		24.9708
288		52.8084		5.48511		44.1248		24.485		20.127		1.65094e-06		336.473		19.5895		14.1044		24.5354
289		53.1753		5.50489		44.5645		24.6879		20.2934		3.07784e-05		371.37		19.7487		14.2438		24.8158
290		53.2769		5.5215		44.6523		24.7136		20.3414		6.85922e-05		279.238		19.7059		14.1844		24.9464
291		53.0239		5.49552		44.3529		24.5882		20.2219		4.81043e-06		369.231		19.6317		14.1362		24.7211
292		53.1745		5.46647		44.3906		24.6017		20.2804		7.83551e-05		336.537		19.6101		14.1436		24.7805
293		53.2826		5.50416		44.6528		24.7137		20.308		1.49303e-05		392.998		19.7648		14.2607		24.8879
294		53.2343		5.52076		44.6712		24.7357		20.2835		6.68438e-06		393.947		19.8185		14.2977		24.8527
295		53.1763		5.50558		44.533		24.6553		20.2716		8.20424e-07		291.522		19.6926		14.1871		24.8404
296		53.9315		5.58406		45.1738		25.0094		20.5461		1.41328e-06		290.321		19.9943		14.4103		25.1794
297		53.3459		5.53484		44.6463		24.739		20.3236		0.000219935		341.909		19.7789		14.244		24.8674
298		52.821		5.48141		44.1972		24.4854		20.1498		1.59565e-06		296.754		19.5473		14.0659		24.65
299		53.6602		5.5697		44.9733		24.8921		20.3995		9.28044e-06		356.229		19.9243		14.3546		25.049
300		53.5444		5.58042		44.9051		24.897		20.4189		3.83534e-07		327.161		19.9413		14.3609		24.9637
301		52.7693		5.46819		44.1524		24.4707		20.1213		0.278246		208.613		19.5593		14.0912		24.593
302		53.669		5.54844		44.9401		24.8698		20.4584		3.15467e-05		273.677		19.8526		14.3042		25.0874
303		53.21		5.47355		44.4502		24.6181		20.2588		3.42931e-06		375.593		19.6591		14.1855		24.7911
304		53.0086		5.4977		44.4468		24.6287		20.2164		1.05592e-06		335.155		19.7337		14.236		24.713
305		53.0594		5.51886		44.4795		24.6297		20.2288		1.37342e-05		296.051		19.7011		14.1822		24.7785
306		53.2642		5.50672		44.6268		24.7106		20.3064		8.35693e-06		382.041		19.7701		14.2634		24.8567
307		54.2129		5.61582		45.4847		25.1611		20.7144		3.34768e-05		321.308		20.0627		14.4468		25.422
308		53.4897		5.51693		44.8667		24.8415		20.4207		7.07719e-07		362.283		19.8926		14.3757		24.9741
309		52.931		5.45899		44.3228		24.5483		20.2295		1.95414e-05		282.649		19.6008		14.1419		24.7219
310		54.1617		5.64321		45.3625		25.1815		20.6839		1.53236e-05		304.517		20.1586		14.5154		25.2039
311		53.1242		5.45143		44.415		24.5934		20.2701		1.78281e-06		362.74		19.6165		14.1651		24.7984
312		53.6769		5.55041		44.9887		24.8958		20.4178		1.38933e-05		311.755		19.9263		14.3759		25.0623
313		53.301		5.52193		44.6611		24.6887		20.28		0.000222706		305.182		19.7037		14.1818		24.9574
314		53.0658		5.46577		44.4573		24.5667		20.1751		7.21941e-05		360.94		19.6091		14.1433		24.8482
315		53.6188		5.53889		44.8975		24.8507		20.4653		1.30987e-07		328.435		19.8296		14.2907		25.0679
316		53.2257		5.4682		44.531		24.621		20.3108		6.3466e-07		269.185		19.6345		14.1663		24.8965
317		53.372		5.5317		44.7281		24.7672		20.3074		3.44913e-05		377.476		19.8407		14.309		24.8874
318		53.4482		5.53367		44.8334		24.8063		20.3502		3.85254e-05		314.929		19.89		14.3563		24.9434
319		53.5954		5.56256		44.9714		24.8634		20.4123		0.000164033		360.514		19.8769		14.3144		25.0945
320		53.4118		5.54416		44.7466		24.7608		20.3393		1.14225e-06		319.691		19.7693		14.2251		24.9773
321		52.5284		5.47624		44.0756		24.4181		20.0366		0.000556878		387.383		19.5385		14.0622		24.5371
322		53.1199		5.5162		44.4829		24.6412		20.242		1.20443e-05		394.911		19.6939		14.1777		24.789
323		53.6913		5.56144		45.0299		24.93		20.413		1.79951e-05		364.174		20.0102		14.4487		25.0197
324		53.198		5.53117		44.5429		24.703		20.3243		0.000587735		392.573		19.7311		14.1999		24.8118
325		52.9813		5.46368		44.3655		24.5471		20.1986		5.01672e-08		338.981		19.5606		14.0969		24.805
326		53.4533		5.5415		44.7541		24.7901		20.309		2.89346e-05		349.584		19.857		14.3155		24.8972
327		53.3828		5.47653		44.6326		24.7042		20.3785		2.836e-07		341.668		19.7186		14.2421		24.914
328		53.2012		5.50706		44.5313		24.6691		20.2592		0.000117101		303.659		19.7193		14.2123		24.812
329		54.3617		5.64558		45.5176		25.2314		20.7124		1.74395e-07		307.328		20.2063		14.5607		25.3113
330		53.8223		5.57189		45.1513		24.98		20.5071		2.79603e-06		298.037		19.9883		14.4164		25.163
331		53.1538		5.4839		44.484		24.6248		20.273		1.12017e-05		290.491		19.67		14.1861		24.814
332		53.9429		5.54328		45.1501		24.9764		20.5487		2.92745e-05		339.677		19.9728		14.4295		25.1774
333		52.6113		5.45506		44.1099		24.4216		20.0799		6.99468e-06		322.043		19.4909		14.0358		24.619
334		53.4548		5.53148		44.7933		24.8341		20.383		8.95434e-09		351.451		19.9238		14.3923		24.8695
335		53.2074		5.5401		44.646		24.7329		20.2652		0.000108795		389.785		19.8141		14.274		24.8318
336		53.857		5.56948		45.1919		25.0112		20.5313		1.67266e-06		308.898		20.0342		14.4647		25.1577
337		53.2486		5.53088		44.5425		24.6833		20.2724		3.71571e-06		296.821		19.7256		14.1947		24.8169
338		53.5093		5.53035		44.8435		24.8168		20.3661		7.66665e-05		356.496		19.8876		14.3573		24.9559
339		52.3795		5.3798		43.8292		24.2702		19.9809		4.03075e-06		385.829		19.4071		14.0273		24.422
340		53.8167		5.63444		45.1458		25.0161		20.515		1.41643e-05		369.393		20.0158		14.3814		25.13
341		52.656		5.45398		44.1114		24.4487		20.0992		1.18773e-07		293.792		19.5628		14.1088		24.5486
342		54.0016		5.58322		45.2634		25.0356		20.5747		4.99601e-05		362.315		20.0182		14.435		25.2452
343		53.2942		5.55941		44.6556		24.7582		20.2881		0.257855		233.714		19.8413		14.2819		24.8143
344		53.57		5.54188		44.8499		24.8433		20.3923		4.23165e-06		321.775		19.8967		14.3548		24.9532
345		53.3042		5.52218		44.7186		24.7455		20.3429		2.5806e-05		283.931		19.7759		14.2537		24.9427
346		54.5123		5.61309		45.6499		25.2683		20.7749		1.60328e-05		274.773		20.2353		14.6222		25.4146
347		52.9056		5.45825		44.3147		24.5441		20.2218		4.86231e-07		306.275		19.5725		14.1143		24.7422
348		54.1497		5.61365		45.381		25.1281		20.6437		9.44936e-06		301.339		20.083		14.4693		25.298
349		52.7849		5.44593		44.1542		24.4513		20.1218		7.09367e-05		296.918		19.5199		14.074		24.6342
350		52.5147		5.42481		43.9853		24.3567		20.0866		3.38413e-09		333.817		19.4232		13.9984		24.5621
351		53.1164		5.48026		44.509		24.631		20.2412		1.93041e-06		306.611		19.6869		14.2067		24.822
352		53.9877		5.57124		45.1827		24.995		20.5562		2.29414e-05		313.514		19.9576		14.3863		25.2252
353		53.2503		5.52188		44.6006		24.6872		20.2848		0.000176772		323.299		19.716		14.1942		24.8845
354		52.497		5.3851		43.9265		24.3193		20.0606		0.000113063		316.223		19.3956		14.0105		24.5309
355		54.4328		5.63345		45.5739		25.2241		20.7609		3.41156e-09		270.146		20.1182		14.4848		25.4557
356		53.2978		5.55551		44.6837		24.7423		20.2992		6.16923e-08		311.553		19.789		14.2335		24.8947
357		52.2508		5.37338		43.7076		24.2295		19.9807		9.36766e-07		308.422		19.344		13.9706		24.3636
358		52.9729		5.47523		44.3679		24.5649		20.2192		3.49512e-06		385.769		19.6133		14.138		24.7547
359		53.0465		5.48648		44.4484		24.6067		20.2121		0.000292518		349.383		19.6711		14.1846		24.7773
360		53.8154		5.55073		45.107		24.9404		20.5175		2.05926e-07		391.289		19.9072		14.3565		25.1997
361		53.1702		5.48377		44.5171		24.6493		20.308		6.6834e-06		352.289		19.6542		14.1705		24.8629
362		53.1534		5.48672		44.5003		24.6409		20.2803		5.91788e-06		384.343		19.6514		14.1647		24.8489
363		51.8895		5.34337		43.4755		24.0429		19.8265		1.14823e-06		330.311		19.1818		13.8384		24.2937
364		52.9301		5.47253		44.2597		24.5282		20.2164		0.000213757		390.634		19.5543		14.0817		24.7054
365		52.4528		5.42683		43.9348		24.3447		20.0087		2.19874e-05		282.416		19.4554		14.0286		24.4794
366		53.3835		5.53488		44.6783		24.7719		20.36		3.55994e-05		341.249		19.7935		14.2586		24.8848
367		53.0234		5.44683		44.3919		24.5603		20.2262		0.000109553		358.313		19.6002		14.1534		24.7917
368		52.5388		5.44225		44.0731		24.3832		20.0483		5.42644e-06		306.455		19.4554		14.0131		24.6178
369		52.666		5.43021		44.1059		24.3887		20.1144		3.08492e-07		292.159		19.4351		14.0049		24.6708
370		53.1228		5.5275		44.513		24.6292		20.2012		1.77167e-05		309.169		19.6944		14.1669		24.8187
371		52.9638		5.43879		44.3109		24.5127		20.1944		0.000105223		364.889		19.5704		14.1316		24.7406
372		52.5831		5.40469		44.0408		24.3649		20.0387		1.8024e-05		309.629		19.4514		14.0467		24.5894
373		53.4357		5.55009		44.8211		24.8098		20.3822		5.57199e-05		335.363		19.8507		14.3006		24.9704
374		52.7801		5.49517		44.26		24.5256		20.1398		3.86833e-06		391.508		19.6078		14.1126		24.6522
375		53.7137		5.5752		45.0014		24.9213		20.4526		5.18892e-05		311.118		19.9596		14.3844		25.0418
376		52.8012		5.46299		44.162		24.4613		20.1361		6.72304e-06		269.31		19.5073		14.0444		24.6547
377		53		5.47961		44.4385		24.59		20.2068		6.20224e-05		343.572		19.6717		14.1921		24.7668
378		53.1719		5.47062		44.4856		24.591		20.2562		4.95608e-06		278.55		19.6176		14.147		24.868
379		53.5019		5.55979		44.8694		24.8455		20.3818		2.55967e-05		307.214		19.8689		14.3091		25.0006
380		53.3174		5.52324		44.6307		24.7391		20.3226		0.000687136		346.778		19.7903		14.2671		24.8404
381		53.1738		5.47053		44.5193		24.6369		20.2997		1.65808e-05		312.538		19.6546		14.184		24.8648
382		53.1391		5.50198		44.485		24.6695		20.3063		3.51894e-08		335.749		19.7137		14.2117		24.7713
383		53.1807		5.46099		44.5409		24.6315		20.2873		3.15093e-07		279.963		19.6418		14.1809		24.8991
384		53.4657		5.52291		44.7453		24.792		20.4014		2.3849e-08		302.651		19.8348		14.3119		24.9105
385		51.858		5.33438		43.4192		24.0559		19.8139		0.000150489		367.77		19.2194		13.885		24.1998
386		52.874		5.46207		44.3214		24.5093		20.1819		0.000310218		356.546		19.5339		14.0719		24.7875
387		52.3828		5.43528		43.8499		24.2976		19.9663		0.00152476		386.252		19.409		13.9737		24.441
388		52.8307		5.43742		44.2277		24.465		20.1802		1.38911e-05		349.12		19.4887		14.0512		24.7391
389		52.9754		5.52789		44.447		24.624		20.1675		7.05042e-05		385.977		19.7197		14.1918		24.7273
390		53.04		5.48349		44.4386		24.5901		20.2484		0.000166306		393.809		19.6027		14.1192		24.8359
391		53.1362		5.45056		44.4505		24.5764		20.2662		8.6828e-06		295.009		19.5774		14.1268		24.8731
392		52.9504		5.48899		44.3387		24.5503		20.1797		1.97165e-06		343.324		19.5914		14.1024		24.7473
393		53.5022		5.51113		44.8551		24.8333		20.4252		1.92195e-05		339.482		19.8498		14.3387		25.0053
394		53.2995		5.55738		44.6324		24.7515		20.2932		6.36864e-07		287.231		19.8366		14.2792		24.7958
395		53.254		5.50081		44.5572		24.6682		20.3171		1.15834e-05		302.063		19.6627		14.1619		24.8945
396		53.0584		5.48215		44.3957		24.6246		20.2604		3.68247e-05		365.704		19.7112		14.229		24.6845
397		53.4492		5.54269		44.7982		24.8056		20.3749		7.93691e-06		346.53		19.853		14.3103		24.9452
398		54.127		5.59703		45.3699		25.0996		20.6085		4.3965e-05		302.782		20.0519		14.4548		25.3181
399		53.5152		5.52617		44.7722		24.7875		20.4355		1.12717e-05		292.562		19.7571		14.231		25.0151
400		52.728		5.47014		44.1849		24.4686		20.1096		1.18172e-05		306.128		19.5494		14.0793		24.6354
401		53.1324		5.5089		44.512		24.6507		20.2439		2.74102e-06		340.797		19.6885		14.1796		24.8235
402		53.1219		5.4956		44.5147		24.6165		20.2422		5.63427e-06		298.26		19.6507		14.1551		24.8641
403		52.8352		5.46134		44.207		24.5148		20.1682		1.59863e-05		352.574		19.6266		14.1653		24.5804
404		53.6895		5.52351		44.8491		24.8398		20.4995		1.81328e-06		307.81		19.795		14.2715		25.0541
405		53.8967		5.5624		45.1977		24.9837		20.541		2.02384e-05		299.836		19.9602		14.3978		25.2375
406		52.5665		5.43808		43.9336		24.3385		20.0027		4.72536e-05		389.854		19.4363		13.9982		24.4974
407		52.6118		5.43009		44.0505		24.399		20.0735		9.89585e-06		290.16		19.4772		14.0471		24.5733
408		52.3823		5.38568		43.7885		24.2262		19.9808		3.53991e-05		336.895		19.3114		13.9257		24.4771
409		53.6797		5.5709		44.9804		24.9182		20.457		5.96939e-06		303.501		19.9565		14.3856		25.0239
410		53.4834		5.52639		44.7732		24.8013		20.4089		1.77175e-05		330.429		19.8158		14.2894		24.9574
411		52.6229		5.48268		44.0758		24.4595		20.0789		0.000133614		390.995		19.5896		14.1069		24.4863
412		52.9323		5.44112		44.2652		24.5146		20.2492		2.32718e-06		335.414		19.5248		14.0836		24.7404
413		53.0986		5.49075		44.4666		24.6394		20.2709		1.81522e-05		309.446		19.7017		14.2109		24.7649
414		53.5549		5.56963		44.9152		24.8858		20.4302		7.93264e-06		337.688		19.9327		14.3631		24.9825
415		53.2864		5.50771		44.6803		24.7186		20.3168		3.7917e-05		321.246		19.7383		14.2306		24.9421
416		53.2258		5.51625		44.6234		24.7024		20.3135		7.35415e-08		288.769		19.7509		14.2346		24.8726
417		53.5299		5.55403		44.8229		24.8194		20.3953		2.17151e-06		298.939		19.8247		14.2707		24.9982
418		53.5713		5.55048		44.8785		24.8351		20.388		5.12847e-06		331.063		19.8542		14.3037		25.0243
419		53.5983		5.57069		44.965		24.8972		20.4322		0.000131544		371.933		19.9189		14.3483		25.046
420		53.1329		5.46799		44.4091		24.6139		20.2968		9.29365e-07		293.282		19.6202		14.1522		24.7889
421		52.5665		5.4043		44.0041		24.3591		20.0869		3.35736e-09		301.447		19.4512		14.0469		24.553
422		52.9048		5.43952		44.2827		24.4902		20.1823		3.79366e-05		282.114		19.5194		14.0799		24.7634
423		53.0563		5.53885		44.4765		24.6645		20.2427		3.81445e-05		373.11		19.7515		14.2126		24.7251
424		53.3522		5.51607		44.6913		24.7422		20.3164		6.39976e-06		377.677		19.7811		14.265		24.9102
425		52.8927		5.43823		44.207		24.4828		20.2225		2.61049e-05		310.418		19.4977		14.0595		24.7093
426		53.399		5.52974		44.7585		24.7649		20.2964		7.28696e-07		307.399		19.8289		14.2992		24.9295
427		52.8441		5.45931		44.3546		24.5395		20.2122		2.71014e-05		291.296		19.5832		14.1239		24.7714
428		52.6376		5.42728		44.1216		24.4138		20.0909		6.46025e-08		334.988		19.4902		14.0629		24.6314
429		53.0887		5.46539		44.4296		24.6054		20.248		3.90675e-06		277.043		19.6384		14.173		24.7912
430		53.0059		5.46344		44.424		24.5822		20.2501		0.000132112		373.232		19.6335		14.17		24.7906
431		53.7442		5.58958		45.0807		24.9599		20.4514		1.717e-08		304.732		19.9934		14.4038		25.0873
432		53.0682		5.46554		44.3729		24.5668		20.2131		3.02996e-06		280.37		19.6199		14.1543		24.753
433		52.8215		5.42618		44.2467		24.4603		20.1733		8.7172e-07		314.562		19.5012		14.075		24.7455
434		53.0246		5.48979		44.4531		24.5907		20.2039		0.000114601		350.236		19.6635		14.1737		24.7896
435		52.6641		5.44591		44.0799		24.4266		20.0951		2.94427e-06		305.525		19.5202		14.0742		24.5597
436		53.2598		5.52248		44.5848		24.6871		20.287		8.48492e-07		289.715		19.7205		14.1981		24.8643
437		53.0298		5.49369		44.4619		24.6251		20.2339		3.83186e-05		363.532		19.7046		14.2109		24.7574
438		53.4831		5.54776		44.8027		24.8094		20.3851		0.00024359		337.169		19.8177		14.2699		24.9851
439		52.9635		5.50584		44.4256		24.5977		20.1661		1.60603e-05		330.263		19.7086		14.2027		24.717
440		53.6058		5.49239		44.9509		24.8275		20.4509		1.09021e-07		321.203		19.8056		14.3132		25.1454
441		52.7547		5.4647		44.1897		24.4481		20.1033		0.000476938		368.603		19.5282		14.0635		24.6615
442		53.3628		5.54196		44.6627		24.7621		20.3837		2.778e-06		349.294		19.7671		14.2252		24.8956
443		53.9231		5.58471		45.2013		25.0423		20.589		6.22925e-06		313.585		20.022		14.4372		25.1793
444		53.0201		5.45959		44.4298		24.5696		20.2345		3.03254e-05		289.696		19.58		14.1204		24.8498
445		52.8872		5.45178		44.3367		24.5403		20.1947		2.35512e-05		321.08		19.5785		14.1268		24.7582
446		52.8717		5.48998		44.3258		24.5657		20.21		1.86125e-05		361.855		19.655		14.1651		24.6707
447		53.8069		5.54712		45.1182		24.9555		20.5403		3.81421e-06		324.082		19.9221		14.375		25.1961
448		53.9393		5.61369		45.2521		25.0617		20.5611		1.11266e-06		325.101		20.0448		14.4311		25.2072
449		53.8297		5.58159		45.194		24.9995		20.531		4.6546e-09		344.278		19.9895		14.4079		25.2045
450		53.5702		5.54529		44.8713		24.8465		20.4212		1.03852e-05		340.496		19.8698		14.3245		25.0016
451		52.3951		5.39642		43.8544		24.2809		20.0459		5.46292e-06		298.659		19.3726		13.9762		24.4818
452		52.6369		5.44726		44.056		24.3705		20.0573		4.3265e-08		275.692		19.4213		13.974		24.6348
453		53.2176		5.47393		44.5486		24.6493		20.2793		2.03989e-05		390.523		19.6965		14.2226		24.8521
454		53.5524		5.50114		44.8301		24.7863		20.4113		2.68708e-08		353.023		19.7862		14.2851		25.0439
455		53.4001		5.55329		44.6872		24.7536		20.3289		5.13861e-06		334.715		19.7671		14.2138		24.9201
456		52.9711		5.49164		44.3492		24.6048		20.2539		1.88246e-05		330.803		19.6532		14.1615		24.696
457		53.3349		5.56348		44.6433		24.7607		20.3048		1.82562e-05		394.28		19.8194		14.2559		24.8238
458		53.4376		5.56346		44.7738		24.8107		20.3626		0.00012015		358.824		19.8531		14.2896		24.9207
459		52.5585		5.42446		43.9676		24.3318		20.068		3.40087e-06		282.204		19.411		13.9865		24.5567
460		53.6177		5.57343		44.8832		24.8863		20.4575		4.54397e-06		274.004		19.877		14.3036		25.0062
461		52.8191		5.45991		44.2605		24.5339		20.1632		5.35202e-06		281.774		19.6558		14.1959		24.6046
462		52.628		5.40514		44.0567		24.3759		20.0939		1.94517e-05		325.016		19.4681		14.063		24.5886
463		53.9789		5.60228		45.1551		25.0331		20.5715		9.77777e-05		309.42		20.0035		14.4013		25.1516
464		52.8945		5.47369		44.2976		24.5418		20.1552		0.000926934		364.825		19.6268		14.1531		24.6708
465		53.1933		5.47257		44.5809		24.673		20.3117		5.28368e-06		339.615		19.7167		14.2441		24.8642
466		52.6645		5.43691		44.0615		24.3973		20.0832		1.09075e-05		343.567		19.4823		14.0454		24.5792
467		53.3374		5.48546		44.7027		24.6894		20.3384		7.18255e-06		294.891		19.6755		14.1901		25.0272
468		53.485		5.51433		44.812		24.768		20.3737		4.82515e-06		308.318		19.774		14.2596		25.038
469		52.6463		5.43925		44.1208		24.4154		20.0796		2.83162e-07		315.187		19.5043		14.0651		24.6165
470		53.134		5.48807		44.4767		24.6275		20.2483		4.01339e-05		377.231		19.661		14.1729		24.8157
471		53.2654		5.53485		44.5951		24.7147		20.318		4.49345e-05		381.098		19.7524		14.2175		24.8427
472		53.1633		5.50828		44.5351		24.6786		20.2565		3.7105e-05		353.887		19.7384		14.2301		24.7967
473		53.2268		5.5146		44.5519		24.6982		20.2531		1.09102e-05		316.648		19.8106		14.296		24.7414
474		54.1425		5.63317		45.3473		25.123		20.5969		1.12213e-05		312.283		20.119		14.4858		25.2283
475		53.3752		5.56397		44.6981		24.7751		20.3236		2.39514e-06		325.619		19.8265		14.2626		24.8716
476		53.1405		5.49335		44.5538		24.6611		20.2642		1.32542e-05		276.678		19.7337		14.2403		24.8201
477		53.1849		5.47683		44.5353		24.6424		20.29		1.44625e-05		356.176		19.6933		14.2165		24.842
478		53.81		5.55969		45.0762		24.9441		20.4967		1.59888e-06		292.119		19.9677		14.408		25.1084
479		54.5304		5.63239		45.7275		25.2825		20.7371		1.01006e-07		349.185		20.2364		14.604		25.4911
480		52.7825		5.39329		44.199		24.4301		20.1377		8.837e-07		330.725		19.5187		14.1254		24.6803
481		53.5951		5.53795		44.8732		24.8292		20.4266		1.44646e-06		273.582		19.8324		14.2945		25.0407
482		53.3377		5.53385		44.6201		24.7259		20.3066		5.71998e-06		305.463		19.7567		14.2229		24.8634
483		53.0658		5.46369		44.4025		24.5522		20.2335		1.87159e-05		281.375		19.5764		14.1127		24.8261
484		53.137		5.51959		44.5628		24.6668		20.2635		1.17987e-05		352.225		19.7169		14.1973		24.8459
485		53.0543		5.48538		44.4505		24.6013		20.254		7.42807e-06		287.079		19.6435		14.1581		24.807
486		52.5783		5.4247		44.0266		24.3773		20.0525		6.93284e-05		361.74		19.4853		14.0606		24.5413
487		52.9999		5.50421		44.4454		24.5907		20.1799		2.06662e-05		322.436		19.6563		14.1521		24.7891
488		53.0749		5.48811		44.4869		24.6233		20.2509		7.78788e-06		359.292		19.6773		14.1892		24.8096
489		53.594		5.54639		44.9081		24.8458		20.4032		2.57409e-07		324.308		19.8756		14.3292		25.0325
490		53.0804		5.46955		44.5187		24.6011		20.2621		2.8129e-05		336.937		19.6143		14.1448		24.9044
491		53.3851		5.47927		44.6144		24.7067		20.3783		5.9384e-05		351.839		19.708		14.2287		24.9064
492		52.9769		5.46764		44.3721		24.5589		20.1782		7.12825e-08		374.863		19.6427		14.1751		24.7294
493		52.9687		5.46678		44.2804		24.5315		20.1801		7.66964e-09		327.802		19.5995		14.1327		24.6809
494		53.7362		5.5583		44.9982		24.9098		20.4797		7.0925e-08		282.359		19.9114		14.3531		25.0869
495		53.3796		5.53288		44.7011		24.7565		20.34		1.13204e-06		332.609		19.8055		14.2726		24.8956
496		53.2822		5.51291		44.6008		24.6972		20.2937		0.000139267		317.293		19.7626		14.2496		24.8382
497		53.1081		5.53615		44.5119		24.6783		20.2251		5.46183e-06		354.669		19.7769		14.2408		24.735
498		52.791		5.41572		44.165		24.4328		20.1951		1.33192e-05		307.29		19.4521		14.0364		24.7128
499		54.0903		5.62666		45.2539		25.1069		20.6284		8.16739e-06		314.934		20.0531		14.4264		25.2008
500		53.3022		5.49996		44.6254		24.7065		20.3452		1.20295e-06		284.894		19.7069		14.2069		24.9186
