2		55.637		6.08481		46.8623		26.138		20.9687		4.49062e-07		47.3928		21.2755		15.1907		25.5868
3		57.2976		6.40957		48.4362		27.12		21.5161		1.44202e-06		59.3516		22.2625		15.8529		26.1738
5		56.8655		6.33178		48.1165		26.9271		21.362		3.3876e-06		59.5714		22.1324		15.8006		25.9841
6		57.9341		6.54012		48.9203		27.4632		21.6478		6.25628e-09		68.9939		22.6381		16.098		26.2822
7		60.3741		6.96451		51.1797		28.7668		22.4362		2.24681e-06		258.077		23.8754		16.9109		27.3043
8		56.1569		6.22708		47.5049		26.528		21.1143		8.35805e-06		54.2955		21.6959		15.4688		25.809
9		55.1238		5.96615		46.4474		25.8736		20.8127		6.2729e-09		44.3327		21.024		15.0579		25.4234
10		57.2576		6.37002		48.3525		27.0716		21.5139		3.55056e-08		61.3307		22.2069		15.8368		26.1456
11		54.3813		5.85892		45.7278		25.4874		20.5775		2.15841e-11		42.0007		20.6372		14.7782		25.0906
12		53.8726		5.80476		45.3173		25.2552		20.3838		1.0436e-06		40.4043		20.4648		14.6601		24.8525
13		58.8859		6.66677		49.8381		27.9565		21.9852		3.88295e-06		77.6608		23.0758		16.4091		26.7622
14		55.075		6.03923		46.4517		25.9355		20.766		9.81789e-09		46.6848		21.1588		15.1196		25.2928
15		54.5756		5.91341		45.9525		25.6027		20.5811		1.80529e-08		44.9462		20.8129		14.8995		25.1396
16		56.9432		6.31426		48.1245		26.8786		21.3886		2.10213e-06		54.6709		22.0127		15.6985		26.1118
17		54.6484		5.94858		46.0432		25.6778		20.611		7.59178e-07		45.1138		20.9023		14.9537		25.141
18		55.3584		6.027		46.5879		25.9768		20.9031		1.8267e-05		44.1979		21.103		15.076		25.4849
20		54.4848		5.85999		45.8142		25.5256		20.6287		5.38413e-06		42.5539		20.6987		14.8387		25.1155
21		55.4781		6.05084		46.759		26.0942		20.9149		4.98698e-10		48.6167		21.2606		15.2098		25.4984
22		57.4835		6.36729		48.5159		27.1124		21.5873		6.48851e-08		56.3425		22.1892		15.8219		26.3267
23		56.5304		6.27836		47.7489		26.6936		21.2643		5.35889e-08		54.7211		21.8502		15.5718		25.8987
24		57.2823		6.39545		48.4195		27.0906		21.4832		4.76074e-08		58.7386		22.2313		15.8359		26.1882
25		56.5935		6.24644		47.7328		26.6536		21.2613		4.84364e-11		53.1102		21.7902		15.5437		25.9427
26		56.1829		6.16794		47.4488		26.4682		21.1184		1.78684e-08		51.8331		21.6324		15.4644		25.8165
27		56.4153		6.18342		47.5665		26.5457		21.2345		1.05544e-05		50.942		21.6512		15.4678		25.9153
28		56.4707		6.26879		47.6997		26.6722		21.2095		4.04595e-07		56.3281		21.8734		15.6046		25.8264
29		56.1895		6.13274		47.327		26.3849		21.1608		1.00817e-07		49.0573		21.4998		15.3671		25.8272
30		58.2068		6.57949		49.1644		27.5976		21.7333		1.21168e-07		70.4373		22.7472		16.1677		26.4172
31		57.1245		6.37268		48.2209		26.9677		21.4303		2.01599e-06		56.7103		22.0867		15.7141		26.1342
32		56.5809		6.26847		47.7285		26.6956		21.2565		9.63936e-07		55.9334		21.8672		15.5987		25.8613
33		56.864		6.24766		48.0303		26.8177		21.3855		3.27363e-09		56.4368		21.9658		15.7181		26.0645
35		57.2889		6.38875		48.3775		27.0647		21.538		1.08947e-06		57.109		22.1607		15.772		26.2168
36		57.7573		6.48541		48.7762		27.318		21.6984		4.37839e-06		60.8013		22.3888		15.9034		26.3874
37		55.5681		6.07104		46.819		26.1216		20.9304		1.03492e-08		47.3803		21.2956		15.2245		25.5234
38		55.4058		5.97601		46.6449		25.9664		20.9114		4.21018e-07		44.9512		21.0914		15.1153		25.5535
39		59.9936		6.92909		50.85		28.6047		22.3063		5.64388e-07		89.6897		23.7337		16.8046		27.1163
40		55.8364		6.16153		47.1048		26.3208		21.009		3.14887e-06		50.8656		21.5167		15.3552		25.5881
41		56.9333		6.29101		48.07		26.8535		21.3877		2.86607e-05		55.22		21.9774		15.6864		26.0926
42		55.2462		6.03268		46.4692		25.9341		20.8334		5.49021e-07		46.4404		21.0756		15.0429		25.3936
43		55.6212		6.08393		46.9565		26.1958		20.9665		1.23105e-06		48.4466		21.3699		15.286		25.5866
45		56.1487		6.16075		47.4168		26.4694		21.1038		1.18971e-05		54.367		21.6668		15.5061		25.75
46		55.7456		6.09814		47.0053		26.2127		20.9893		4.36817e-06		50.1013		21.3787		15.2805		25.6266
47		54.7492		5.9292		46.0976		25.6921		20.7091		9.26988e-08		42.247		20.8237		14.8945		25.2739
48		55.9651		6.12019		47.1785		26.3302		21.0741		8.47043e-08		49.0311		21.4852		15.365		25.6933
49		57.3484		6.37212		48.4674		27.1019		21.5479		4.90824e-06		57.276		22.203		15.8308		26.2644
50		55.8709		6.18989		47.1408		26.3572		21.0399		4.13684e-06		52.491		21.5414		15.3515		25.5994
51		57.4221		6.37215		48.5184		27.1133		21.5909		1.03365e-05		57.2179		22.197		15.8249		26.3214
52		56.6368		6.21741		47.7451		26.6482		21.336		2.42811e-07		52.3847		21.7185		15.5011		26.0266
53		56.4461		6.25792		47.707		26.646		21.194		7.83884e-06		54.4214		21.8226		15.5647		25.8843
54		56.9057		6.26525		48.0053		26.8183		21.4097		8.13624e-06		51.0383		21.9258		15.6605		26.0796
56		57.1915		6.39935		48.3308		27.0386		21.4522		1.89188e-05		57.5854		22.1732		15.7738		26.1577
57		57.0681		6.31856		48.2239		26.9467		21.4537		7.90172e-08		57.6957		22.066		15.7474		26.1579
58		57.4518		6.45233		48.5613		27.2331		21.5285		5.24632e-08		64.7101		22.4181		15.9658		26.1432
59		56.8402		6.27449		47.9838		26.7972		21.3547		2.55908e-06		54.7676		21.9293		15.6549		26.0544
60		59.6384		6.8656		50.5397		28.4092		22.1879		1.53105e-05		88.9023		23.535		16.6694		27.0046
61		56.6162		6.23452		47.8045		26.6812		21.2871		2.76278e-07		53.0512		21.7983		15.5638		26.0062
62		55.7079		6.11303		47.0065		26.2335		20.9742		1.60738e-05		49.5372		21.4033		15.2902		25.6032
63		55.0123		6.00735		46.387		25.8655		20.7656		7.16633e-07		46.3886		21.0591		15.0517		25.3279
64		58.2926		6.484		49.2618		27.5652		21.8778		1.15248e-05		62.9392		22.6183		16.1343		26.6436
65		55.5082		6.07804		46.812		26.1183		20.9266		9.29984e-06		48.6238		21.2807		15.2027		25.5313
67		56.2653		6.25389		47.5219		26.5908		21.1898		1.07529e-06		54.9167		21.7705		15.5166		25.7514
68		56.5375		6.25994		47.7265		26.6691		21.249		6.97698e-07		54.9292		21.8126		15.5527		25.9139
69		56.8067		6.28983		48.0041		26.8255		21.3508		4.98696e-06		55.2222		21.9822		15.6924		26.0219
70		57.9132		6.54845		48.9433		27.4586		21.6363		1.20942e-06		72.5935		22.6412		16.0928		26.302
71		57.6379		6.46341		48.7828		27.2979		21.6154		6.80811e-07		60.8248		22.4301		15.9667		26.3527
72		55.4139		6.0526		46.7233		26.0498		20.8862		4.42662e-06		46.9675		21.2		15.1474		25.5233
73		57.9921		6.55601		49.0208		27.5297		21.7187		4.40987e-06		68.5016		22.684		16.128		26.3368
74		57.096		6.34868		48.2121		26.9862		21.4761		8.36191e-11		57.6357		22.1137		15.765		26.0984
75		56.4302		6.22939		47.7022		26.6353		21.2191		7.40279e-06		54.6715		21.7897		15.5603		25.9125
76		55.6048		6.11001		46.9182		26.1768		20.9297		1.08202e-07		50.1602		21.3534		15.2434		25.5648
80		55.6456		6.08229		46.9251		26.1612		20.9622		2.57798e-06		47.6757		21.3194		15.2371		25.6057
81		55.3193		6.05755		46.5784		25.9713		20.8362		1.95444e-05		47.9358		21.1174		15.0598		25.4611
82		58.8142		6.69226		49.7145		27.9009		21.9582		4.76558e-11		74.5762		23.0025		16.3103		26.712
83		57.645		6.46864		48.7439		27.2934		21.5753		6.51698e-06		63.6649		22.4439		15.9752		26.3
85		59.1677		6.75623		50.0904		28.1258		22.0671		2.81816e-05		87.7367		23.2539		16.4977		26.8365
86		55.8638		6.1246		47.1237		26.2908		21.0718		8.01363e-07		47.2906		21.3991		15.2745		25.7245
87		56.0795		6.13787		47.3084		26.4019		21.1038		4.72664e-06		51.9336		21.5588		15.421		25.7496
88		59.2576		6.80153		50.1521		28.1905		22.0511		6.50021e-06		85.3196		23.3523		16.5508		26.7998
91		56.2297		6.25452		47.4781		26.562		21.1508		5.04619e-06		55.0746		21.7306		15.4761		25.7475
92		54.522		5.84546		45.8533		25.4998		20.6459		4.89702e-06		40.9725		20.583		14.7375		25.2703
93		55.8854		6.12942		47.1374		26.3061		21.0541		5.62803e-06		49.8999		21.4569		15.3275		25.6805
94		57.3543		6.43926		48.4767		27.1511		21.5049		4.60109e-06		60.8479		22.2891		15.8498		26.1877
95		56.0823		6.12945		47.3286		26.4014		21.1289		6.33189e-09		50.3306		21.5436		15.4142		25.785
96		57.5779		6.43778		48.6674		27.2514		21.6106		1.45119e-06		60.4114		22.3797		15.9419		26.2877
98		56.2144		6.14613		47.4358		26.4643		21.161		1.98651e-06		51.938		21.6266		15.4805		25.8092
99		56.5854		6.20616		47.7681		26.6297		21.2915		1.61057e-07		51.4508		21.7186		15.5124		26.0495
100		56.851		6.33904		48.0191		26.9152		21.3361		1.02023e-06		60.7518		22.1202		15.7812		25.8989
101		56.8015		6.31826		47.9729		26.8434		21.3184		4.28226e-06		57.1337		22.0031		15.6849		25.9698
102		55.8854		6.13434		47.1496		26.3142		21.0433		3.3604e-08		50.2383		21.4782		15.3439		25.6714
103		57.1558		6.42325		48.3487		27.0924		21.4224		1.27692e-06		64.0173		22.297		15.8738		26.0517
104		55.7905		6.0909		46.9756		26.2106		21.0365		4.91745e-07		48.5669		21.3267		15.2358		25.6489
105		57.0785		6.35736		48.2461		26.9763		21.4388		1.76881e-08		58.4042		22.1147		15.7574		26.1314
106		55.8079		6.09421		47.0816		26.2465		21.022		2.71263e-07		47.4184		21.3873		15.2931		25.6943
107		56.1394		6.20281		47.4033		26.4814		21.1157		9.32984e-09		52.9339		21.6541		15.4513		25.7492
108		56.1394		6.20281		47.4033		26.4814		21.1157		9.32984e-09		52.9339		21.6541		15.4513		25.7492
109		56.1394		6.20281		47.4033		26.4814		21.1157		9.32984e-09		52.9339		21.6541		15.4513		25.7492
110		56.1394		6.20281		47.4033		26.4814		21.1157		9.32984e-09		52.9339		21.6541		15.4513		25.7492
111		56.1394		6.20281		47.4033		26.4814		21.1157		9.32984e-09		52.9339		21.6541		15.4513		25.7492
112		56.1394		6.20281		47.4033		26.4814		21.1157		9.32984e-09		52.9339		21.6541		15.4513		25.7492
113		56.1394		6.20281		47.4033		26.4814		21.1157		9.32984e-09		52.9339		21.6541		15.4513		25.7492
114		56.1394		6.20281		47.4033		26.4814		21.1157		9.32984e-09		52.9339		21.6541		15.4513		25.7492
115		56.1394		6.20281		47.4033		26.4814		21.1157		9.32984e-09		52.9339		21.6541		15.4513		25.7492
116		56.1394		6.20281		47.4033		26.4814		21.1157		9.32984e-09		52.9339		21.6541		15.4513		25.7492
117		56.1394		6.20281		47.4033		26.4814		21.1157		9.32984e-09		52.9339		21.6541		15.4513		25.7492
118		56.4497		6.23258		47.6464		26.5928		21.2572		1.21915e-07		52.4323		21.7031		15.4705		25.9433
119		58.1421		6.5568		49.1189		27.5835		21.7585		1.3885e-07		65.1138		22.7491		16.1923		26.3698
120		57.4423		6.42587		48.5906		27.2284		21.5233		3.1569e-08		65.2975		22.417		15.9912		26.1736
121		55.4124		6.04089		46.6486		26.0095		20.8733		4.02597e-07		47.5264		21.1654		15.1245		25.4832
122		58.3487		6.63319		49.3556		27.7254		21.8021		1.48792e-06		75.8143		22.8821		16.249		26.4734
123		55.6167		6.06714		46.8928		26.1377		20.9501		7.90919e-06		48.1385		21.2972		15.2301		25.5956
124		55.5412		6.10066		46.8464		26.1533		20.9309		2.50198e-06		47.9838		21.3459		15.2453		25.5005
125		57.8068		6.44756		48.8803		27.3512		21.7306		8.53764e-07		61.3489		22.4164		15.9688		26.4639
126		54.1844		5.7854		45.5575		25.3704		20.5534		3.28111e-07		40.1909		20.5094		14.724		25.0481
127		57.1118		6.39826		48.3183		27.0529		21.4078		1.00762e-05		62.9279		22.2439		15.8456		26.0745
128		55.322		5.99146		46.5893		25.9299		20.8388		5.44212e-06		44.2728		21.0641		15.0727		25.5251
129		58.0646		6.52623		49.0626		27.5113		21.7648		2.41254e-05		65.2659		22.6208		16.0946		26.4418
131		56.6479		6.31429		47.922		26.7935		21.2875		2.11866e-07		56.458		21.954		15.6397		25.9679
132		57.9343		6.50366		48.9968		27.467		21.7018		1.24483e-05		65.9766		22.5966		16.0929		26.4002
133		56.126		6.1753		47.3777		26.4736		21.1282		1.63783e-07		52.1151		21.6618		15.4865		25.7158
134		55.2839		6.01947		46.578		25.9676		20.8162		5.32767e-06		47.1207		21.1566		15.1372		25.4213
135		57.8335		6.52832		48.8841		27.4294		21.6587		5.36839e-10		68.8255		22.5678		16.0395		26.3163
136		56.136		6.13889		47.3168		26.3843		21.1391		8.71112e-07		50.2008		21.4845		15.3456		25.8323
137		57.1852		6.38348		48.2758		27.0289		21.4472		5.45667e-08		59.8577		22.1555		15.7721		26.1203
138		59.9714		6.9575		50.8535		28.61		22.2828		3.42818e-07		254.551		23.7612		16.8037		27.0923
139		58.9559		6.66546		49.8669		27.9693		22.018		4.68728e-08		76.465		23.0538		16.3884		26.8131
140		55.1357		5.99935		46.3923		25.8831		20.8106		3.77817e-05		44.8013		21.0406		15.0413		25.3517
141		55.1357		5.99935		46.3923		25.8831		20.8106		3.77817e-05		44.8013		21.0406		15.0413		25.3517
142		57.4032		6.45465		48.565		27.2025		21.4926		5.33732e-07		64.2664		22.3671		15.9125		26.1979
143		56.9246		6.28872		48.0642		26.8478		21.4176		9.40188e-06		53.644		21.957		15.6683		26.1072
144		57.5837		6.40414		48.6186		27.1938		21.6292		1.74717e-06		57.5265		22.2791		15.8749		26.3395
145		59.2964		6.74515		50.1788		28.1756		22.1311		1.56802e-07		80.085		23.2792		16.5341		26.8996
146		59.8659		6.82724		50.6341		28.4608		22.3035		1.52154e-08		84.5372		23.5627		16.7354		27.0714
147		55.6541		6.07852		46.9333		26.165		20.9962		7.81445e-07		46.7646		21.3024		15.2238		25.6309
148		55.6233		6.06895		46.8524		26.1203		20.9433		1.28905e-08		47.2979		21.2597		15.1908		25.5927
149		59.0735		6.71957		50.0006		28.0727		22.0499		9.56906e-10		77.8938		23.191		16.4714		26.8096
150		56.8763		6.27639		48.0155		26.8229		21.4005		3.22431e-07		53.349		21.9283		15.6519		26.0872
151		56.8436		6.26748		47.9622		26.8286		21.4026		1.28041e-05		56.3778		21.9687		15.7012		25.9935
152		56.4284		6.21532		47.6229		26.5871		21.2587		1.67823e-07		52.2181		21.6789		15.4636		25.944
153		56.1337		6.1858		47.3685		26.4437		21.1264		3.49949e-05		50.8235		21.5864		15.4006		25.7821
154		55.4034		5.98044		46.6297		25.9658		20.895		3.77542e-06		45.2398		21.0767		15.0963		25.553
155		56.5345		6.27954		47.7601		26.6965		21.2554		1.90245e-06		54.7262		21.8468		15.5672		25.9133
156		56.5253		6.21085		47.7283		26.6386		21.2921		9.74171e-06		53.7873		21.7417		15.5309		25.9866
157		57.5647		6.39936		48.6116		27.2044		21.5868		1.08216e-06		62.8646		22.3199		15.9205		26.2917
158		57.3696		6.42383		48.4474		27.1588		21.5292		6.28717e-06		64.6941		22.3066		15.8828		26.1408
159		56.1005		6.16193		47.2668		26.4002		21.1226		3.56393e-08		49.8384		21.5342		15.3723		25.7326
160		56.4315		6.3045		47.7131		26.695		21.1895		1.59807e-06		58.9422		21.8957		15.5912		25.8174
161		57.4586		6.41116		48.5631		27.1566		21.5666		2.45292e-07		59.2122		22.2406		15.8295		26.3225
162		57.2167		6.32225		48.2911		26.988		21.4784		5.64943e-08		57.1474		22.1037		15.7815		26.1874
163		58.7307		6.66402		49.7241		27.8791		21.9035		2.55546e-05		77.7332		23.0283		16.3643		26.6958
164		57.1163		6.39843		48.2853		27.0242		21.4295		6.89154e-06		59.771		22.1693		15.7708		26.1161
165		55.8229		6.12067		47.0813		26.2538		21.0237		4.1699e-06		49.8677		21.3992		15.2786		25.682
166		58.7261		6.64077		49.6581		27.8766		21.9901		1.26001e-06		70.6957		22.9729		16.3321		26.6852
167		57.1517		6.28589		48.2828		26.9502		21.5149		1.15031e-05		55.2708		22.0305		15.7446		26.2522
168		55.3181		5.98372		46.5062		25.9193		20.8835		3.73137e-06		44.4079		21.0347		15.051		25.4715
169		58.1513		6.54217		49.1242		27.5384		21.7686		5.55588e-09		65.8525		22.6598		16.1176		26.4644
170		57.4667		6.42851		48.6205		27.2332		21.582		1.18166e-07		62.3729		22.3797		15.9512		26.2408
171		59.4533		6.77095		50.3603		28.2528		22.1826		9.39864e-08		83.8691		23.3187		16.5478		27.0416
172		56.3117		6.16776		47.5131		26.5084		21.1881		1.20518e-06		50.9524		21.6505		15.4828		25.8625
173		59.1715		6.76518		50.115		28.1463		22.0643		1.82024e-09		81.1443		23.292		16.5268		26.823
174		57.1443		6.29392		48.2552		26.9461		21.4962		5.95127e-07		54.0429		22.0234		15.7295		26.2318
176		58.9532		6.71629		49.8927		28.0011		21.9982		1.27329e-05		75.3433		23.1324		16.4161		26.7603
177		55.5645		6.04271		46.8121		26.0901		20.9642		1.51265e-07		46.1806		21.2232		15.1805		25.5889
178		58.7526		6.6615		49.6779		27.8666		21.9501		4.65603e-06		78.1652		22.9445		16.283		26.7334
179		54.3531		5.86257		45.6916		25.4665		20.5594		2.92247e-06		41.2751		20.6381		14.7755		25.0535
180		56.7737		6.31099		47.9412		26.8151		21.3253		5.33242e-07		56.4481		21.9545		15.6435		25.9868
182		57.8309		6.49017		48.9079		27.3978		21.7008		2.80437e-07		62.1449		22.5132		16.023		26.3947
183		56.5352		6.22188		47.6996		26.6362		21.2713		5.17744e-06		52.2212		21.7761		15.5542		25.9235
184		56.1419		6.17351		47.3772		26.4541		21.1447		1.86952e-09		52.3386		21.5951		15.4215		25.7821
185		56.262		6.14309		47.4451		26.4568		21.1944		2.17331e-07		49.3871		21.5502		15.4071		25.8949
190		56.4939		6.26302		47.6648		26.6563		21.2526		7.08441e-06		53.4795		21.8058		15.5427		25.859
191		57.4281		6.40088		48.5362		27.1495		21.5548		7.6756e-09		58.8783		22.2772		15.8763		26.2591
192		56.0865		6.14485		47.2897		26.3855		21.1208		1.72495e-05		50.1982		21.52		15.3752		25.7697
193		56.8926		6.29088		48.0737		26.8594		21.4051		4.77995e-12		54.3727		21.9804		15.6895		26.0934
195		55.8874		6.18339		47.1626		26.3765		21.0201		1.81085e-07		53.3366		21.6		15.4166		25.5626
196		57.607		6.47102		48.694		27.3276		21.6106		1.44126e-06		65.2937		22.5057		16.0347		26.1883
197		59.5176		6.78789		50.3878		28.3098		22.217		1.03459e-06		82.1883		23.3882		16.6003		26.9996
198		55.7547		6.08573		47.0044		26.2322		20.9978		5.10578e-07		49.7553		21.4203		15.3346		25.5841
200		54.7885		5.89361		46.0249		25.6468		20.708		3.63544e-09		41.9024		20.7752		14.8816		25.2496
201		57.7107		6.45795		48.7945		27.3353		21.6586		3.28246e-07		62.476		22.4898		16.0319		26.3047
202		54.3368		5.8611		45.7047		25.4563		20.5489		1.64949e-07		42.2778		20.6137		14.7526		25.091
203		57.236		6.38993		48.351		27.0684		21.4676		5.33169e-08		60.8048		22.2216		15.8317		26.1294
204		56.8463		6.30374		48.0102		26.8116		21.3469		1.44959e-05		56.1857		21.9241		15.6204		26.0861
205		57.4731		6.44826		48.5903		27.222		21.5323		1.30267e-06		62.5298		22.3761		15.9278		26.2142
206		58.2419		6.57485		49.264		27.6177		21.7725		3.2544e-08		71.7073		22.7546		16.1797		26.5094
207		56.4548		6.29371		47.7064		26.6696		21.1926		4.70855e-08		55.7644		21.8454		15.5517		25.861
208		56.95		6.32215		48.0948		26.8907		21.415		4.09619e-07		56.3374		22.0034		15.6812		26.0914
209		57.7602		6.46985		48.8497		27.3638		21.6854		3.2694e-11		64.5453		22.4563		15.9864		26.3934
210		56.1682		6.20564		47.3703		26.4558		21.1046		1.99986e-05		51.844		21.6106		15.4049		25.7598
211		56.6407		6.27388		47.8375		26.7551		21.3208		1.21506e-08		55.8196		21.9224		15.6485		25.9151
212		57.323		6.39524		48.463		27.1059		21.5007		3.2282e-06		58.7859		22.2437		15.8485		26.2193
213		57.5192		6.41466		48.592		27.2358		21.5864		1.44848e-08		61.581		22.3918		15.9772		26.2001
214		56.3204		6.2099		47.5546		26.5683		21.2106		1.28976e-06		52.8608		21.7186		15.5088		25.8359
215		58.4697		6.53018		49.431		27.6864		21.9185		1.18374e-07		65.6229		22.7499		16.2197		26.6811
216		58.6929		6.62574		49.5672		27.8257		21.9661		1.57002e-08		68.2485		22.906		16.2802		26.6612
217		57.3062		6.36218		48.3768		27.0434		21.5396		1.82484e-07		56.1091		22.1293		15.7671		26.2475
218		58.5472		6.5477		49.4753		27.6999		21.9631		6.63003e-07		63.1732		22.7374		16.1897		26.7378
220		55.2343		6.01801		46.4977		25.9274		20.8697		4.65871e-08		45.9914		21.0382		15.0202		25.4595
221		58.4901		6.59747		49.4781		27.7238		21.8741		1.03048e-05		72.4944		22.8233		16.2258		26.6548
222		55.8673		6.20194		47.1195		26.3211		20.9826		3.2767e-07		51.8024		21.5075		15.3056		25.612
223		53.79		5.79424		45.1551		25.1934		20.3777		1.06457e-07		39.1185		20.3907		14.5964		24.7645
224		57.3264		6.39765		48.5238		27.1609		21.5571		4.86053e-06		60.9147		22.2894		15.8918		26.2344
225		56.3589		6.2364		47.5895		26.5875		21.1692		5.9778e-06		54.1819		21.7737		15.5373		25.8158
228		57.4235		6.40514		48.5574		27.1702		21.5828		2.37691e-06		59.3562		22.2975		15.8923		26.2599
229		56.9258		6.23325		47.9814		26.7794		21.4033		2.05844e-06		52.8758		21.8654		15.6322		26.116
230		58.3871		6.61866		49.3354		27.7115		21.8186		4.15156e-05		73.794		22.8623		16.2437		26.473
231		59.0537		6.68204		49.968		28.0177		22.0093		7.47332e-07		75.0541		23.1433		16.4613		26.8247
232		56.3105		6.26889		47.5578		26.6125		21.1892		9.55677e-06		53.0673		21.7959		15.527		25.7619
234		55.8386		6.09044		47.0504		26.2423		21.0556		2.39435e-08		48.0904		21.3689		15.2784		25.6815
235		57.5171		6.40181		48.6274		27.201		21.5852		8.07618e-09		64.2302		22.3199		15.9181		26.3075
236		56.064		6.15052		47.253		26.3822		21.1114		1.83758e-07		48.8965		21.5132		15.3627		25.7399
237		56.5288		6.19642		47.6736		26.6071		21.2737		9.96119e-08		53.463		21.732		15.5355		25.9416
238		55.4333		6.04048		46.7031		26.0554		20.9058		8.90291e-06		46.1827		21.2093		15.1689		25.4937
239		56.7574		6.34084		47.9753		26.8664		21.3135		1.6969e-05		58.6325		22.0713		15.7305		25.904
240		56.0386		6.13883		47.1911		26.3225		21.0815		6.16459e-08		48.1523		21.4456		15.3068		25.7455
241		56.4148		6.25087		47.6317		26.6315		21.2317		6.46747e-06		53.8036		21.7893		15.5385		25.8424
242		56.1239		6.20288		47.375		26.4632		21.0743		3.42874e-09		53.1047		21.6609		15.458		25.7141
243		53.6524		5.72127		45.0984		25.1066		20.3787		7.12709e-09		38.179		20.2593		14.538		24.8391
244		56.077		6.13731		47.3491		26.4358		21.1245		6.33008e-07		51.063		21.6142		15.4769		25.735
245		56.077		6.13731		47.3491		26.4358		21.1245		6.33008e-07		51.063		21.6142		15.4769		25.735
246		55.9427		6.16588		47.1645		26.3508		21.0289		1.55872e-05		50.613		21.5305		15.3646		25.634
247		56.9037		6.29245		48.0178		26.8438		21.3759		3.23417e-07		55.4278		21.9718		15.6794		26.046
248		57.8412		6.45005		48.8819		27.3375		21.6884		3.99601e-07		63.3841		22.4034		15.9533		26.4786
249		55.5971		6.06246		46.8763		26.1151		20.9699		1.45089e-06		47.3934		21.2283		15.1658		25.648
250		56.6086		6.17659		47.7073		26.6378		21.3442		1.20976e-07		52.0562		21.7352		15.5586		25.9721
251		56.7009		6.2506		47.8889		26.7186		21.3367		8.56895e-06		55.7062		21.7922		15.5416		26.0967
252		56.1931		6.20691		47.4274		26.4898		21.106		1.36853e-10		54.1218		21.6708		15.4639		25.7566
253		55.5773		6.03261		46.7821		26.0811		20.965		3.31877e-05		46.9892		21.1894		15.1568		25.5927
254		55.4951		6.05165		46.7756		26.0782		20.8829		6.93559e-07		48.8985		21.2522		15.2006		25.5234
255		57.1913		6.326		48.2791		26.9765		21.483		5.87627e-06		57.536		22.0748		15.7488		26.2043
256		56.5022		6.20906		47.6564		26.6031		21.2552		8.28515e-06		52.7108		21.7347		15.5256		25.9218
257		58.9927		6.66782		49.9176		27.9845		22.0565		8.63052e-07		76.4662		23.064		16.3962		26.8536
258		57.2472		6.36025		48.4452		27.0759		21.5255		8.10462e-08		59.0633		22.2053		15.8451		26.2399
259		56.2802		6.16561		47.4639		26.4786		21.1584		2.96394e-05		51.2104		21.6223		15.4567		25.8416
260		56.4783		6.27065		47.7027		26.7033		21.217		2.44613e-09		57.0478		21.9256		15.6549		25.7772
261		56.1734		6.19609		47.3603		26.4814		21.1396		2.97171e-05		53.2395		21.6462		15.4501		25.7141
262		56.8417		6.33401		48.0259		26.863		21.3409		1.22422e-05		57.3242		22.0283		15.6943		25.9975
263		55.1617		6.03445		46.5254		25.9226		20.8105		2.71799e-06		45.4882		21.0813		15.0469		25.4441
264		56.2224		6.17639		47.407		26.4856		21.1558		2.12585e-05		53.0387		21.6561		15.4798		25.7508
265		55.965		6.12236		47.2305		26.3486		21.0826		4.81209e-07		51.9146		21.5025		15.3801		25.728
266		55.2852		6.0519		46.5447		25.9751		20.8591		9.53683e-07		46.6005		21.1144		15.0625		25.4303
267		56.5592		6.25878		47.7458		26.6651		21.2473		2.42651e-07		53.8431		21.7759		15.5172		25.9698
268		56.9661		6.29758		48.1257		26.8723		21.4096		1.76865e-05		56.893		21.9821		15.6845		26.1437
269		57.4165		6.42381		48.5859		27.1932		21.5432		7.61346e-09		59.3765		22.3173		15.8935		26.2686
270		55.9954		6.17968		47.2365		26.3984		21.0476		9.92596e-07		53.1941		21.5948		15.4151		25.6416
271		55.8057		6.07194		46.9909		26.1822		21.0241		5.23809e-06		47.7526		21.2844		15.2124		25.7065
272		54.7011		5.89875		46.0304		25.6292		20.6937		2.16136e-08		43.2131		20.771		14.8723		25.2594
273		55.5744		6.07805		46.8268		26.1241		20.958		1.74886e-07		46.3874		21.2671		15.1891		25.5597
274		55.7693		6.08037		47.0102		26.2087		21.0089		1.26347e-07		49.7918		21.3478		15.2675		25.6624
275		55.7169		6.12594		46.991		26.2549		21.0045		6.10797e-06		49.6959		21.465		15.3391		25.526
276		56.2514		6.19677		47.4647		26.5222		21.1645		1.15039e-05		51.5936		21.6903		15.4936		25.7744
277		58.2865		6.54197		49.3013		27.6471		21.831		9.71419e-07		71.7796		22.7774		16.2354		26.524
278		55.7501		6.13701		47.025		26.2428		20.9951		1.54512e-07		49.57		21.3951		15.2581		25.6299
279		56.0524		6.14592		47.2532		26.3777		21.1099		9.04454e-07		49.0739		21.5276		15.3817		25.7256
280		59.3653		6.7454		50.2721		28.2228		22.1499		9.41081e-08		79.5387		23.3455		16.6001		26.9266
281		56.1478		6.18202		47.4492		26.489		21.1308		3.18882e-07		52.275		21.6804		15.4984		25.7687
282		56.0424		6.12364		47.1897		26.3679		21.1057		5.88184e-09		49.3702		21.5437		15.42		25.6461
283		55.1552		5.99505		46.4331		25.9184		20.8238		1.51487e-06		46.5444		21.0998		15.1047		25.3333
284		56.6951		6.28535		47.9178		26.7507		21.2958		6.33153e-06		52.9604		21.9044		15.619		26.0134
285		55.198		6.03646		46.551		25.9527		20.782		4.48797e-07		48.6678		21.14		15.1036		25.411
286		56.2944		6.19311		47.5078		26.5236		21.1915		3.80131e-06		51.6354		21.6493		15.4561		25.8585
287		57.7355		6.50836		48.7725		27.376		21.6189		5.74489e-06		66.9359		22.5451		16.0367		26.2274
288		55.7426		6.04313		46.9446		26.1472		21.0175		1.54734e-06		47.7558		21.2751		15.232		25.6695
289		54.9982		5.93758		46.244		25.7753		20.7588		1.10645e-07		42.9414		20.9043		14.9667		25.3397
290		57.0314		6.38976		48.224		26.9931		21.4027		6.38713e-06		61.9646		22.1489		15.7591		26.0751
291		56.4568		6.22182		47.6504		26.598		21.2747		1.00319e-06		50.3572		21.6991		15.4773		25.9513
292		55.3975		6.01968		46.722		26.017		20.8857		3.78996e-06		46.5994		21.1746		15.155		25.5474
293		57.827		6.47619		48.85		27.3618		21.6646		5.70538e-07		64.5632		22.4821		16.006		26.3679
294		57.1188		6.36267		48.3044		27.0185		21.431		1.74808e-05		59.5219		22.1977		15.8351		26.1067
295		56.9658		6.28232		48.1502		26.9034		21.4644		4.63549e-06		55.7483		22.0114		15.7291		26.1388
296		56.3273		6.23218		47.5532		26.5743		21.1892		2.64765e-06		53.3067		21.7257		15.4936		25.8275
297		57.6655		6.49737		48.7163		27.3217		21.5915		3.05407e-06		65.7903		22.4918		15.9944		26.2245
298		59.1513		6.71339		50.0424		28.0864		22.0898		2.79707e-10		76.0745		23.1696		16.4562		26.8728
299		57.8661		6.49793		48.8995		27.4185		21.6662		1.96333e-06		67.4868		22.554		16.0561		26.3455
300		58.3741		6.62147		49.3124		27.7276		21.8244		1.87336e-06		75.1177		22.888		16.2666		26.4244
301		54.911		5.95445		46.2061		25.7643		20.7567		4.4275e-07		43.0206		20.9101		14.9557		25.296
302		56.1016		6.1904		47.3605		26.4487		21.0843		4.44045e-09		53.698		21.6435		15.4531		25.7169
303		58.0529		6.51124		49.0275		27.4954		21.7247		2.60313e-06		68.8376		22.6234		16.1122		26.4041
304		55.1497		5.97459		46.4605		25.8571		20.8151		8.90805e-07		44.9803		20.9541		14.9795		25.5064
305		58.4127		6.62467		49.4219		27.7426		21.8545		4.23141e-06		72.9006		22.8954		16.2707		26.5266
306		57.2617		6.33695		48.3629		27.0503		21.541		2.54695e-08		56.8507		22.1485		15.8115		26.2144
307		58.2466		6.51018		49.2313		27.5781		21.8563		4.74702e-06		62.2096		22.6664		16.1562		26.5649
308		55.7798		6.12948		47.0195		26.2273		21.0126		4.80487e-06		47.5742		21.3564		15.2269		25.6631
309		57.0954		6.36954		48.2526		27.0174		21.4532		1.74577e-05		59.5302		22.1533		15.7838		26.0993
310		57.335		6.39818		48.4878		27.1305		21.5063		9.21463e-06		63.0496		22.2731		15.875		26.2147
311		55.6041		6.09398		46.8513		26.1345		20.9349		6.47542e-07		47.7929		21.2701		15.1761		25.5811
312		57.4257		6.42759		48.5688		27.2005		21.573		2.55399e-06		60.2616		22.3316		15.904		26.2372
313		55.7222		6.135		47.0007		26.2429		20.9906		1.75144e-07		48.9719		21.4132		15.2782		25.5875
314		56.0524		6.19026		47.3146		26.4251		21.0469		9.98158e-06		54.164		21.6292		15.4389		25.6854
315		56.8158		6.33185		48.0187		26.8527		21.348		2.07001e-06		57.8316		21.9863		15.6544		26.0325
316		57.0531		6.41514		48.2119		27.029		21.4043		8.09755e-08		60.5449		22.196		15.7809		26.0159
317		56.9664		6.33493		48.1809		26.9282		21.3889		3.6836e-06		57.2471		22.0712		15.7363		26.1098
318		56.8863		6.2862		48.0143		26.8482		21.4039		1.28309e-07		54.7749		21.9724		15.6862		26.0418
319		55.643		6.11762		46.9297		26.2294		20.9334		2.36169e-06		50.8949		21.4465		15.3289		25.4832
320		55.2661		5.99268		46.4985		25.921		20.8665		7.46082e-06		45.6271		21.0358		15.0431		25.4627
321		56.6683		6.25679		47.8265		26.7225		21.357		4.12362e-06		51.3467		21.8192		15.5624		26.0073
322		56.5907		6.25103		47.7381		26.7013		21.299		3.41719e-08		54.6043		21.855		15.6039		25.8832
323		57.1249		6.3956		48.3147		27.0601		21.4541		2.56684e-07		60.5993		22.2211		15.8255		26.0936
324		59.1142		6.72265		50.0636		28.0996		22.0547		3.05207e-07		84.081		23.2321		16.5095		26.8315
325		55.4867		6.05247		46.7611		26.0561		20.9054		6.29968e-08		46.0127		21.1876		15.1351		25.5736
326		57.3616		6.36934		48.4929		27.145		21.5914		2.09907e-05		59.5801		22.2668		15.8975		26.226
327		55.7612		6.15076		47.0353		26.2714		20.9542		1.50041e-05		50.0368		21.4862		15.3355		25.5491
328		56.6621		6.28194		47.84		26.7264		21.2874		6.53331e-08		54.9418		21.8546		15.5727		25.9854
329		57.5326		6.48485		48.7151		27.3067		21.5563		2.13146e-07		65.9844		22.4877		16.0028		26.2274
330		54.6972		5.96502		46.0553		25.6955		20.6398		2.18631e-07		44.5111		20.8984		14.9334		25.1569
331		57.4697		6.33262		48.5056		27.096		21.614		6.5896e-06		54.7712		22.1683		15.8357		26.3373
332		56.4789		6.2535		47.7238		26.68		21.2572		5.65516e-06		53.9694		21.8448		15.5913		25.879
333		56.8207		6.31736		47.9211		26.8181		21.3484		2.50178e-09		56.6562		21.9442		15.6268		25.9768
334		57.3206		6.38309		48.4341		27.1085		21.5406		7.29706e-06		60.8402		22.2311		15.848		26.203
335		56.3396		6.18129		47.5031		26.5057		21.1954		2.11399e-08		51.1364		21.6414		15.4601		25.8616
336		57.4919		6.44868		48.5466		27.2185		21.5596		3.93924e-08		64.4474		22.3652		15.9165		26.1814
337		54.9039		5.89854		46.2052		25.72		20.7684		1.76805e-05		43.3892		20.842		14.9434		25.3632
338		57.1181		6.33184		48.2708		26.9831		21.4584		1.17105e-09		57.8347		22.1181		15.7863		26.1527
339		56.8615		6.31396		48.0491		26.8618		21.3617		2.59036e-07		55.3049		22.002		15.688		26.0472
340		56.7391		6.3062		47.9329		26.8133		21.3318		9.39357e-06		57.9455		21.9734		15.6672		25.9595
341		58.1195		6.56164		49.0723		27.5464		21.7253		4.08645e-05		66.6509		22.686		16.1244		26.3863
342		56.6788		6.25762		47.8309		26.7271		21.3076		3.11526e-06		55.634		21.8731		15.6155		25.9579
343		57.2967		6.36041		48.4235		27.1051		21.532		5.45271e-07		59.5225		22.2404		15.88		26.1831
344		56.8413		6.28268		47.979		26.8078		21.3615		1.77067e-06		56.305		21.9408		15.6581		26.0382
345		54.4396		5.95758		45.8284		25.6031		20.5247		9.05441e-08		46.2131		20.8511		14.8935		24.9774
346		56.8516		6.35129		48.052		26.8957		21.3423		5.20846e-06		59.0462		22.0756		15.7243		25.9764
347		56.9059		6.30023		48.0319		26.8475		21.4059		1.19678e-08		54.1836		21.9472		15.6469		26.0847
348		56.0488		6.16858		47.3015		26.3939		21.0893		1.41944e-06		51.4619		21.5555		15.3869		25.746
349		55.9107		6.17244		47.1636		26.3497		21.0229		2.01174e-05		52.1478		21.5442		15.3717		25.6194
350		56.3069		6.24896		47.5531		26.6113		21.167		1.53097e-05		56.7742		21.8326		15.5837		25.7205
351		56.7769		6.29122		47.9494		26.783		21.2916		1.77976e-05		58.5895		21.9406		15.6494		26.0088
352		57.3082		6.35922		48.3768		27.0704		21.5266		1.55478e-06		58.3652		22.2068		15.8475		26.1701
353		55.2206		5.95682		46.4077		25.8391		20.8233		5.37259e-07		46.0257		20.9474		14.9906		25.4603
354		56.743		6.31958		47.9332		26.811		21.2694		2.99489e-06		57.7749		21.9975		15.6779		25.9357
355		56.3035		6.24524		47.5734		26.5685		21.1417		3.82858e-06		55.0075		21.7492		15.504		25.8241
356		57.1394		6.40047		48.2837		27.0171		21.3912		2.50364e-06		61.7974		22.1945		15.7941		26.0892
357		57.1152		6.37945		48.2477		27.0683		21.4445		4.95013e-06		61.8373		22.2701		15.8907		25.9775
358		56.8709		6.29526		48.0572		26.8465		21.3707		5.12612e-07		54.2764		21.9781		15.6828		26.0791
359		56.2811		6.17538		47.5249		26.5163		21.1602		9.10344e-08		52.8796		21.6917		15.5163		25.8332
360		56.2327		6.16732		47.4113		26.4696		21.1926		1.33245e-06		48.5682		21.618		15.4507		25.7933
361		56.5736		6.24776		47.7488		26.6787		21.2664		1.09375e-06		53.0795		21.8071		15.5593		25.9418
362		55.7857		6.09053		47.0086		26.2227		21.0195		1.47296e-06		49.1107		21.3532		15.2627		25.6554
363		55.5143		6.04602		46.7623		26.0656		20.9375		5.66705e-06		46.1905		21.1882		15.1422		25.5741
364		57.6102		6.37674		48.6618		27.2036		21.6711		2.59351e-05		55.7683		22.2576		15.8808		26.4042
365		56.7833		6.33946		47.9828		26.8432		21.2907		5.18501e-06		58.7831		22.0248		15.6854		25.958
366		55.5413		6.06875		46.8019		26.1015		20.917		2.98778e-07		47.5797		21.239		15.1702		25.563
367		56.0485		6.198		47.3466		26.4362		21.041		1.45997e-06		53.1332		21.6375		15.4395		25.7092
368		58.4289		6.57967		49.3297		27.6724		21.8759		2.24723e-05		69.9292		22.7361		16.1564		26.5936
369		57.0025		6.33192		48.158		26.9444		21.4309		3.70303e-06		56.3481		22.1031		15.7711		26.055
370		55.664		6.11901		46.9574		26.2104		20.9555		2.80697e-06		49.855		21.3772		15.2582		25.5802
371		58.798		6.68894		49.712		27.9019		21.9222		3.49023e-07		77.2818		23.0353		16.3464		26.6766
372		56.3788		6.24885		47.6223		26.5946		21.2051		1.32735e-06		53.3277		21.7356		15.4867		25.8868
373		55.5517		6.08048		46.8402		26.1213		20.9517		2.27239e-07		46.9109		21.2619		15.1814		25.5783
374		56.4196		6.25638		47.6392		26.6378		21.2361		1.13009e-05		52.5114		21.7987		15.5423		25.8405
375		55.7252		6.16642		46.9686		26.2563		20.942		1.42138e-06		50.4288		21.4752		15.3088		25.4933
376		60.4473		7.01221		51.2944		28.8712		22.4823		1.97843e-06		255.507		23.942		16.9298		27.3524
377		55.9856		6.10388		47.1011		26.3031		21.1315		1.18352e-07		46.2319		21.4113		15.3074		25.6898
378		56.1236		6.16693		47.3731		26.4337		21.1148		3.80014e-06		51.9191		21.5801		15.4131		25.7931
379		57.2567		6.35353		48.3889		27.0414		21.5013		2.6042e-05		55.2604		22.1622		15.8086		26.2268
380		55.3614		6.02275		46.711		26.0268		20.892		9.84571e-07		46.5236		21.1806		15.1578		25.5304
381		58.8121		6.64086		49.7826		27.9275		21.9532		5.99093e-06		75.4532		23.0707		16.4298		26.7119
382		56.3832		6.19994		47.5836		26.5687		21.2311		1.75189e-06		52.118		21.7169		15.517		25.8667
383		56.5642		6.21574		47.7036		26.6575		21.2841		2.11653e-07		55.1164		21.7964		15.5807		25.9072
384		56.5271		6.32431		47.7779		26.7455		21.1984		3.92999e-08		59.7944		21.968		15.6437		25.8099
385		56.5738		6.24602		47.7275		26.6667		21.2642		1.78505e-05		53.8521		21.8208		15.5748		25.9068
386		55.0566		5.94525		46.3554		25.8322		20.7943		1.51096e-06		45.6353		20.9715		15.0263		25.3839
387		56.1672		6.14069		47.392		26.4341		21.1695		7.106e-07		49.2576		21.5594		15.4187		25.8326
388		56.6346		6.27138		47.8326		26.7266		21.3082		1.88831e-08		52.9924		21.8271		15.5558		26.0054
389		56.4363		6.23657		47.6344		26.6009		21.2311		2.0794e-11		51.9589		21.701		15.4644		25.9334
390		58.7846		6.65339		49.692		27.8873		21.961		7.79166e-08		71.3721		22.9889		16.3355		26.7032
391		55.0086		5.96557		46.3288		25.8217		20.7704		1.3265e-05		43.6615		20.9973		15.0318		25.3314
392		54.9317		5.98315		46.2143		25.8018		20.7488		5.72749e-07		44.4787		20.9682		14.9851		25.2461
393		55.6711		6.07639		46.9333		26.176		20.9781		1.51776e-05		46.8874		21.3452		15.2688		25.5881
394		54.9446		5.98888		46.2484		25.7849		20.7366		4.16472e-07		45.4551		20.9447		14.9558		25.3037
395		56.657		6.28441		47.8758		26.7737		21.3438		1.07362e-05		52.7256		21.9027		15.6183		25.9731
396		55.844		6.07911		47.0518		26.2439		21.0573		3.65916e-06		48.5519		21.3664		15.2873		25.6854
397		55.4191		5.98344		46.6357		25.966		20.9106		1.16592e-05		44.5152		21.0701		15.0867		25.5656
398		55.8802		6.18391		47.1804		26.3479		21.0001		2.5924e-06		53.7939		21.5452		15.3613		25.6352
399		56.0498		6.1633		47.2481		26.3835		21.0809		4.27466e-07		50.1546		21.5581		15.3948		25.69
400		57.3354		6.37043		48.4167		27.0939		21.5221		5.41259e-07		56.5124		22.2058		15.8353		26.2109
401		58.7125		6.65799		49.7322		27.9134		21.9401		9.78036e-07		75.2341		23.0621		16.4041		26.6701
402		57.4062		6.38991		48.4915		27.1228		21.58		3.50336e-07		60.5976		22.2014		15.8115		26.2901
403		56.7582		6.29534		47.8864		26.7867		21.3262		7.15555e-06		56.1068		21.9476		15.6522		25.9388
404		56.0906		6.19823		47.3009		26.4103		21.0702		1.60156e-05		52.1768		21.5685		15.3703		25.7324
405		56.8647		6.33507		47.9948		26.8906		21.3393		6.66712e-06		58.8407		22.0904		15.7553		25.9044
406		56.4218		6.17445		47.5981		26.5514		21.2459		3.85384e-05		50.8682		21.6671		15.4927		25.931
407		57.6605		6.4016		48.7092		27.265		21.659		6.31778e-08		60.399		22.37		15.9684		26.3392
408		58.1583		6.51056		49.0921		27.5277		21.7739		6.63143e-10		66.296		22.6387		16.1282		26.4534
409		55.0149		5.98663		46.2913		25.8156		20.7687		6.76831e-08		44.0706		20.9549		14.9683		25.3364
410		56.0927		6.157		47.3149		26.4101		21.1212		3.52351e-08		51.973		21.5765		15.4195		25.7384
411		56.8983		6.32189		48.0873		26.9045		21.4234		3.60924e-07		57.5111		22.0307		15.7088		26.0566
412		58.8187		6.71189		49.8356		27.9753		21.9248		2.75869e-05		83.6396		23.1423		16.4304		26.6934
413		55.5685		5.99978		46.7673		26.039		20.9823		8.96072e-07		44.8007		21.0936		15.0938		25.6737
414		56.6077		6.29219		47.8218		26.7282		21.2459		4.5288e-10		56.3205		21.8986		15.6064		25.9232
415		55.93		6.12832		47.1341		26.3209		21.0691		2.46012e-07		49.1038		21.492		15.3636		25.6422
416		59.1462		6.68714		50.0212		28.0656		22.1039		6.57936e-06		78.5654		23.159		16.4718		26.8622
417		56.7742		6.29176		48.0144		26.8311		21.3361		4.50461e-06		57.225		21.994		15.7023		26.0204
418		59.9938		6.93407		50.9578		28.6374		22.2977		1.62846e-06		253.753		23.7771		16.843		27.1807
419		56.0803		6.17945		47.3374		26.4491		21.1315		1.31422e-09		52.2489		21.6127		15.4332		25.7247
420		56.1166		6.1996		47.4146		26.4747		21.0823		3.15631e-07		53.3695		21.6637		15.4641		25.7509
421		57.38		6.42044		48.5375		27.19		21.5506		3.43732e-07		63.8761		22.3608		15.9404		26.1766
422		56.0712		6.15551		47.2958		26.4003		21.1094		9.10864e-06		50.5773		21.5675		15.412		25.7284
423		55.0432		5.95379		46.3476		25.8001		20.8021		1.95561e-07		43.7052		20.9174		14.9636		25.4303
424		56.9572		6.35829		48.0784		26.9108		21.3642		4.53603e-06		57.8431		22.0695		15.7112		26.009
425		57.2555		6.41237		48.4373		27.1165		21.4557		6.95243e-06		63.7247		22.2955		15.8831		26.1418
426		56.1284		6.16942		47.3809		26.4413		21.1079		2.94153e-07		49.387		21.6027		15.4333		25.7782
427		57.6627		6.50981		48.75		27.3712		21.6221		4.60308e-07		66.2601		22.5454		16.0355		26.2046
428		57.882		6.49182		48.8826		27.3848		21.6647		2.39961e-06		61.9303		22.5154		16.0236		26.3672
429		55.9357		6.17857		47.1369		26.3328		21.0095		1.82122e-06		53.49		21.5204		15.3418		25.6165
430		57.5104		6.44705		48.6186		27.2423		21.5528		2.26565e-06		67.7956		22.4018		15.9547		26.2168
431		57.7957		6.53015		48.914		27.4164		21.6299		8.76562e-08		70.9972		22.578		16.0478		26.336
432		56.2261		6.14717		47.4138		26.4629		21.1798		2.49839e-06		49.6071		21.5945		15.4473		25.8193
433		56.6574		6.25997		47.8353		26.7499		21.3097		3.1664e-07		56.1353		21.9105		15.6505		25.9248
434		56.1393		6.12554		47.3604		26.4086		21.1331		4.54031e-07		51.2114		21.5524		15.4269		25.808
435		60.1523		6.92281		51.0218		28.6655		22.3591		5.17264e-07		255.65		23.7711		16.8483		27.2508
436		56.3832		6.30504		47.6566		26.6908		21.1531		1.3536e-06		58.2513		21.9245		15.6194		25.7322
437		55.3684		6.01674		46.6848		26.0175		20.8773		1.65958e-08		47.3372		21.1883		15.1716		25.4965
438		55.4136		6.03082		46.6635		26.0345		20.8759		7.79826e-07		48.707		21.2067		15.1759		25.4568
439		55.4623		6.07749		46.7311		26.0868		20.8792		7.87514e-08		49.6748		21.2511		15.1736		25.48
440		55.6945		6.06346		46.9193		26.1533		20.9896		3.35718e-07		47.297		21.2922		15.2287		25.6271
441		56.4725		6.21532		47.6568		26.6128		21.2698		1.12918e-05		52.6223		21.7557		15.5404		25.9011
442		56.1681		6.17957		47.3817		26.457		21.1459		1.37653e-05		51.3737		21.6068		15.4272		25.7749
443		55.8445		6.07674		47.0582		26.2381		21.0734		2.02447e-08		46.8074		21.3582		15.2815		25.7
444		57.5353		6.39226		48.6181		27.2216		21.6263		2.43404e-07		61.1776		22.3509		15.9587		26.2671
445		56.3911		6.2172		47.5977		26.5746		21.2099		1.49544e-08		53.0609		21.6978		15.4806		25.8998
446		56.3523		6.26713		47.5465		26.6099		21.1506		3.22095e-06		57.9211		21.8249		15.5577		25.7217
447		59.6256		6.90987		50.4998		28.4042		22.1474		2.66317e-07		90.2036		23.5367		16.6268		26.9632
448		54.8531		5.95679		46.2215		25.7784		20.6962		2.88121e-06		46.3526		21.0017		15.0449		25.2198
449		56.4775		6.2553		47.6825		26.6388		21.2511		1.03121e-07		54.1504		21.763		15.5077		25.9196
450		57.6948		6.41443		48.7673		27.2822		21.6681		2.64854e-06		61.4357		22.3953		15.9809		26.372
451		55.5714		6.01666		46.8064		26.0986		20.9855		2.8576e-06		47.236		21.2394		15.2227		25.567
452		55.1178		5.95468		46.3693		25.8257		20.8079		1.40251e-06		43.3851		20.9347		14.9801		25.4345
453		56.0631		6.15154		47.3047		26.3951		21.1442		1.84785e-08		48.0637		21.5192		15.3677		25.7855
454		55.3276		6.05447		46.5964		26.0101		20.8585		8.60196e-06		46.9486		21.1708		15.1164		25.4256
455		57.0038		6.34376		48.156		26.9569		21.4454		9.78778e-06		58.021		22.0868		15.743		26.0692
456		58.7915		6.61291		49.6559		27.8569		22.0039		6.77177e-06		72.8371		22.9323		16.3194		26.7236
457		58.6186		6.63386		49.5891		27.8151		21.9296		1.70282e-06		71.8599		22.9202		16.2863		26.6689
458		54.9836		5.95687		46.3139		25.8173		20.7568		3.30511e-06		45.6417		21.0076		15.0508		25.3063
459		55.3332		5.97198		46.575		25.9394		20.9229		1.01428e-06		44.2034		21.0052		15.0332		25.5698
460		57.9063		6.49732		48.9734		27.427		21.6944		3.13249e-05		66.2356		22.5768		16.0795		26.3966
461		54.7622		5.984		46.1177		25.744		20.6451		2.64541e-05		47.4126		20.9597		14.9757		25.158
462		57.5454		6.46421		48.6782		27.2696		21.5846		4.65752e-10		63.4674		22.4121		15.9479		26.2662
463		54.5668		5.94544		45.9707		25.6401		20.6093		3.64156e-07		44.7005		20.8259		14.8805		25.1448
464		58.0878		6.57542		49.1562		27.5913		21.7237		2.4011e-07		72.5571		22.7703		16.1949		26.3859
465		54.2726		5.83445		45.6196		25.4162		20.5051		1.35375e-06		41.1805		20.5994		14.765		25.0202
466		56.4529		6.26444		47.6869		26.6691		21.2122		6.53271e-06		56.5391		21.8728		15.6083		25.8141
467		55.101		5.94988		46.3517		25.8346		20.8617		1.70059e-08		43.8551		20.9385		14.9886		25.4132
468		56.7683		6.2865		47.9347		26.7972		21.3319		4.4317e-09		56.548		21.9684		15.6819		25.9663
469		56.2183		6.14184		47.4004		26.4544		21.1554		5.86053e-07		50.5853		21.6042		15.4623		25.7962
470		56.7462		6.27899		47.833		26.76		21.3472		4.74655e-06		54.7188		21.9018		15.6228		25.9313
471		54.949		5.96074		46.2972		25.7864		20.7205		3.24486e-09		45.7216		20.9568		14.9961		25.3404
472		58.1777		6.54687		49.2341		27.6011		21.8012		1.66515e-05		66.1104		22.7294		16.1826		26.5046
473		57.7687		6.43295		48.8061		27.3102		21.6947		3.98981e-06		59.7499		22.4102		15.9773		26.3959
474		55.4307		6.05084		46.7849		26.0747		20.8712		3.61222e-06		48.1279		21.2685		15.2176		25.5164
475		55.9416		6.12099		47.2067		26.3203		21.0403		5.82493e-07		49.549		21.5048		15.3838		25.7019
476		54.6024		5.87878		45.927		25.5736		20.663		4.1882e-06		40.9574		20.6815		14.8027		25.2456
477		55.4773		6.01175		46.6447		25.9993		20.9529		1.87093e-07		43.0854		21.0936		15.0819		25.5511
478		56.27		6.21623		47.5282		26.5417		21.1657		1.80394e-06		52.4023		21.7075		15.4912		25.8207
479		56.3311		6.21943		47.5233		26.5524		21.1711		3.1299e-10		51.7893		21.7225		15.503		25.8008
480		57.4546		6.41598		48.5171		27.1622		21.5764		1.69382e-05		60.5476		22.2788		15.8629		26.2383
481		58.2662		6.62155		49.303		27.6729		21.7752		4.21186e-07		75.6275		22.82		16.1984		26.483
482		58.388		6.59426		49.36		27.728		21.8456		2.09431e-09		69.3993		22.9029		16.3086		26.4571
483		56.4871		6.21909		47.6548		26.6035		21.2441		1.82345e-06		53.3546		21.7202		15.5012		25.9345
484		56.8655		6.30771		48.0131		26.8341		21.3674		8.09307e-06		57.4804		21.9613		15.6536		26.0518
485		55.2335		5.99204		46.4876		25.9037		20.8213		4.14352e-06		46.14		21.06		15.0679		25.4276
486		55.4101		6.02791		46.642		25.9998		20.9124		1.53549e-07		45.5373		21.1252		15.0973		25.5168
487		56.3977		6.20802		47.5218		26.5654		21.2373		1.33326e-08		51.3479		21.7032		15.4951		25.8187
488		57.3065		6.39698		48.429		27.1361		21.5205		8.90767e-07		60.1724		22.3071		15.9101		26.1219
489		58.075		6.5314		49.0406		27.5252		21.7171		6.36624e-05		69.3632		22.6612		16.1298		26.3794
490		57.0028		6.25607		48.0872		26.8402		21.4441		5.80495e-06		52.2498		21.9164		15.6604		26.1708
491		56.3044		6.17411		47.4558		26.506		21.1889		1.10391e-09		52.4178		21.6452		15.4711		25.8106
492		55.7735		6.09589		46.9874		26.1918		21.0352		1.49281e-08		47.7493		21.2785		15.1826		25.7088
493		55.9867		6.14478		47.1691		26.3464		21.0615		4.04675e-06		49.0861		21.5169		15.3721		25.6523
494		56.2961		6.23759		47.5329		26.5437		21.1759		1.35231e-07		54.1333		21.6699		15.4323		25.8631
495		57.1572		6.33242		48.2499		26.9815		21.4859		7.30519e-07		59.4852		22.0788		15.7464		26.1711
496		56.4065		6.23632		47.5937		26.5974		21.2413		1.19931e-05		53.7443		21.7251		15.4887		25.8686
497		56.3812		6.21166		47.5704		26.5818		21.2175		1.27534e-05		51.0078		21.7417		15.53		25.8288
498		57.0884		6.41941		48.2598		27.0705		21.4141		7.66156e-06		63.6952		22.247		15.8275		26.0128
499		57.7962		6.49862		48.8599		27.4164		21.6332		1.90857e-08		67.0654		22.6047		16.1061		26.2552
500		59.4712		6.84846		50.3416		28.3306		22.1548		1.62529e-05		87.1337		23.4843		16.6359		26.8572
