1		43.2658		4.14104		36.0217		19.716		16.9344		1.65251e-07		17.8263		15.3199		11.1789		20.7018
2		37.622		3.52481		30.9809		16.8254		14.8967		1.07477e-07		12.5908		12.8761		9.3513		18.1048
3		42.092		4.00179		34.7166		19.0405		16.473		3.17367e-07		16.3779		14.6719		10.6702		20.0446
4		40.652		3.85163		33.5919		18.3522		15.9959		1.04131e-09		15.0546		14.1829		10.3313		19.4089
5		39.6752		3.71304		32.6091		17.8255		15.6269		9.5867e-07		14.0571		13.7401		10.0271		18.869
6		44.1357		4.26269		36.6161		20.0989		17.1661		5.62279e-11		18.8174		15.7001		11.4374		20.916
7		45.9158		4.47259		38.2171		21.0299		17.8023		7.07311e-08		20.9243		16.5287		12.0561		21.6885
8		43.8767		4.23414		36.4293		19.9741		17.1106		8.05372e-07		18.3879		15.5788		11.3447		20.8504
9		37.6708		3.54474		30.9434		16.8416		14.9248		4.66398e-09		12.4577		12.9071		9.36241		18.0362
10		41.7705		3.96533		34.5267		18.8938		16.3993		8.09408e-07		15.873		14.5863		10.6209		19.9404
11		42.2806		4.04883		34.8397		19.148		16.5381		1.02159e-09		16.3607		14.7674		10.7186		20.0723
12		42.0028		3.98516		34.6045		18.9864		16.4587		1.36323e-07		16.0627		14.6404		10.6552		19.9641
13		43.1614		4.12511		35.7601		19.5894		16.8827		2.37319e-08		17.1227		15.1776		11.0525		20.5825
14		38.8138		3.64143		31.889		17.4437		15.3813		4.98476e-11		13.4693		13.4009		9.75944		18.4882
15		37.947		3.5601		31.3314		17.0383		15.0631		3.1718e-08		12.8311		13.0915		9.53142		18.2399
16		42.8742		4.1174		35.6727		19.5347		16.7536		6.52715e-09		17.8431		15.2269		11.1095		20.4458
17		42.1846		4.00825		34.693		19.0725		16.505		1.69631e-07		16.4145		14.6919		10.6837		20.0011
18		42.1511		4.03672		34.9249		19.152		16.4977		3.70966e-06		16.7754		14.8372		10.8004		20.0877
19		38.3817		3.62265		31.7247		17.2823		15.2524		2.2711e-08		13.1452		13.2801		9.6575		18.4445
20		39.3125		3.69618		32.2856		17.6625		15.5279		3.65484e-11		13.709		13.6067		9.91049		18.6789
21		40.1407		3.78149		33.0679		18.0424		15.7813		2.59534e-07		14.3332		13.9165		10.135		19.1514
22		41.0847		3.91195		34.1164		18.6242		16.1986		1.3749e-07		15.5349		14.3705		10.4585		19.7459
23		42.7751		4.09468		35.4209		19.4211		16.7348		5.16858e-09		17.049		15.0356		10.9409		20.3853
24		38.9553		3.64164		31.9108		17.4748		15.41		6.32454e-07		13.5697		13.4341		9.7925		18.4767
25		40.3554		3.82008		33.3373		18.1983		15.8676		1.79277e-10		14.7361		14.0399		10.2199		19.2973
26		38.1592		3.56362		31.5172		17.1322		15.1357		1.75663e-07		13.0252		13.1717		9.60806		18.3456
27		44.8241		4.37277		37.2496		20.5025		17.4138		4.8983e-08		19.7085		16.1102		11.7374		21.1394
28		41.072		3.90694		33.9575		18.5771		16.1356		1.93719e-08		15.5506		14.3312		10.4242		19.6263
29		38.8305		3.65061		31.9998		17.4671		15.4053		1.71806e-08		13.4134		13.4325		9.78187		18.5673
30		37.6472		3.51392		30.9737		16.8225		14.9461		2.32037e-07		12.6063		12.8317		9.31774		18.1421
31		37.8309		3.53326		31.1435		16.9146		15.0041		9.39867e-07		12.6974		12.9409		9.40768		18.2025
32		35.5031		3.33158		29.1309		15.874		14.2274		6.05455e-08		11.2453		11.9231		8.59148		17.2078
33		44.1957		4.25636		36.5773		20.1321		17.2085		2.40005e-07		18.938		15.7326		11.4762		20.8447
34		40.6996		3.85982		33.715		18.3965		16.0173		1.09631e-06		14.8811		14.195		10.3351		19.5201
35		45.3694		4.41713		37.8406		20.7899		17.6621		2.48773e-06		20.3028		16.3088		11.8917		21.5318
36		40.7322		3.84921		33.6947		18.383		16.05		3.19178e-11		14.9924		14.1734		10.3242		19.5213
37		40.0298		3.76929		32.8439		17.9903		15.7946		8.8888e-07		14.1624		13.8651		10.0958		18.9788
38		38.0928		3.587		31.3302		17.0301		15.0677		4.14155e-09		12.7294		13.0382		9.45121		18.2919
39		45.643		4.4204		37.9722		20.881		17.7158		7.41056e-07		20.3213		16.4164		11.996		21.5557
40		38.5698		3.63287		31.8811		17.3843		15.329		3.82649e-09		13.2612		13.3583		9.72543		18.5228
41		40.6765		3.87959		33.7619		18.4167		16.0023		2.42283e-07		15.2342		14.2093		10.3297		19.5526
42		41.5348		3.95802		34.3153		18.799		16.2653		2.02067e-08		15.9509		14.5191		10.5611		19.7961
43		37.3778		3.48133		30.7391		16.6926		14.8458		5.11404e-08		12.3502		12.7512		9.26988		17.9879
44		42.3663		4.02447		34.907		19.1443		16.5358		2.91951e-08		16.612		14.7777		10.7532		20.1293
45		42.3171		4.0401		34.9273		19.1707		16.5418		9.1558e-08		16.4018		14.8281		10.788		20.0992
46		37.6687		3.54901		31.0716		16.9051		14.9427		3.91636e-07		12.8021		12.9746		9.42558		18.097
47		42.8626		4.10257		35.6156		19.4946		16.7589		1.65035e-07		17.3892		15.1349		11.0324		20.4807
48		36.9381		3.46194		30.3212		16.4843		14.629		7.07863e-08		12.1488		12.5944		9.13247		17.7268
49		38.2835		3.59764		31.5318		17.1698		15.2029		2.27168e-07		13.0405		13.1713		9.5737		18.3605
50		41.7863		3.95383		34.4752		18.8772		16.3979		2.2526e-07		15.8726		14.5544		10.6005		19.9209
51		37.192		3.47562		30.5553		16.6007		14.738		8.23217e-10		12.2997		12.6821		9.20645		17.8733
52		43.2662		4.17134		35.9657		19.7153		16.9218		1.90326e-07		17.7955		15.3371		11.1657		20.6286
53		43.5075		4.176		36.0481		19.7577		16.9773		8.17377e-08		17.721		15.3448		11.1688		20.7034
54		40.5229		3.80939		33.4849		18.2598		15.9348		1.22378e-08		14.8287		14.1005		10.2911		19.3844
55		40.4321		3.83978		33.5283		18.3008		15.9295		2.57059e-07		14.9677		14.1203		10.2805		19.4081
56		34.5144		3.21748		28.258		15.2559		13.7843		3.48569e-08		10.4442		11.5239		8.30639		16.7342
57		40.5963		3.83797		33.5669		18.3077		15.9707		5.87868e-07		14.8406		14.132		10.2941		19.4348
58		48.6851		4.93407		40.616		22.457		18.6912		1.97923e-07		25.9848		17.847		12.913		22.7689
59		41.2681		3.90507		34.1484		18.6528		16.2375		6.83983e-08		15.5571		14.3618		10.4568		19.7866
60		39.8698		3.76773		32.6837		17.9187		15.7195		2.11642e-06		14.1564		13.8122		10.0444		18.8716
61		40.775		3.86825		33.8222		18.4672		16.0679		4.66474e-09		15.3053		14.2297		10.3614		19.5925
62		37.8695		3.55604		31.2521		16.9873		15.0026		1.7599e-09		12.7887		13.0384		9.4824		18.2137
63		41.0064		3.89368		33.987		18.5764		16.1917		0		15.2093		14.3175		10.4238		19.6695
64		39.8245		3.76513		32.7957		17.9325		15.6745		5.90563e-08		14.2745		13.86		10.0949		18.9357
65		40.5521		3.85149		33.6359		18.3799		15.9985		6.86689e-10		15.1769		14.1965		10.345		19.4394
66		38.1957		3.5624		31.4798		17.1038		15.1419		1.78632e-08		12.9338		13.1105		9.54806		18.3694
67		41.0398		3.90963		34.0591		18.5946		16.1591		7.86091e-10		15.3534		14.3587		10.4491		19.7004
68		38.1839		3.58213		31.4841		17.1341		15.1461		2.12937e-08		12.9505		13.1539		9.57174		18.3303
69		39.9352		3.73963		32.8506		17.946		15.756		7.99806e-08		14.0772		13.8168		10.0772		19.0338
70		41.0653		3.89064		33.973		18.5722		16.1486		6.56905e-10		15.3509		14.3271		10.4365		19.6459
71		41.0124		3.89238		33.8479		18.5567		16.1286		1.28653e-06		15.5287		14.295		10.4026		19.5528
72		36.956		3.42669		30.3209		16.4689		14.6621		5.55356e-08		12.0944		12.5567		9.13002		17.7642
73		41.2689		3.90575		34.2228		18.6897		16.2527		1.00881e-07		15.398		14.4207		10.515		19.8021
74		43.3286		4.13616		35.9986		19.7244		16.9525		1.3531e-06		17.8827		15.345		11.2088		20.6536
75		35.3842		3.33019		29.0209		15.7719		14.1395		6.20478e-08		11.1087		11.8502		8.52005		17.1707
76		41.4443		3.95156		34.3179		18.7782		16.2588		1.00134e-07		15.8382		14.5157		10.5641		19.8022
77		41.2695		3.92264		34.186		18.6773		16.2452		7.12403e-08		15.5398		14.3999		10.4772		19.7861
78		37.0869		3.4749		30.4742		16.5627		14.7012		4.04039e-08		12.1819		12.6511		9.17623		17.8231
79		37.0536		3.47671		30.4212		16.5308		14.6931		1.68687e-07		12.1742		12.6063		9.12963		17.8148
80		40.0485		3.77788		32.9601		18.0336		15.7822		4.62323e-07		14.4215		13.9026		10.1247		19.0575
81		40.7203		3.86142		33.771		18.4305		16.0528		2.07572e-08		15.1726		14.2034		10.342		19.5675
82		39.5108		3.72166		32.4423		17.7597		15.5563		3.91637e-07		14.0467		13.6913		9.9696		18.751
83		37.2467		3.47442		30.5922		16.6205		14.7618		1.22717e-06		12.2747		12.6959		9.22146		17.8963
84		40.2421		3.80549		33.255		18.1616		15.8523		9.70266e-08		14.7399		14.0196		10.2142		19.2354
85		41.2158		3.89039		34.105		18.6064		16.2314		1.45697e-08		15.2277		14.3524		10.462		19.7526
86		39.4762		3.70632		32.4936		17.7571		15.5577		1.0157e-06		14.072		13.7088		10.0025		18.7848
87		42.5964		4.08506		35.4006		19.3956		16.668		4.66258e-07		17.2713		15.0839		10.9988		20.3167
88		40.7138		3.83308		33.6356		18.3469		16.0289		2.43381e-07		14.882		14.1529		10.3198		19.4827
89		40.4545		3.80698		33.4237		18.2118		15.8656		3.4866e-07		14.6479		14.0698		10.2628		19.3539
90		40.1017		3.7604		33.1042		18.0434		15.8066		1.15475e-08		14.5043		13.891		10.1306		19.2132
91		39.2449		3.6893		32.2458		17.6425		15.5053		3.18401e-07		13.6551		13.5979		9.90865		18.6479
92		36.9584		3.45267		30.2874		16.4864		14.6697		3.03573e-08		12.0751		12.5545		9.10178		17.7329
93		39.4113		3.71736		32.3795		17.7233		15.5291		3.49457e-09		13.9674		13.6703		9.95289		18.7092
94		41.5739		3.95503		34.3651		18.8015		16.2904		5.01797e-08		15.8211		14.5073		10.5522		19.8579
95		40.8893		3.88402		33.9526		18.5307		16.0903		1.04538e-07		15.4421		14.3103		10.4263		19.6423
96		39.4333		3.68421		32.3059		17.6907		15.6019		6.53634e-08		13.7473		13.6066		9.92239		18.6993
97		40.5726		3.85104		33.634		18.3749		16.0088		5.38084e-09		15.0869		14.169		10.3179		19.465
98		37.0909		3.4658		30.4443		16.5435		14.7281		2.92803e-09		12.1482		12.5864		9.12064		17.8579
99		41.4056		3.92606		34.2659		18.7283		16.2686		1.14122e-07		15.4919		14.465		10.5389		19.8009
100		41.1024		3.92458		33.9822		18.6257		16.1744		2.11278e-08		15.4086		14.3754		10.4508		19.6068
101		38.1368		3.57734		31.4573		17.0839		15.1046		7.88459e-09		12.9518		13.0992		9.52188		18.358
102		41.1139		3.89275		34.0719		18.5972		16.1902		3.32773e-07		15.2821		14.3127		10.4199		19.7593
103		40.2316		3.79055		33.1535		18.1037		15.836		7.07706e-10		14.5799		13.9598		10.1692		19.1937
104		47.7499		4.81886		39.8017		22.0044		18.3946		4.21416e-07		24.5863		17.411		12.5921		22.3907
105		38.175		3.57019		31.4045		17.0733		15.1264		1.92984e-08		12.7243		13.0732		9.50302		18.3313
106		38.6189		3.64057		31.6719		17.3514		15.2315		2.15659e-06		13.542		13.3728		9.73224		18.2991
107		35.119		3.29629		28.8358		15.6334		14.0242		6.45525e-08		10.9267		11.7672		8.47089		17.0686
108		42.447		4.04088		35.1329		19.2399		16.6065		1.38812e-07		16.8397		14.8386		10.7977		20.2943
109		39.6409		3.73743		32.6512		17.8325		15.6002		8.99483e-10		14.1339		13.7635		10.0261		18.8877
110		38.88		3.64045		31.8631		17.4462		15.3746		1.92229e-06		13.4353		13.4079		9.76744		18.4552
111		37.1553		3.49013		30.55		16.5966		14.7147		9.75267e-08		12.2273		12.6776		9.18748		17.8724
112		37.6579		3.52925		31.054		16.8707		14.9043		6.90513e-10		12.728		12.9377		9.40849		18.1163
113		39.6306		3.71603		32.5856		17.8014		15.6166		1.48696e-08		14.1043		13.7168		10.0007		18.8688
114		40.3655		3.83959		33.338		18.2282		15.8607		3.45695e-08		14.9337		14.1129		10.2733		19.2251
115		37.2414		3.47699		30.5799		16.609		14.7507		5.35646e-08		12.2353		12.6885		9.21147		17.8915
116		36.5564		3.41366		29.8851		16.3022		14.555		3.18911e-09		11.8499		12.3556		8.94198		17.5294
117		40.1843		3.80821		33.252		18.1419		15.8242		2.7885e-08		14.8022		14.0121		10.2039		19.2399
118		38.3403		3.61174		31.6189		17.222		15.2063		9.49623e-10		13.0798		13.2449		9.63311		18.374
119		39.494		3.71215		32.3628		17.7507		15.6049		6.5452e-09		13.8597		13.6794		9.96727		18.6834
120		39.9501		3.75775		32.8628		17.9731		15.7252		1.64157e-08		14.1615		13.8884		10.1306		18.9745
121		37.3724		3.47369		30.6162		16.6364		14.8454		1.35303e-08		12.0813		12.624		9.15034		17.9922
122		41.2314		3.92262		34.1591		18.6823		16.209		1.60736e-07		15.6618		14.4275		10.5049		19.7316
123		41.2314		3.92262		34.1591		18.6823		16.209		1.60736e-07		15.6618		14.4275		10.5049		19.7316
124		35.0592		3.27614		28.7191		15.541		14.0015		2.31372e-07		10.7479		11.7361		8.45999		16.983
125		40.6198		3.83961		33.6581		18.3747		16.0344		9.3731e-10		15.0558		14.1612		10.3216		19.497
126		35.1659		3.28548		28.8088		15.6341		14.0565		1.76336e-09		10.9687		11.7624		8.47692		17.0464
127		40.3717		3.83264		33.3737		18.2234		15.8912		5.45983e-08		14.9481		14.0733		10.2407		19.3004
128		41.6171		3.95424		34.3998		18.8242		16.2982		1.23257e-08		15.9091		14.5515		10.5972		19.8484
129		39.5408		3.72752		32.5049		17.7907		15.5705		4.55968e-08		14.1103		13.7314		10.0039		18.7735
130		37.5419		3.51032		30.8876		16.7887		14.8808		2.14419e-08		12.4794		12.8593		9.34899		18.0283
131		42.2634		3.99734		34.8924		19.1368		16.5699		1.26885e-08		16.4763		14.7464		10.7491		20.1459
132		42.7221		4.0821		35.3956		19.3891		16.6783		1.38261e-07		17.1932		15.0404		10.9583		20.3551
133		37.8219		3.53757		31.0894		16.8904		14.993		8.28198e-08		12.5356		12.9134		9.37579		18.1761
134		37.1908		3.48024		30.5591		16.5939		14.7295		2.24417e-09		12.1797		12.6521		9.1719		17.907
135		38.7963		3.65333		31.9751		17.4519		15.3694		2.02768e-08		13.4735		13.4423		9.78896		18.5328
136		40.259		3.8305		33.3681		18.2446		15.8791		1.85587e-06		15.0784		14.0949		10.2644		19.2732
137		39.4698		3.70786		32.3542		17.7298		15.5523		1.88114e-08		13.9188		13.6708		9.96295		18.6834
138		40.0748		3.79087		33.0808		18.0557		15.7528		1.11788e-06		14.6219		13.9368		10.1459		19.144
139		45.6938		4.47143		38.0821		20.9488		17.717		2.36388e-07		21.086		16.4759		12.0045		21.6062
140		40.2382		3.80284		33.1693		18.1229		15.8075		9.43277e-08		14.5883		14.0138		10.211		19.1555
141		38.5551		3.63545		31.6688		17.3303		15.2286		7.53584e-07		13.4206		13.351		9.71556		18.3178
142		36.3844		3.40443		29.7708		16.2366		14.4902		1.40359e-07		11.752		12.2914		8.887		17.4794
143		42.0051		4.01069		34.6837		19.0082		16.4465		2.13587e-08		16.3281		14.6813		10.6706		20.0024
144		40.4305		3.83714		33.4936		18.3287		15.9513		3.50568e-09		15.0851		14.1467		10.3096		19.3469
145		38.2822		3.60617		31.5728		17.203		15.2033		4.30409e-08		13.0023		13.2014		9.59521		18.3714
146		45.013		4.32034		37.2696		20.4811		17.4901		1.38801e-06		19.142		16.0057		11.6854		21.2639
147		37.114		3.48235		30.4625		16.5655		14.7049		1.38915e-07		12.2244		12.6484		9.16602		17.8141
148		45.2318		4.39554		37.5615		20.6779		17.5612		3.20228e-09		19.8372		16.2285		11.833		21.333
149		39.6988		3.72784		32.6105		17.8103		15.6368		2.55844e-08		14.1095		13.7113		9.98343		18.8992
150		37.7699		3.52864		31.0932		16.8914		14.9631		7.15711e-07		12.6303		12.9273		9.39867		18.1659
151		39.4643		3.70178		32.334		17.7049		15.5757		2.39939e-06		13.8019		13.6381		9.93635		18.6958
152		41.7683		3.96495		34.4533		18.8966		16.3496		3.8436e-06		15.9854		14.5984		10.6334		19.8549
153		38.5877		3.61674		31.7308		17.3344		15.2837		5.32559e-08		13.3481		13.3344		9.71762		18.3965
154		40.5906		3.81458		33.6272		18.3413		16.0346		3.63363e-08		14.9		14.1085		10.2939		19.5187
155		44.5961		4.30896		36.9556		20.3242		17.3094		1.06104e-08		19.3357		15.9192		11.6103		21.0364
156		38.3935		3.60305		31.7165		17.2854		15.2661		3.29411e-08		13.1982		13.2687		9.66566		18.4478
157		43.0132		4.08844		35.5437		19.4845		16.827		2.3438e-07		16.9265		15.0792		10.9908		20.4645
158		39.4948		3.73674		32.5001		17.7841		15.5952		8.88111e-08		13.9149		13.7351		9.99834		18.765
159		37.7865		3.54892		31.113		16.909		14.9549		4.14104e-07		12.7654		12.9618		9.41287		18.1512
160		39.6707		3.75272		32.6016		17.8465		15.6344		6.8692e-08		14.1487		13.774		10.0213		18.8276
161		44.142		4.24757		36.6524		20.1033		17.2135		7.37004e-10		18.3661		15.6807		11.4331		20.9717
162		40.7634		3.84538		33.8085		18.4626		16.126		5.07367e-07		15.1316		14.2173		10.3719		19.5912
163		37.3444		3.50012		30.7044		16.6713		14.7849		2.26015e-09		12.3258		12.7308		9.2307		17.9735
164		41.6693		3.94945		34.367		18.8264		16.3484		2.18039e-10		15.8885		14.5054		10.556		19.8616
165		41.0997		3.89924		34.0402		18.6032		16.221		1.9881e-08		15.2163		14.3685		10.4693		19.6716
166		35.2598		3.30708		28.9125		15.7078		14.1131		2.11971e-07		11.0663		11.7998		8.49273		17.1127
167		43.2492		4.13051		35.8434		19.6203		16.9014		1.94144e-08		17.2796		15.1992		11.0687		20.6442
168		42.7067		4.0788		35.3111		19.3678		16.711		5.55882e-08		17.1075		14.9752		10.8964		20.3359
169		37.2032		3.47033		30.5844		16.6054		14.7502		6.76088e-10		12.2842		12.6952		9.22492		17.8891
170		40.9581		3.89687		33.9424		18.5465		16.1436		1.65732e-08		15.3247		14.3		10.4032		19.6423
171		40.7894		3.86898		33.8154		18.4805		16.1033		9.19356e-07		15.1046		14.2502		10.3812		19.5652
172		39.8856		3.77019		32.7396		17.9267		15.7342		1.00955e-06		14.0946		13.8147		10.0446		18.9249
173		35.2106		3.28793		28.8614		15.6494		14.0761		2.93948e-09		10.9544		11.7711		8.4832		17.0903
174		40.4111		3.81104		33.4315		18.2334		15.8843		2.4591e-08		14.8508		14.0689		10.2579		19.3626
175		37.6463		3.52544		31.0106		16.8309		14.9144		9.8314e-07		12.6278		12.8803		9.35486		18.1303
176		41.7265		3.92994		34.3688		18.8428		16.3836		1.14823e-08		15.8549		14.4967		10.5668		19.8721
177		37.6268		3.51213		30.942		16.7976		14.9098		3.14306e-08		12.5354		12.8378		9.32566		18.1042
178		40.5146		3.82654		33.5035		18.2831		15.9669		4.69367e-08		15.0486		14.0877		10.2611		19.4158
179		40.8988		3.8716		33.9185		18.4968		16.1027		1.43938e-07		15.3411		14.2544		10.3828		19.664
180		43.8139		4.18793		36.2773		19.8968		17.0544		3.36856e-10		18.1327		15.5093		11.3214		20.768
181		40.7151		3.87106		33.7166		18.4117		16.0331		2.98625e-08		15.036		14.226		10.355		19.4905
182		40.6787		3.84938		33.7095		18.4101		16.0183		3.59813e-07		15.201		14.2118		10.3625		19.4976
183		36.2824		3.40017		29.7227		16.2065		14.4447		3.12051e-09		11.6288		12.2726		8.87239		17.4501
184		38.73		3.66532		31.8991		17.4154		15.2892		1.52145e-08		13.4206		13.4165		9.75117		18.4826
185		40.2709		3.79239		33.2816		18.1461		15.8513		3.32159e-08		14.7743		13.9916		10.1992		19.29
186		39.7292		3.74428		32.6793		17.8697		15.6718		5.93862e-08		14.0892		13.7707		10.0264		18.9086
187		38.0041		3.55909		31.2977		17.0324		15.0848		1.77307e-09		12.7767		13.0653		9.50618		18.2324
188		45.0289		4.3633		37.3934		20.5792		17.5166		2.96168e-09		19.8105		16.1347		11.7714		21.2587
189		38.1862		3.60131		31.5713		17.2091		15.1891		8.871e-08		13.1026		13.2321		9.63077		18.3393
190		44.8714		4.34489		37.1461		20.4604		17.4484		3.4002e-09		19.4183		16.0178		11.6729		21.1283
191		35.9537		3.38729		29.426		16.0935		14.3579		7.91866e-07		11.6172		12.1513		8.76397		17.2747
192		40.7039		3.85462		33.6192		18.3469		15.9978		7.33748e-07		14.849		14.156		10.3014		19.4632
193		40.9753		3.89387		33.9163		18.5504		16.1131		1.6832e-08		15.4644		14.323		10.4291		19.5933
194		35.3861		3.31847		29.0322		15.7686		14.1448		4.38955e-07		11.1531		11.8647		8.54621		17.1675
195		38.7026		3.64048		31.8072		17.406		15.2842		1.87849e-09		13.5508		13.4181		9.77765		18.3891
196		44.0047		4.23514		36.4461		20.0139		17.1381		2.47466e-06		18.195		15.6119		11.3767		20.8343
197		38.9527		3.66329		32.0895		17.5194		15.4381		8.87802e-08		13.4697		13.4817		9.81842		18.6078
198		37.9562		3.56546		31.3473		17.0769		15.097		1.95511e-07		13.0548		13.0971		9.53165		18.2502
199		35.2691		3.31051		28.9232		15.7366		14.0966		4.00492e-08		11.1012		11.8474		8.53691		17.0758
200		36.5228		3.42742		29.9134		16.2991		14.5256		3.98239e-07		11.8461		12.3763		8.94892		17.5371
201		40.5788		3.86796		33.6768		18.398		15.9808		8.95481e-08		15.1763		14.2008		10.3328		19.4761
202		38.8573		3.65444		31.8644		17.4557		15.3544		2.96714e-07		13.5588		13.467		9.81261		18.3974
203		39.9059		3.74821		32.8619		17.9357		15.6959		2.7802e-08		14.2658		13.8373		10.0891		19.0246
204		40.4843		3.86862		33.564		18.3286		15.936		5.9986e-09		15.124		14.1586		10.29		19.4054
205		44.0331		4.24545		36.5678		20.0644		17.1589		9.82359e-07		18.7019		15.6824		11.4369		20.8854
206		42.3609		4.04542		34.971		19.1788		16.5356		2.97732e-08		16.698		14.8034		10.758		20.1676
207		38.6741		3.6371		31.9233		17.4156		15.3334		5.71355e-08		13.2994		13.4206		9.78353		18.5027
208		44.4507		4.28386		36.7969		20.2138		17.2678		7.46642e-07		18.8969		15.79		11.5061		21.0069
209		37.6491		3.52461		31.002		16.8545		14.9258		2.25539e-07		12.6425		12.9077		9.3831		18.0943
210		37.5189		3.496		30.7549		16.7235		14.8712		4.17259e-07		12.2857		12.7421		9.24614		18.0127
211		36.8132		3.46912		30.2333		16.4548		14.6079		6.64652e-08		12.0701		12.5635		9.09434		17.6699
212		39.8032		3.76104		32.6533		17.9102		15.7292		4.5675e-10		13.9605		13.8122		10.0512		18.8411
213		37.2793		3.49598		30.677		16.6653		14.7774		9.35996e-09		12.3361		12.7493		9.25335		17.9277
214		37.7268		3.54248		31.0597		16.8958		14.9624		4.49078e-08		12.6676		12.9564		9.41394		18.1033
215		43.8275		4.21468		36.3472		19.9258		17.0976		1.21656e-07		18.2489		15.5204		11.3057		20.8268
216		40.4821		3.81953		33.4005		18.2346		15.9395		1.66806e-08		14.763		14.0608		10.2413		19.3398
217		40.4491		3.81124		33.4432		18.233		15.925		5.99764e-08		14.7882		14.043		10.2317		19.4003
218		41.6144		3.95559		34.4403		18.8316		16.3207		1.02291e-08		15.8768		14.5306		10.575		19.9097
219		38.7969		3.64044		31.7877		17.414		15.3208		2.04279e-07		13.5652		13.407		9.7666		18.3806
220		38.8656		3.64728		31.8735		17.4484		15.3432		2.19745e-08		13.5469		13.4382		9.79093		18.4353
221		43.7363		4.19945		36.302		19.9006		17.0707		5.2231e-08		18.1834		15.5032		11.3037		20.7988
222		39.9873		3.79463		32.9321		17.999		15.7178		3.01174e-08		14.3724		13.9193		10.1247		19.0128
223		41.1068		3.90615		34.0172		18.612		16.1679		9.25959e-08		15.4789		14.3715		10.4653		19.6458
224		40.061		3.7842		33.0276		18.0285		15.7553		2.62717e-08		14.512		13.9		10.1158		19.1276
225		40.6875		3.88758		33.7776		18.4578		16.0251		1.757e-08		15.2452		14.2501		10.3625		19.5276
226		40.82		3.87369		33.8276		18.4694		16.043		8.83297e-09		15.2907		14.2837		10.41		19.5439
227		35.2255		3.30013		28.8907		15.6625		14.0566		2.90884e-07		10.9735		11.7948		8.49467		17.0959
228		40.2502		3.80732		33.2685		18.1431		15.8426		3.95985e-07		14.5807		13.9847		10.1774		19.2838
229		40.7463		3.88662		33.8139		18.4813		16.0452		2.09894e-10		15.4507		14.2937		10.4071		19.5201
230		40.6384		3.8253		33.5457		18.3016		15.9778		2.24561e-09		14.7681		14.117		10.2917		19.4287
231		40.841		3.86782		33.8287		18.4884		16.1014		6.88032e-08		15.2723		14.2339		10.3661		19.5947
232		50.3463		5.253		42.2262		23.4042		19.2176		8.08629e-08		31.1581		18.7699		13.5169		23.4563
233		40.3253		3.80484		33.3303		18.1542		15.8617		2.43531e-07		14.7633		13.9768		10.172		19.3535
234		39.3132		3.68657		32.2043		17.6502		15.5162		1.19354e-07		13.8111		13.6001		9.91355		18.6041
235		43.707		4.20291		36.2238		19.8655		17.005		2.91946e-07		18.2052		15.4992		11.2962		20.7247
236		38.5243		3.6337		31.8327		17.36		15.3151		1.78485e-08		13.2794		13.3397		9.70602		18.493
237		43.021		4.11627		35.7534		19.5731		16.8513		5.83811e-08		17.3378		15.1989		11.0826		20.5545
238		40.4094		3.79492		33.3931		18.2251		15.9481		1.97228e-06		14.8508		14.0357		10.2408		19.3574
239		41.7962		3.97757		34.5574		18.9232		16.3824		8.61341e-09		15.959		14.626		10.6484		19.9314
240		41.1705		3.93877		34.1691		18.6809		16.1722		2.22485e-06		15.535		14.4338		10.4951		19.7353
241		43.8795		4.24005		36.3703		19.9717		17.091		2.8414e-08		18.4434		15.6036		11.3635		20.7668
242		38.9887		3.67485		32.0943		17.5537		15.4452		3.73819e-06		13.5645		13.528		9.85314		18.5663
243		43.9308		4.22608		36.4526		20.0074		17.1173		2.74831e-07		18.3908		15.6166		11.3905		20.836
244		36.4136		3.43375		29.7456		16.2825		14.5016		7.79488e-11		11.7216		12.3207		8.88692		17.4249
245		38.3611		3.60328		31.6672		17.2554		15.2605		1.10728e-08		13.0672		13.2421		9.63879		18.4251
246		34.949		3.24896		28.6216		15.4977		13.9688		1.73434e-06		10.7668		11.6524		8.40343		16.9692
247		40.2232		3.78896		33.1017		18.0816		15.848		5.54246e-09		14.3276		13.9343		10.1453		19.1674
248		39.8926		3.75987		32.9378		17.9625		15.7003		5.45986e-09		14.5004		13.8472		10.0873		19.0906
249		42.113		4.00258		34.7886		19.0495		16.4529		3.42206e-06		16.4534		14.672		10.6694		20.1167
250		41.8856		4.00193		34.5528		18.9716		16.4132		3.05263e-06		16.1635		14.6354		10.6334		19.9174
251		42.7432		4.10694		35.4728		19.4368		16.7063		3.86549e-08		17.4		15.0751		10.9682		20.3977
252		41.2853		3.90622		34.1551		18.6872		16.2362		1.64673e-08		15.5536		14.42		10.5138		19.735
253		38.8695		3.64757		31.932		17.4344		15.3678		7.15856e-07		13.4524		13.3918		9.74423		18.5402
254		36.4383		3.41507		29.86		16.2669		14.4803		1.78517e-08		11.7253		12.3583		8.94322		17.5017
255		40.3129		3.80592		33.1963		18.1339		15.8287		1.57366e-07		14.4912		14.0095		10.2036		19.1868
256		41.9957		3.99158		34.6392		19.0043		16.431		3.23595e-08		16.4879		14.6775		10.6859		19.9618
257		35.6291		3.34866		29.1731		15.9496		14.2325		1.59711e-07		11.3721		12.0698		8.72112		17.1034
258		39.4381		3.71547		32.4087		17.7486		15.5589		3.39898e-08		14.0045		13.7117		9.99623		18.697
259		40.6968		3.86529		33.7321		18.4472		16.0366		1.51936e-06		15.2489		14.2482		10.3829		19.4839
260		40.488		3.8438		33.5025		18.2787		15.949		9.53389e-10		14.9589		14.0793		10.2355		19.4232
261		42.6948		4.04803		35.2856		19.322		16.697		3.35692e-07		16.7685		14.9106		10.8625		20.3751
262		39.1625		3.69191		32.1999		17.6149		15.473		5.78955e-07		13.6228		13.5774		9.88546		18.6226
263		36.6233		3.4115		30.0071		16.3147		14.5252		3.01741e-07		11.823		12.4062		8.99469		17.6009
264		38.2876		3.58852		31.493		17.102		15.1566		1.09518e-08		12.7261		13.0899		9.50133		18.4031
265		37.6519		3.50826		30.9606		16.8122		14.9354		2.68515e-09		12.5297		12.849		9.34071		18.1116
266		37.5875		3.5315		31.0579		16.891		14.9266		6.68607e-07		12.832		12.9611		9.42961		18.0968
267		37.6996		3.52575		30.9994		16.838		14.9318		1.10769e-10		12.4963		12.8787		9.35298		18.1207
268		41.5155		3.94775		34.355		18.7974		16.3427		3.23632e-08		15.7603		14.5092		10.5615		19.8458
269		39.9538		3.76184		33.0103		18.0104		15.7347		2.5439e-08		14.5265		13.8794		10.1176		19.1308
270		39.787		3.77568		32.8061		17.9482		15.6631		6.00891e-08		14.4793		13.8712		10.0955		18.9349
271		38.5898		3.61775		31.816		17.3693		15.3103		9.44214e-07		13.3123		13.3834		9.76568		18.4325
272		35.8902		3.36559		29.3766		16.0442		14.3409		1.90905e-08		11.5156		12.0933		8.7277		17.2833
273		45.1929		4.35552		37.4011		20.5911		17.5698		3.25336e-07		19.4556		16.1258		11.7703		21.2753
274		37.0021		3.46144		30.3613		16.5052		14.679		6.7121e-09		12.0527		12.5774		9.11598		17.7838
275		41.0438		3.88068		33.9486		18.5607		16.1378		6.12576e-07		15.5125		14.3094		10.4287		19.6392
276		39.7545		3.71907		32.7081		17.8754		15.6977		2.61006e-08		14.3208		13.7656		10.0465		18.9425
277		42.2667		3.97519		34.8145		19.0836		16.5548		2.50554e-09		16.287		14.6741		10.6989		20.1404
278		40.8465		3.87344		33.8077		18.4858		16.0714		4.25142e-10		15.267		14.2666		10.3931		19.5411
279		35.5856		3.32945		29.2181		15.8748		14.2439		6.48704e-09		11.2205		11.9096		8.58011		17.3086
280		41.0574		3.88947		34.0213		18.5944		16.1483		6.73422e-09		15.5414		14.362		10.4725		19.6593
281		37.5138		3.50205		30.8675		16.769		14.8806		1.39281e-07		12.4796		12.8209		9.31885		18.0466
282		41.6013		3.9544		34.3902		18.825		16.329		5.61054e-10		15.7189		14.5348		10.5804		19.8553
283		38.9294		3.65349		32.0527		17.4999		15.394		8.17748e-08		13.4442		13.4788		9.82528		18.5739
284		41.7399		3.96562		34.4797		18.9125		16.3814		9.39435e-08		16.0773		14.5969		10.6313		19.8828
285		42.6389		4.08881		35.3256		19.3575		16.6623		1.92948e-06		16.9468		15.0103		10.9215		20.3152
286		42.5308		4.04452		35.2737		19.3042		16.6224		3.49976e-07		17.0815		14.946		10.9015		20.3276
287		39.1388		3.67661		32.0904		17.5702		15.4511		5.81504e-08		13.5471		13.5258		9.84922		18.5646
288		39.2582		3.70484		32.2643		17.6555		15.4962		1.13768e-08		13.7058		13.6177		9.9129		18.6465
289		38.0555		3.5541		31.2984		17.0052		15.0724		1.07679e-07		12.6773		13.0143		9.46021		18.2841
290		38.5684		3.61649		31.753		17.3259		15.3026		1.83061e-07		13.2868		13.3078		9.69134		18.4451
291		38.0244		3.58189		31.3982		17.0753		15.089		5.63524e-07		12.8654		13.1085		9.52656		18.2898
292		43.1763		4.14186		35.9131		19.6788		16.8626		2.79266e-08		17.737		15.3495		11.2077		20.5636
293		40.7685		3.88321		33.8394		18.4746		16.0653		1.16949e-06		15.1456		14.2541		10.3709		19.5853
294		42.3617		4.05753		34.9809		19.214		16.5722		6.51759e-08		16.5124		14.8486		10.7911		20.1323
295		40.6568		3.86364		33.6848		18.3868		15.9955		2.22828e-09		15.084		14.2018		10.3382		19.483
296		42.4966		4.06741		35.0573		19.2418		16.59		1.63284e-09		16.7256		14.837		10.7696		20.2203
297		39.7244		3.73689		32.6815		17.867		15.6658		8.8604e-07		14.2413		13.7936		10.0567		18.8879
298		34.8504		3.26201		28.5593		15.4808		13.9106		7.14094e-08		10.7409		11.6741		8.4121		16.8852
299		38.0285		3.58887		31.4339		17.1352		15.091		4.07827e-09		13.1095		13.1768		9.58789		18.2572
300		40.8009		3.864		33.7948		18.458		16.0322		2.81441e-07		15.3348		14.2397		10.3757		19.5551
301		39.584		3.73108		32.5001		17.7995		15.594		1.36814e-09		14.1084		13.738		10.007		18.7621
302		39.2202		3.69596		32.2315		17.6353		15.4905		2.34509e-07		13.6858		13.5988		9.90286		18.6327
303		42.5754		4.0745		35.3067		19.3433		16.6645		1.52677e-08		16.9277		14.9893		10.9148		20.3174
304		39.4613		3.71038		32.3681		17.7267		15.567		8.69143e-09		13.8243		13.6704		9.96005		18.6977
305		44.2198		4.23661		36.5899		20.1222		17.2214		1.98641e-07		18.7711		15.7221		11.4855		20.8678
306		38.2055		3.57954		31.4497		17.0893		15.1521		9.49908e-08		12.8529		13.0775		9.49796		18.3722
307		44.611		4.33201		36.9559		20.3401		17.3196		1.60175e-08		19.1681		15.9325		11.6005		21.0234
308		38.7497		3.64748		31.8795		17.4365		15.3406		4.98929e-09		13.4736		13.4317		9.78425		18.4478
309		38.8141		3.65597		31.9822		17.4615		15.3798		9.94433e-10		13.4917		13.4299		9.77392		18.5523
310		40.3857		3.80298		33.1937		18.138		15.889		2.03878e-08		14.4887		13.9778		10.1748		19.216
311		38.5012		3.62859		31.7684		17.2845		15.255		3.6539e-07		13.1066		13.2696		9.64097		18.4989
312		42.5908		4.05124		35.1618		19.2923		16.6529		2.90409e-08		16.614		14.8672		10.8159		20.2946
313		41.6393		3.95748		34.4724		18.8453		16.3644		4.02815e-07		15.7478		14.5355		10.578		19.9369
314		38.0656		3.59331		31.3823		17.09		15.0872		7.56282e-08		12.9225		13.1221		9.52882		18.2602
315		39.8265		3.73705		32.7698		17.9068		15.7007		3.69386e-08		14.3012		13.7999		10.0629		18.9699
316		42.2801		4.02303		34.8078		19.1382		16.5312		5.30768e-08		16.5674		14.7741		10.7511		20.0337
317		40.3028		3.76454		33.1407		18.0855		15.8809		1.71187e-08		14.32		13.9327		10.1682		19.208
318		49.2363		5.08053		41.196		22.8125		18.8552		2.28411e-07		28.2008		18.2199		13.1394		22.9761
319		37.385		3.48172		30.7041		16.6816		14.8365		7.50106e-07		12.2921		12.7446		9.26287		17.9595
320		40.8583		3.87446		33.797		18.4444		16.0618		1.96311e-06		15.05		14.2422		10.3677		19.5548
321		40.5468		3.81417		33.5537		18.2995		15.988		7.26426e-07		14.9427		14.1113		10.2971		19.4424
322		39.7822		3.74076		32.7394		17.8965		15.6659		2.16123e-08		14.1559		13.8144		10.0736		18.925
323		40.1925		3.80121		33.1643		18.1136		15.8281		3.92739e-06		14.6629		13.9678		10.1666		19.1965
324		38.575		3.63841		31.8855		17.3743		15.3255		2.28936e-07		13.2468		13.34		9.70164		18.5454
325		43.6287		4.20505		36.1491		19.8503		17.0075		4.80918e-07		18.181		15.4685		11.2635		20.6806
326		42.4106		4.05958		34.9877		19.2136		16.5813		1.045e-07		16.8225		14.8048		10.7452		20.1829
327		34.0882		3.20996		27.9516		15.098		13.605		8.36252e-07		10.2349		11.4608		8.25084		16.4908
328		38.8479		3.68157		32.0288		17.507		15.3706		1.24009e-06		13.5507		13.489		9.80746		18.5398
329		38.118		3.58079		31.3957		17.0859		15.1085		6.60136e-07		12.8849		13.1084		9.52765		18.2872
330		38.6261		3.61809		31.8467		17.3597		15.3197		3.20719e-10		13.344		13.3335		9.71545		18.5132
331		41.6506		3.96359		34.428		18.8343		16.3202		1.22323e-09		15.7251		14.537		10.5734		19.8911
332		38.1296		3.56818		31.3897		17.0599		15.1155		1.28355e-07		12.825		13.0716		9.50341		18.3181
333		41.7313		3.96622		34.496		18.8819		16.3445		1.09829e-09		15.9187		14.5769		10.6107		19.9191
334		42.5941		4.05978		35.3427		19.3509		16.6413		2.81285e-07		17.3039		15.0091		10.9493		20.3335
335		38.5404		3.62726		31.833		17.3245		15.2817		1.06127e-07		13.2012		13.3128		9.68551		18.5202
336		38.6816		3.64013		31.807		17.3858		15.314		3.17644e-10		13.404		13.3773		9.73721		18.4297
337		42.1712		4.00796		34.7609		19.093		16.5083		5.08374e-07		16.3307		14.7374		10.7295		20.0234
338		37.7536		3.53028		31.0722		16.8727		14.956		1.57144e-07		12.5941		12.9177		9.38746		18.1544
339		42.0638		3.99611		34.6973		19.0246		16.4825		3.65348e-07		16.1427		14.6618		10.6657		20.0355
340		42.0246		3.96944		34.6179		18.9588		16.4423		5.18862e-09		16.1211		14.6103		10.6409		20.0076
341		39.8698		3.73721		32.7538		17.8882		15.7061		1.40004e-08		14.1261		13.7745		10.0373		18.9793
342		43.1288		4.11024		35.6529		19.555		16.8595		2.87722e-09		17.0432		15.141		11.0308		20.5119
343		40.5828		3.82064		33.6169		18.3482		16.0464		1.31273e-09		15.098		14.1057		10.2851		19.5112
344		39.5547		3.71192		32.4488		17.7635		15.581		4.38602e-08		13.9721		13.6967		9.98474		18.7521
345		41.6128		3.95442		34.3962		18.8395		16.3556		1.56562e-06		15.8404		14.5279		10.5734		19.8684
346		41.8531		3.97414		34.4819		18.922		16.3968		4.8543e-07		16.076		14.5827		10.6085		19.8992
347		43.1727		4.12704		35.7399		19.5803		16.8439		1.43196e-08		17.4805		15.1762		11.0492		20.5636
348		41.7376		3.97975		34.5038		18.927		16.3585		7.43917e-07		16.0336		14.6554		10.6757		19.8484
349		35.0622		3.26834		28.7479		15.5444		13.9897		1.31148e-07		10.7815		11.728		8.45963		17.0199
350		45.0987		4.35952		37.3591		20.5656		17.5446		7.74879e-10		19.6526		16.0926		11.733		21.2665
351		40.9477		3.89619		33.8944		18.5204		16.1357		2.18574e-07		15.0892		14.2772		10.381		19.6172
352		38.6098		3.64415		31.7747		17.3782		15.3003		3.00441e-07		13.3093		13.3729		9.72879		18.4017
353		41.3373		3.9086		34.2235		18.7044		16.282		2.82436e-07		15.597		14.4171		10.5085		19.8064
354		43.6798		4.20271		36.165		19.8584		16.9973		7.80978e-08		18.2953		15.4896		11.2869		20.6753
355		45.0612		4.35865		37.3845		20.5608		17.5006		7.52535e-07		19.7102		16.1162		11.7576		21.2683
356		42.0624		4.00234		34.6436		19.0341		16.4504		3.92646e-07		16.4318		14.6824		10.68		19.9613
357		41.0956		3.86189		34.0463		18.5687		16.2181		1.29179e-08		15.2141		14.3206		10.4587		19.7256
358		43.7263		4.18896		36.2953		19.8959		17.0483		3.06447e-08		18.0164		15.5339		11.3449		20.7615
359		44.1101		4.28002		36.6606		20.1232		17.1652		1.57084e-06		18.5902		15.7472		11.4671		20.9134
360		41.6607		3.95657		34.3504		18.8421		16.3435		1.8869e-07		15.7532		14.5252		10.5687		19.8251
361		42.5229		4.06179		35.0814		19.25		16.6605		6.67571e-08		16.3563		14.8511		10.7893		20.2303
362		43.0658		4.14016		35.8063		19.6223		16.8394		2.91708e-09		17.6704		15.2709		11.1308		20.5353
363		42.5868		4.08369		35.3789		19.3938		16.6837		1.31596e-07		17.19		15.0432		10.9595		20.3357
364		41.1501		3.91383		34.0394		18.6321		16.1541		8.25337e-07		15.6231		14.3975		10.4837		19.6419
365		38.103		3.55296		31.3501		17.0139		15.0971		1.20781e-06		12.6399		13.0096		9.45662		18.3406
366		42.6942		4.07862		35.1814		19.3259		16.7041		1.30134e-07		16.7769		14.8867		10.8081		20.2947
367		40.3945		3.81844		33.306		18.1929		15.8571		1.56817e-09		14.6796		14.084		10.2656		19.222
368		44.766		4.32977		37.1966		20.4471		17.3932		1.79796e-08		19.5084		16.0425		11.7128		21.1541
369		36.1683		3.38108		29.5301		16.1232		14.4111		1.7219e-09		11.6134		12.1863		8.80517		17.3439
370		40.48		3.81816		33.3659		18.219		15.9238		4.64864e-08		14.7322		14.067		10.2488		19.2989
371		39.7246		3.73406		32.6692		17.8597		15.6518		9.79724e-09		14.1031		13.7769		10.0429		18.8922
372		39.914		3.75362		32.8404		17.9422		15.7047		5.66725e-09		14.2899		13.8383		10.0847		19.0021
373		42.3796		4.05242		34.902		19.1987		16.5895		5.00395e-08		16.4884		14.8102		10.7578		20.0917
374		40.7137		3.8329		33.6719		18.3507		16.0167		2.38085e-07		14.8383		14.1626		10.3297		19.5093
375		37.2459		3.47796		30.513		16.586		14.7613		1.67142e-07		12.2256		12.616		9.13802		17.8971
376		40.3235		3.82399		33.2984		18.1944		15.8547		5.41569e-09		14.7653		14.0707		10.2467		19.2277
377		43.3325		4.16548		36.0236		19.7478		16.956		1.93068e-08		17.9837		15.378		11.2125		20.6456
378		37.4576		3.51736		30.8084		16.7497		14.8452		3.60945e-09		12.5169		12.8183		9.30091		17.9901
379		39.0566		3.66611		32.0401		17.5413		15.4232		2.0604e-09		13.7188		13.5212		9.85514		18.5188
380		39.6964		3.7193		32.5105		17.8179		15.6727		2.11116e-08		13.9036		13.7252		10.0059		18.7853
381		43.4919		4.20843		36.1856		19.8284		17.0068		1.13358e-09		17.8594		15.427		11.2186		20.7586
382		40.5262		3.82541		33.4758		18.2668		15.9494		6.3533e-08		14.8756		14.0881		10.2627		19.3877
383		42.0831		3.99606		34.6105		19.0281		16.4834		6.96218e-08		16.305		14.6681		10.672		19.9424
384		42.8673		4.09586		35.555		19.4647		16.7416		5.92522e-07		17.1813		15.0881		10.9922		20.4669
385		42.2429		4.00666		34.8428		19.1122		16.5183		5.13073e-08		16.4521		14.7362		10.7296		20.1065
386		36.5538		3.41743		29.919		16.3154		14.5484		3.81908e-09		11.7729		12.3602		8.9428		17.5588
387		39.8282		3.75011		32.668		17.8898		15.6989		1.44791e-08		14.0721		13.7915		10.0414		18.8765
388		41.631		3.96788		34.4519		18.8667		16.3629		4.60964e-06		15.9752		14.5704		10.6026		19.8815
389		41.9297		3.98		34.6565		18.9728		16.443		2.48464e-07		15.9766		14.6616		10.6816		19.9949
390		40.8333		3.86632		33.802		18.4594		16.0857		1.35206e-06		15.2572		14.252		10.3857		19.55
391		40.5934		3.84442		33.6139		18.3745		15.9728		2.05516e-10		15.158		14.1793		10.3349		19.4346
392		39.5531		3.71237		32.441		17.7676		15.6108		7.35698e-11		13.9362		13.6788		9.96642		18.7622
393		38.1506		3.59789		31.5451		17.1934		15.1573		1.73682e-07		13.0615		13.2335		9.63561		18.3116
394		36.4666		3.4097		29.8867		16.2568		14.4946		5.53049e-08		11.901		12.3209		8.91117		17.5659
395		39.746		3.71858		32.6219		17.8487		15.694		1.53636e-09		13.8642		13.7359		10.0173		18.886
396		39.396		3.71963		32.3319		17.7188		15.5479		6.16467e-07		13.9102		13.6611		9.94148		18.6708
397		41.5341		3.93493		34.3262		18.7728		16.2932		5.50831e-07		15.6527		14.4878		10.5528		19.8385
398		43.9724		4.25531		36.4549		20.031		17.1219		1.93506e-08		18.5083		15.6373		11.382		20.8176
399		34.5313		3.2213		28.2805		15.3026		13.7708		1.66302e-09		10.6111		11.5321		8.31083		16.7484
400		38.4235		3.60551		31.6758		17.2543		15.2481		2.34043e-09		13.0922		13.2416		9.63605		18.4342
401		39.4749		3.7153		32.3482		17.7252		15.561		9.529e-09		13.8611		13.6605		9.94522		18.6876
402		41.0671		3.8962		34.0576		18.5941		16.2079		2.78283e-06		15.4865		14.3265		10.4303		19.7311
403		39.7402		3.73494		32.7153		17.8638		15.6651		8.98708e-08		14.225		13.7611		10.0261		18.9542
404		38.1359		3.57077		31.4758		17.1167		15.1394		2.21624e-08		13.0034		13.132		9.56123		18.3437
405		43.857		4.24463		36.2967		19.9779		17.0516		6.38679e-10		18.7947		15.6382		11.3936		20.6585
406		43.7476		4.1949		36.2971		19.9007		17.0586		6.87176e-08		18.0658		15.521		11.3261		20.7761
407		39.4709		3.70218		32.4136		17.738		15.5669		1.6928e-09		14.0772		13.673		9.97083		18.7406
408		45.0898		4.35543		37.263		20.5199		17.5025		9.40935e-09		19.4251		16.0438		11.6883		21.2193
409		38.9231		3.65355		31.9523		17.474		15.42		2.96572e-10		13.4369		13.4209		9.76734		18.5314
410		38.6118		3.64064		31.7167		17.3487		15.2457		9.385e-08		13.4274		13.3641		9.72346		18.3526
411		38.3766		3.62736		31.6097		17.272		15.1954		2.58098e-07		13.1661		13.2923		9.6649		18.3174
412		40.9381		3.85635		33.9733		18.5265		16.1549		5.06705e-10		15.4225		14.2715		10.4151		19.7019
413		44.7709		4.32479		37.0956		20.4307		17.3842		7.36243e-11		19.3466		16.0219		11.6971		21.0737
414		39.2474		3.69655		32.181		17.6506		15.4851		3.05665e-07		13.782		13.6086		9.91206		18.5724
415		39.5636		3.70535		32.435		17.7696		15.6116		1.01803e-07		13.9026		13.6923		9.98691		18.7427
416		40.5808		3.82824		33.5613		18.3263		16.0416		1.92959e-07		14.9455		14.0998		10.2716		19.4615
417		39.4571		3.72101		32.3526		17.7222		15.5353		2.03532e-07		13.9001		13.6621		9.94108		18.6905
418		41.1604		3.90828		34.0235		18.6336		16.1389		2.18363e-08		15.5796		14.3998		10.4915		19.6238
419		39.0862		3.67185		32.0325		17.542		15.4364		2.13969e-07		13.6363		13.4956		9.82371		18.5369
420		46.9453		4.64612		39.1499		21.581		18.1393		1.01557e-07		22.5692		16.9993		12.3531		22.1506
421		42.8583		4.09404		35.6067		19.5021		16.7919		2.16333e-06		17.5332		15.1329		11.0389		20.4738
422		39.4837		3.69057		32.3708		17.7065		15.5719		3.34141e-07		14.014		13.6318		9.94126		18.739
423		41.024		3.87875		33.8449		18.5388		16.11		7.46596e-08		15.5771		14.2814		10.4027		19.5635
424		37.5425		3.52617		30.8753		16.7821		14.8678		3.15027e-09		12.4973		12.8399		9.31374		18.0354
425		41.811		3.97695		34.4623		18.9367		16.3719		3.91695e-08		16.2734		14.6174		10.6404		19.845
426		40.4933		3.80388		33.4347		18.2376		15.957		2.1112e-08		14.6832		14.0597		10.2558		19.375
427		43.8891		4.21409		36.3843		19.9525		17.0985		1.78309e-07		18.3563		15.5716		11.3575		20.8126
428		39.8747		3.74277		32.717		17.9171		15.707		6.43617e-07		14.0498		13.8224		10.0797		18.8945
429		40.2977		3.80355		33.3723		18.2202		15.9011		6.75209e-08		14.8568		14.0606		10.2571		19.3117
430		39.8326		3.73259		32.7231		17.8733		15.7156		3.30916e-07		14.0608		13.7405		10.0079		18.9826
431		41.0877		3.88961		33.9589		18.5869		16.1553		1.98447e-09		15.4876		14.3321		10.4425		19.6268
432		40.6702		3.86197		33.7227		18.4143		16.0603		2.47245e-07		15.0905		14.188		10.3261		19.5347
433		41.4047		3.93188		34.2504		18.7264		16.2604		4.78114e-07		15.7102		14.4577		10.5259		19.7927
434		37.5188		3.51133		30.8368		16.7525		14.8577		3.37406e-06		12.4639		12.8111		9.29979		18.0256
435		36.6006		3.42103		29.9785		16.3223		14.5442		2.31327e-08		11.8808		12.3921		8.97108		17.5864
436		39.7886		3.72302		32.7861		17.8723		15.6795		2.5817e-09		14.2721		13.7507		10.0277		19.0354
437		37.2566		3.47953		30.5601		16.6073		14.7836		1.13949e-06		12.1517		12.6506		9.17108		17.9095
438		42.0031		3.98494		34.6324		18.9875		16.4618		1.91862e-07		16.1044		14.6515		10.6665		19.981
439		40.8367		3.87213		33.781		18.4363		16.0639		2.21638e-06		15.0157		14.2373		10.3652		19.5437
440		38.0827		3.56406		31.4127		17.0504		15.0944		4.60861e-07		12.7958		13.046		9.4819		18.3667
441		42.2317		4.01498		34.7536		19.103		16.521		4.29886e-07		16.4873		14.7294		10.7144		20.0242
442		37.4289		3.50124		30.7881		16.74		14.8319		3.35074e-08		12.5395		12.832		9.33079		17.9561
443		47.1297		4.68929		39.3328		21.6942		18.225		3.35198e-06		23.3975		17.0755		12.3862		22.2572
444		41.4341		3.91873		34.2425		18.7271		16.2776		1.69841e-06		15.6741		14.439		10.5203		19.8035
445		45.9801		4.53042		38.2767		21.0732		17.7626		3.70678e-10		20.7942		16.6237		12.0933		21.653
446		38.6787		3.64374		31.8101		17.4004		15.3187		4.18606e-09		13.4899		13.3973		9.75355		18.4129
447		47.4839		4.73986		39.5969		21.8514		18.3206		7.96199e-08		23.4527		17.2128		12.4729		22.3841
448		43.4775		4.18396		36.1159		19.7896		17.0038		3.13116e-11		17.861		15.3804		11.1964		20.7355
449		44.3503		4.30704		36.7031		20.2017		17.2545		3.37204e-07		19.0976		15.7673		11.4603		20.9358
450		36.7489		3.42226		30.083		16.3643		14.5973		3.23516e-08		11.9455		12.4047		8.98243		17.6783
451		41.9766		3.98123		34.7189		19.0207		16.4283		1.04249e-07		16.3913		14.6901		10.7089		20.0288
452		41.4252		3.94058		34.2207		18.7479		16.2387		1.88377e-08		15.7099		14.4802		10.5396		19.7405
453		42.5965		4.06615		35.1601		19.2817		16.6409		1.11259e-07		16.7054		14.8647		10.7986		20.2953
454		43.1091		4.15156		35.8405		19.6567		16.8272		4.85204e-09		17.7418		15.3245		11.1729		20.516
455		39.7195		3.74194		32.6062		17.8421		15.626		1.37465e-07		14.0542		13.7685		10.0266		18.8377
456		40.4765		3.84507		33.5711		18.3161		15.9546		4.35207e-09		15.0778		14.1097		10.2647		19.4614
457		38.4973		3.64383		31.7894		17.3424		15.2898		1.01354e-06		13.2026		13.3408		9.697		18.4486
458		45.9277		4.51235		38.2674		21.0656		17.7569		1.04674e-08		21.5959		16.592		12.0797		21.6754
459		42.6697		4.05329		35.1929		19.3397		16.7298		3.84899e-10		16.5151		14.9264		10.8731		20.2666
460		40.0787		3.77797		33.0677		18.0514		15.7444		4.84474e-08		14.5207		13.9442		10.1662		19.1235
461		38.1735		3.60815		31.5373		17.1759		15.1518		3.82247e-09		13.1193		13.1943		9.58611		18.3431
462		40.1484		3.81548		33.2899		18.1969		15.8328		3.01769e-08		15.1207		14.0384		10.2229		19.2515
463		36.4494		3.41232		29.8776		16.27		14.5048		1.05852e-06		11.7012		12.3089		8.8966		17.5687
464		42.1685		4.03348		34.7912		19.1283		16.5209		1.70949e-07		16.5122		14.7608		10.7274		20.0304
465		42.9738		4.10417		35.6249		19.5258		16.8493		3.47032e-07		17.29		15.1246		11.0205		20.5003
466		36.9326		3.44513		30.2635		16.4578		14.6697		2.24255e-09		12.0622		12.5201		9.07493		17.7434
467		44.7928		4.33877		37.1297		20.4366		17.4023		2.98316e-06		19.5715		16.0173		11.6785		21.1124
468		37.7661		3.54884		31.1039		16.9044		14.9537		4.5086e-07		12.7869		12.9575		9.4087		18.1464
469		40.4437		3.83425		33.3713		18.231		15.9322		4.82572e-08		14.6196		14.0697		10.2355		19.3015
470		40.3789		3.81249		33.3455		18.191		15.8848		1.63408e-08		14.7327		14.0391		10.2266		19.3064
471		45.8162		4.47133		38.1082		20.9583		17.7705		6.2398e-09		20.8761		16.4662		11.9949		21.6421
472		40.6925		3.84631		33.5461		18.3294		15.9825		1.71101e-08		14.8153		14.176		10.3297		19.3701
473		38.1418		3.58438		31.4836		17.1237		15.1493		2.00457e-07		12.9717		13.1381		9.55368		18.3455
474		37.8847		3.56094		31.1387		16.9327		14.998		9.23341e-09		12.6782		12.9677		9.40675		18.171
475		38.0421		3.5685		31.3195		17.0168		15.0795		1.53037e-09		12.7566		13.0442		9.47572		18.2753
476		41.2564		3.91514		34.1143		18.6592		16.179		2.0991e-07		15.6851		14.4014		10.4863		19.7129
477		43.8005		4.22082		36.3621		19.9582		17.0507		7.9058e-07		18.4236		15.609		11.3882		20.753
478		40.2234		3.78144		33.1676		18.1065		15.8471		8.64747e-12		14.6314		13.955		10.1736		19.2126
479		37.1371		3.49833		30.4267		16.5854		14.7511		8.78735e-09		12.093		12.5991		9.10078		17.8276
480		40.1762		3.79092		33.1325		18.0991		15.8549		2.80772e-10		14.5735		13.9435		10.1526		19.1889
481		40.5403		3.82628		33.5536		18.312		15.972		5.69857e-07		14.9882		14.1242		10.2979		19.4294
482		43.645		4.21189		36.1972		19.8839		16.9812		9.97528e-08		18.5987		15.549		11.3371		20.6482
483		39.0081		3.65536		32.0318		17.507		15.4242		8.29853e-08		13.6909		13.4659		9.81054		18.5659
484		36.5589		3.4107		29.8914		16.2959		14.5539		1.0252e-07		11.7773		12.353		8.94227		17.5385
485		41.0764		3.87874		34.0383		18.5945		16.1556		9.87615e-09		15.3671		14.3546		10.4759		19.6837
486		39.6173		3.7123		32.5263		17.7986		15.6573		3.07729e-06		13.8287		13.7155		10.0032		18.8108
487		37.8542		3.57087		31.2252		16.9926		15.0007		2.50493e-10		12.9214		13.0411		9.47021		18.1841
488		40.1633		3.78328		33.1103		18.0828		15.8121		3.6062e-10		14.5546		13.9618		10.1785		19.1485
489		42.4282		4.03797		34.9766		19.191		16.6045		7.04144e-08		16.6143		14.7765		10.7386		20.2001
490		41.8855		3.98493		34.519		18.9491		16.4085		3.39105e-08		16.2165		14.6248		10.6398		19.8942
491		42.8042		4.08683		35.4562		19.4196		16.7287		3.46705e-08		17.0179		15.065		10.9782		20.3912
492		41.2066		3.93268		34.0914		18.669		16.2036		9.29525e-09		15.6799		14.4129		10.4803		19.6785
493		34.7623		3.24354		28.45		15.4072		13.8821		8.72656e-08		10.6566		11.6171		8.37355		16.8329
494		44.241		4.25496		36.6554		20.1509		17.1742		9.51673e-08		19.1618		15.7802		11.5253		20.8751
495		36.7293		3.43395		30.0887		16.3777		14.5964		3.40578e-08		11.9094		12.4228		8.98883		17.6659
496		41.8062		3.95794		34.4654		18.9031		16.4296		7.89e-08		15.9159		14.5708		10.6129		19.8946
497		42.9396		4.10585		35.6546		19.5464		16.822		3.93117e-08		17.2372		15.1898		11.084		20.4648
498		43.7666		4.19997		36.2963		19.9229		17.0571		3.48534e-08		18.3073		15.5635		11.3635		20.7328
499		40.3566		3.82984		33.3719		18.2329		15.8897		4.64338e-09		14.8308		14.1048		10.2749		19.2672
500		43.0058		4.10181		35.5251		19.4902		16.8046		8.75799e-07		16.9988		15.0659		10.9641		20.4592
