1		54.7072		6.06959		46.1414		25.8291		20.5597		5.43537e-06		54.1662		21.1594		15.0898		24.982
2		53.7481		5.90178		45.3526		25.3133		20.244		2.7054e-06		48.0796		20.6554		14.7537		24.6971
3		54.1256		5.96577		45.7178		25.5274		20.3856		7.86943e-06		51.4807		20.8625		14.8968		24.8552
4		55.3497		6.16927		46.7244		26.1632		20.7482		3.00414e-06		58.7465		21.4765		15.3073		25.2479
5		54.6734		6.0747		46.1748		25.8424		20.5574		3.25887e-06		52.9593		21.1808		15.1061		24.994
6		55.3329		6.13436		46.7473		26.1795		20.7931		5.29269e-06		57.2076		21.4953		15.361		25.252
7		52.891		5.78438		44.6061		24.8771		19.96		3.83661e-08		45.2099		20.235		14.4506		24.3711
8		54.2288		5.92818		45.7065		25.5134		20.4231		3.82634e-10		46.7102		20.8275		14.8993		24.879
9		57.0494		6.52825		48.3836		27.1462		21.2976		1.28852e-07		76.3357		22.4273		15.899		25.9563
10		54.3324		6.0091		45.8827		25.6511		20.4314		2.37638e-07		52.8252		20.993		14.9839		24.8896
11		53.9805		5.94595		45.5466		25.4392		20.3282		1.58843e-06		48.1388		20.7811		14.8351		24.7655
12		55.9964		6.28839		47.2593		26.4721		20.9556		1.50142e-08		63.2299		21.7193		15.4309		25.54
13		58.5316		6.84722		49.7099		28.0092		21.7535		6.04791e-07		251.154		23.2502		16.403		26.4597
14		53.3452		5.84499		44.9765		25.117		20.1274		2.03689e-07		47.3478		20.4776		14.6326		24.4989
15		54.538		6.00479		46.0627		25.7261		20.5471		4.85145e-08		50.663		21.0251		15.0203		25.0376
16		55.8229		6.20265		47.1429		26.3849		20.9359		1.49218e-06		58.3033		21.6535		15.4508		25.4895
17		54.4147		6.03798		45.9145		25.6924		20.4736		1.09066e-07		52.196		21.0224		14.9844		24.8921
18		53.7798		5.88119		45.3118		25.2817		20.2783		2.0839e-08		46.6966		20.6203		14.7391		24.6916
19		54.1074		5.97085		45.6362		25.4977		20.4022		1.75191e-10		48.4152		20.7818		14.8109		24.8545
20		54.6079		6.04558		46.0384		25.7917		20.5314		1.35789e-06		54.6458		21.1455		15.0999		24.893
21		53.9306		5.97477		45.5408		25.4657		20.3212		1.42625e-08		51.6226		20.8126		14.8379		24.7282
22		55.6482		6.18351		46.9488		26.3006		20.9259		1.56637e-07		57.9653		21.5557		15.3722		25.3931
23		53.8278		5.91465		45.3927		25.3861		20.2672		5.59207e-06		51.8159		20.7806		14.866		24.612
24		53.5144		5.80259		45.0977		25.1354		20.1817		1.25568e-05		44.6765		20.4654		14.6628		24.6323
25		52.148		5.62397		43.8461		24.4467		19.7356		5.15476e-07		40.6094		19.8309		14.207		24.0152
26		54.1778		5.9654		45.763		25.5685		20.4108		3.7953e-06		49.9945		20.8925		14.9271		24.8705
27		53.9502		5.93739		45.5583		25.4395		20.3097		5.36075e-06		48.7504		20.7806		14.8433		24.7777
28		56.0109		6.2915		47.3224		26.5293		21.0071		5.97544e-06		63.1475		21.7996		15.5081		25.5228
29		55.6055		6.23271		46.9481		26.3122		20.8392		6.82011e-07		62.5314		21.6218		15.389		25.3264
30		54.5832		6.04155		46.0599		25.7469		20.528		8.21441e-08		51.1429		21.0287		14.9872		25.0311
31		54.0356		5.89221		45.5879		25.4038		20.3763		1.54644e-06		48.1577		20.6842		14.792		24.9037
32		54.7302		6.08445		46.1658		25.8297		20.5316		5.17577e-10		55.7187		21.1665		15.082		24.9994
33		54.0238		5.92377		45.5798		25.4454		20.3661		1.58873e-07		47.8015		20.775		14.8512		24.8048
34		54.6671		6.06563		46.1801		25.8361		20.5786		3.30032e-06		51.5529		21.1371		15.0715		25.043
35		55.653		6.26822		47.0341		26.3737		20.8479		3.03522e-07		64.0392		21.6794		15.4112		25.3547
36		55.4749		6.21253		46.8339		26.2389		20.7867		4.42551e-06		61.2229		21.5508		15.3383		25.283
37		55.9894		6.34282		47.3808		26.5739		20.9102		2.20906e-06		71.0694		21.9068		15.564		25.474
38		56.0924		6.34647		47.3476		26.5659		20.9545		2.32153e-06		67.5748		21.873		15.5266		25.4745
39		54.9783		6.14522		46.3697		26.0191		20.6305		2.50818e-07		58.2447		21.3836		15.2384		24.9861
40		54.5187		6.04689		46.0397		25.7805		20.499		1.40178e-05		54.2524		21.1361		15.0892		24.9036
41		53.9386		5.95872		45.5581		25.4602		20.3532		3.08768e-08		49.5765		20.7908		14.8321		24.7673
42		54.3058		6.00209		45.8402		25.6301		20.4512		9.23114e-06		50.351		20.9557		14.9537		24.8844
43		53.8301		5.87917		45.3608		25.2917		20.2679		1.18891e-05		47.0664		20.604		14.7248		24.7568
44		52.9541		5.77102		44.6032		24.8795		20.0167		1.11574e-06		42.7139		20.2322		14.4612		24.371
45		55.0136		6.10946		46.4855		26.0122		20.7088		1.1503e-06		53.9423		21.3126		15.2031		25.1729
46		54.6202		6.09048		46.0598		25.7951		20.5353		1.17816e-08		54.4319		21.1157		15.0252		24.9441
47		55.7204		6.21833		46.9617		26.3586		20.915		7.81592e-06		58.928		21.6413		15.423		25.3203
48		53.9733		5.93458		45.5021		25.3896		20.3376		2.74868e-07		47.0039		20.6879		14.7533		24.8142
49		55.7913		6.22708		47.11		26.3759		20.9209		4.92096e-07		58.4877		21.639		15.4119		25.471
50		54.3096		6.01399		45.8756		25.6319		20.4214		1.75511e-07		53.2049		20.9532		14.9392		24.9224
51		53.5216		5.90495		45.173		25.2411		20.1611		1.06633e-06		49.0445		20.6214		14.7165		24.5516
52		54.0225		5.9525		45.6001		25.4902		20.3669		7.42068e-07		50.0514		20.8309		14.8784		24.7692
53		51.9186		5.53044		43.5653		24.2651		19.7071		6.51471e-08		37.3276		19.5783		14.0479		23.987
54		54.4928		6.06373		46.0577		25.7723		20.5043		7.91018e-07		54.4151		21.1148		15.051		24.9429
55		54.7188		6.03488		46.201		25.8319		20.6255		3.45885e-07		52.9158		21.1194		15.0845		25.0816
56		54.2865		6.00819		45.88		25.6512		20.4252		6.37392e-06		52.2562		21.0221		15.0139		24.8579
57		53.5968		5.87897		45.2121		25.233		20.2046		2.33986e-06		46.9274		20.5682		14.6892		24.6439
58		55.5223		6.22245		46.8025		26.2489		20.7923		8.18893e-07		61.9139		21.5789		15.3564		25.2236
59		54.5862		6.00898		46.0775		25.7605		20.5776		1.19362e-09		51.3103		21.051		15.042		25.0265
60		55.3869		6.17376		46.7995		26.2053		20.7919		4.00615e-07		59.567		21.5228		15.3491		25.2767
61		55.8204		6.29767		47.2201		26.4607		20.8751		3.16897e-06		67.54		21.7844		15.4867		25.4357
62		54.1563		6.01514		45.7063		25.5872		20.3482		4.17309e-06		53.3559		20.9623		14.9472		24.744
63		55.9695		6.23327		47.1854		26.4437		21.0166		7.99195e-06		59.1166		21.6921		15.4589		25.4933
64		52.9885		5.7406		44.6594		24.8821		20.0316		4.21628e-06		42.5617		20.1967		14.4561		24.4627
65		55.4952		6.21115		46.905		26.2626		20.7886		1.14643e-08		62.8708		21.5781		15.367		25.3269
66		55.4564		6.16772		46.8812		26.2191		20.8069		6.05482e-10		57.5163		21.5179		15.3501		25.3634
67		52.8339		5.72587		44.502		24.789		19.9469		9.77164e-08		42.9373		20.1344		14.4086		24.3676
68		56.3423		6.32019		47.5941		26.6754		21.0989		1.03571e-06		64.2418		21.9448		15.6246		25.6492
69		55.3756		6.21575		46.7259		26.1996		20.7494		3.40611e-06		59.0723		21.516		15.3003		25.2099
70		54.649		6.05322		46.1173		25.7941		20.5007		8.62837e-07		55.0077		21.1307		15.0775		24.9865
71		55.9047		6.25238		47.1686		26.4485		20.9591		3.36505e-06		62.6758		21.733		15.4806		25.4356
72		55.5043		6.18862		46.8671		26.257		20.8346		2.82009e-05		56.3718		21.5546		15.366		25.3125
73		54.6582		6.10587		46.1127		25.8468		20.511		2.35665e-09		56.1696		21.2147		15.1088		24.898
74		53.2522		5.79953		44.9137		25.0427		20.1045		9.57652e-08		45.2391		20.3825		14.5829		24.5312
75		55.1662		6.14737		46.5322		26.072		20.6825		1.66636e-06		59.0662		21.4092		15.2618		25.123
76		52.6711		5.68903		44.3211		24.6783		19.9069		2.95514e-08		42.6195		20.0191		14.3301		24.3019
77		55.0517		6.08049		46.4738		25.9504		20.6936		3.81563e-07		51.778		21.2226		15.1421		25.2512
78		54.5236		6.11856		46.0136		25.799		20.4428		1.41419e-06		55.9663		21.1879		15.0693		24.8257
79		54.0446		5.97477		45.6473		25.5346		20.3582		1.45406e-05		50.9307		20.9027		14.928		24.7446
80		53.9375		5.95025		45.5087		25.4456		20.3386		5.71169e-06		51.4538		20.7897		14.8394		24.7191
81		55.4959		6.2117		46.867		26.2566		20.8		5.87292e-06		59.9565		21.5798		15.3681		25.2872
82		54.941		6.09346		46.365		25.9463		20.6472		3.29193e-06		53.6187		21.2433		15.1498		25.1217
83		55.7111		6.26379		47.0405		26.388		20.871		3.29825e-06		64.0441		21.7087		15.4449		25.3318
84		54.4966		6.03148		46.0264		25.7319		20.4762		3.17309e-05		53.0285		21.0804		15.0489		24.946
85		54.0363		5.9236		45.5817		25.4222		20.3501		7.34867e-06		47.9857		20.7337		14.8101		24.848
86		56.5541		6.38223		47.8349		26.8338		21.1426		2.49387e-06		72.6724		22.1309		15.7486		25.704
87		57.2042		6.5607		48.4667		27.2282		21.2965		6.00734e-06		83.8709		22.5272		15.9665		25.9394
88		56.2993		6.37483		47.5679		26.6581		21.0283		6.22584e-07		67.9356		21.94		15.5652		25.6279
89		56.6101		6.45262		47.8866		26.8944		21.1226		2.38459e-12		76.3103		22.2174		15.7647		25.6692
90		54.2968		5.96083		45.8122		25.5799		20.4442		1.54797e-07		51.0378		20.8765		14.9157		24.9357
91		52.5091		5.68608		44.1977		24.6385		19.8635		2.65241e-05		41.4485		20.001		14.3149		24.1967
92		54.2099		5.9962		45.7329		25.5731		20.4128		2.04316e-06		51.9729		20.9036		14.9074		24.8293
93		55.3021		6.20461		46.7803		26.2159		20.7065		6.16525e-08		62.9305		21.6152		15.4106		25.1651
94		54.5781		6.06198		46.0784		25.7804		20.5167		1.28152e-06		52.7488		21.124		15.0621		24.9544
95		53.2701		5.82834		44.8777		25.0442		20.1278		2.72642e-06		43.7282		20.3574		14.5291		24.5203
96		54.7882		6.08304		46.2284		25.8902		20.5702		1.84008e-06		56.4088		21.2325		15.1495		24.9959
97		55.6502		6.2598		47.049		26.3774		20.8823		5.12699e-06		64.4632		21.6988		15.439		25.3503
98		55.2016		6.13818		46.5267		26.0599		20.7423		1.55531e-06		55.3		21.3426		15.2044		25.1841
99		52.6736		5.68043		44.3335		24.6887		19.8958		8.00056e-07		41.7249		20.0537		14.3733		24.2798
100		53.206		5.80352		44.851		24.9984		20.0629		9.13134e-07		44.0856		20.3491		14.5455		24.5019
101		52.8081		5.73805		44.5598		24.8329		19.9204		1.03589e-06		45.0787		20.2424		14.5044		24.3173
102		54.011		6.0126		45.6559		25.5437		20.3049		4.99813e-07		52.7058		20.9326		14.92		24.7233
103		56.3089		6.34504		47.5748		26.6699		21.0591		5.86841e-07		65.6992		21.9478		15.6027		25.627
104		53.8471		5.91873		45.4955		25.3861		20.2825		2.96544e-06		49.8174		20.7364		14.8177		24.7591
105		55.9415		6.25948		47.2398		26.4688		20.967		1.66081e-07		62.2744		21.7737		15.5143		25.466
106		55.7791		6.26056		47.0996		26.4073		20.8872		2.25606e-07		61.9285		21.6998		15.4392		25.3998
107		56.0874		6.3149		47.4329		26.5759		20.9201		5.78615e-05		71.0034		21.9286		15.6137		25.5043
108		55.6728		6.19296		47.0495		26.3533		20.8916		4.49649e-05		57.4485		21.6634		15.4705		25.3861
109		53.7132		5.90043		45.2879		25.2945		20.2427		1.29655e-06		45.9213		20.6339		14.7335		24.6539
110		56.0512		6.25262		47.2854		26.5136		21.0206		1.0644e-06		62.6228		21.7873		15.5347		25.4981
111		56.3784		6.35399		47.5986		26.6958		21.0904		6.22851e-08		68.3216		21.9799		15.6259		25.6188
112		54.5016		6.00599		45.9978		25.6977		20.4867		1.0238e-06		53.0669		21.0153		15.0093		24.9825
113		53.5123		5.88318		45.1293		25.2073		20.1505		2.55062e-07		46.6073		20.5878		14.7046		24.5415
114		55.1466		6.13629		46.5316		26.0453		20.7237		9.30396e-06		55.4327		21.3371		15.2008		25.1945
115		55.6153		6.2517		46.9621		26.3226		20.8326		1.18827e-07		62.3809		21.6351		15.3834		25.3269
116		53.2099		5.8386		44.8659		25.025		20.056		1.39729e-07		46.19		20.3755		14.5369		24.4904
117		54.8981		6.12793		46.3198		25.975		20.6168		7.73206e-07		58.8622		21.3256		15.1976		24.9943
118		55.9881		6.29616		47.3053		26.5179		20.9482		2.11507e-05		66.947		21.821		15.5249		25.4843
119		52.997		5.81558		44.6321		24.9305		19.9734		2.71818e-08		46.1623		20.326		14.5104		24.3061
120		56.0403		6.27841		47.3569		26.5397		21.0124		4.65214e-08		61.7172		21.8059		15.5275		25.551
121		53.6853		5.91297		45.3415		25.3376		20.2449		3.64327e-06		50.4603		20.7134		14.8005		24.6281
122		54.0216		5.94897		45.5552		25.4742		20.3886		7.56541e-08		48.1713		20.7898		14.8408		24.7655
123		55.2362		6.13873		46.6195		26.0989		20.7325		1.48223e-06		58.9041		21.4176		15.2789		25.2019
124		57.5782		6.66387		48.896		27.4742		21.4006		1.18394e-07		240.371		22.7937		16.1298		26.1024
125		56.8706		6.48884		48.1736		27.0125		21.2182		7.72543e-07		76.5339		22.3013		15.8124		25.8723
126		56.9322		6.48583		48.2435		27.0629		21.2481		1.813e-07		78.7235		22.3686		15.8828		25.8749
127		56.0925		6.3248		47.4182		26.5845		20.962		1.16179e-10		69.4896		21.9007		15.5759		25.5175
128		54.8666		6.07126		46.4004		25.9156		20.668		2.1858e-05		52.6381		21.1793		15.108		25.2212
129		56.0728		6.24804		47.3381		26.5264		21.0222		1.698e-06		63.305		21.8064		15.5583		25.5317
130		53.888		5.84098		45.3619		25.2825		20.3555		6.25361e-08		43.6476		20.5308		14.6898		24.8311
131		55.3105		6.17314		46.7241		26.1739		20.7478		5.47831e-06		58.3043		21.4795		15.3064		25.2446
132		55.936		6.32729		47.3033		26.5319		20.9187		4.48645e-07		69.2172		21.8504		15.5231		25.453
133		53.5064		5.87858		45.1603		25.2285		20.135		1.36238e-05		48.6197		20.6377		14.7591		24.5226
134		55.8574		6.25983		47.0973		26.4105		20.9554		1.38238e-05		57.9955		21.6707		15.4109		25.4266
135		53.5714		5.81385		45.0891		25.1468		20.2309		8.91195e-10		44.9706		20.4409		14.6271		24.6482
136		55.5121		6.16879		46.8929		26.2522		20.806		1.19205e-07		60.7953		21.5651		15.3963		25.3279
137		56.3046		6.39812		47.6224		26.7399		21.0253		7.02734e-06		70.765		22.0721		15.674		25.5503
138		54.043		5.90578		45.5832		25.4498		20.3886		6.30497e-10		46.9853		20.7518		14.8461		24.8314
139		55.202		6.12483		46.5693		26.052		20.735		1.71037e-06		55.9163		21.3177		15.1928		25.2516
140		52.405		5.58937		44.0351		24.505		19.8486		3.8346e-06		38.7659		19.8222		14.2329		24.2129
141		56.5887		6.43189		47.916		26.8932		21.137		4.03212e-06		74.5173		22.1926		15.7607		25.7234
142		55.8967		6.30658		47.2041		26.4979		20.9391		1.15847e-06		65.2315		21.7927		15.4861		25.4115
143		54.1501		5.95795		45.7213		25.5082		20.3683		9.33449e-08		47.9936		20.8355		14.8776		24.8858
144		53.333		5.82955		44.9329		25.0573		20.0892		1.33277e-06		45.6628		20.4055		14.576		24.5274
145		56.0806		6.30722		47.4179		26.5791		20.954		9.71422e-10		66.5995		21.9201		15.6129		25.4978
146		53.948		5.91293		45.5217		25.4029		20.3517		1.73602e-06		48.0447		20.7211		14.8082		24.8006
147		52.7003		5.72713		44.3518		24.7304		19.9051		2.41327e-06		42.8533		20.0748		14.3477		24.277
148		54.732		6.11821		46.2139		25.9265		20.531		5.1028e-06		57.8939		21.3316		15.2134		24.8823
149		56.1046		6.26927		47.3636		26.5427		20.9847		4.24831e-07		65.6267		21.8377		15.5684		25.5259
150		52.9285		5.71742		44.5872		24.8333		20.0089		6.11361e-09		42.2391		20.158		14.4406		24.4292
151		55.6264		6.14257		46.9107		26.2458		20.9293		1.92991e-07		55.0508		21.4662		15.3236		25.4445
152		55.4275		6.19142		46.775		26.2189		20.8025		1.27539e-06		58.5388		21.5269		15.3355		25.2481
153		54.7297		6.00562		46.2284		25.7897		20.6196		8.40204e-08		50.9046		21.0504		15.0448		25.178
154		52.6803		5.72521		44.3714		24.7221		19.8871		8.19044e-07		41.1271		20.0883		14.363		24.2831
155		55.4675		6.18764		46.7989		26.2211		20.8019		3.77205e-06		60.2715		21.5251		15.3374		25.2738
156		55.4995		6.18573		46.8258		26.2332		20.8341		1.32981e-06		55.4334		21.5125		15.3268		25.3133
157		53.5798		5.86981		45.2552		25.2469		20.2102		2.01047e-06		46.9681		20.5761		14.7063		24.6791
158		57.0913		6.47863		48.3163		27.0891		21.263		7.31251e-06		76.2549		22.3603		15.8817		25.956
159		54.4495		6.01854		46.0078		25.7011		20.4928		1.1989e-05		51.1251		21.0197		15.0012		24.9881
160		52.5664		5.65767		44.2571		24.6503		19.8893		3.16074e-10		41.8097		20.0086		14.3509		24.2485
161		55.571		6.19154		46.9187		26.2631		20.8372		3.44132e-06		57.2707		21.563		15.3714		25.3557
162		56.6831		6.51367		47.9735		26.9532		21.1341		1.16876e-05		77.7932		22.2662		15.7525		25.7073
163		54.3369		6.01828		45.8905		25.6457		20.415		4.1754e-08		52.4592		21.0031		14.9848		24.8874
164		54.067		5.95934		45.5934		25.4708		20.3646		8.7863e-08		50.6861		20.7908		14.8314		24.8026
165		54.9701		6.1497		46.365		25.9937		20.5831		2.90797e-05		58.7901		21.3494		15.1997		25.0156
166		55.0229		6.1163		46.3859		25.9929		20.6562		1.42778e-07		56.3198		21.3163		15.2		25.0696
167		54.0392		5.93242		45.5706		25.453		20.3521		5.3781e-07		49.4775		20.774		14.8416		24.7966
168		53.7995		5.9263		45.4336		25.3636		20.2457		3.55455e-05		48.5998		20.7315		14.8052		24.7022
169		53.2852		5.82078		44.9072		25.0451		20.1127		5.93013e-08		46.0649		20.3668		14.546		24.5404
170		53.6039		5.92462		45.2231		25.3012		20.1758		4.1742e-07		49.9964		20.707		14.7824		24.516
171		55.3271		6.16186		46.6588		26.1471		20.778		1.01853e-05		57.227		21.447		15.2852		25.2118
172		53.8707		5.87273		45.4639		25.3494		20.3549		4.34811e-07		46.5307		20.6448		14.7721		24.819
173		55.6492		6.25092		47.0061		26.3409		20.814		7.38076e-07		63.6279		21.673		15.422		25.3332
174		54.121		5.90323		45.6643		25.4354		20.3817		4.26806e-07		48.6429		20.7224		14.8192		24.9419
175		53.2135		5.80686		44.8022		25.0156		20.0902		1.69821e-05		46.0243		20.3819		14.575		24.4204
176		54.6117		6.04731		46.1664		25.8076		20.522		1.53075e-05		53.7962		21.1548		15.1075		25.0117
177		54.6232		6.04064		46.0821		25.7524		20.5188		4.73164e-07		54.4339		21.0419		15.0012		25.0403
178		55.373		6.16603		46.7463		26.1843		20.7757		1.15625e-06		58.257		21.4997		15.3337		25.2465
179		55.565		6.1933		46.8873		26.26		20.8693		1.03395e-07		55.5864		21.534		15.3407		25.3533
180		52.837		5.72419		44.5035		24.7741		19.9268		2.13845e-07		43.8926		20.1138		14.3896		24.3897
181		53.9553		5.95959		45.5606		25.4712		20.3635		5.10469e-06		50.4407		20.8076		14.848		24.753
182		52.7832		5.71339		44.4491		24.7603		19.9217		4.06977e-07		42.9678		20.121		14.4077		24.3281
183		55.8573		6.25861		47.1821		26.4378		20.932		4.85634e-07		65.2457		21.7216		15.463		25.4605
184		55.3327		6.17113		46.7254		26.1884		20.7703		2.65251e-08		61.9392		21.5271		15.356		25.1983
185		54.4932		6.06946		45.9869		25.7552		20.4372		5.28667e-06		57.6402		21.1438		15.0744		24.8431
186		53.8034		5.90104		45.3686		25.326		20.2806		5.46523e-11		48.2404		20.6741		14.7731		24.6945
187		53.8918		5.93536		45.4697		25.3945		20.3126		7.12968e-06		47.4522		20.7188		14.7834		24.7509
188		54.8641		6.12792		46.3389		25.9562		20.6232		1.29476e-06		54.2221		21.267		15.1391		25.0719
189		53.8626		5.90001		45.4332		25.3517		20.2905		7.12776e-06		48.5264		20.6765		14.7765		24.7567
190		54.4672		6.05984		45.9196		25.7453		20.4796		9.99062e-06		56.0649		21.0884		15.0286		24.8312
191		53.3914		5.843		45.0292		25.1116		20.1439		2.205e-08		46.202		20.4297		14.5867		24.5995
192		54.6598		6.04265		46.1197		25.8073		20.543		4.29807e-07		54.6754		21.1632		15.1205		24.9565
193		54.5337		6.04754		46.0278		25.7484		20.4956		8.08779e-09		53.1791		21.08		15.0324		24.9478
194		55.0018		6.10645		46.3827		25.9886		20.6601		2.27882e-07		56.6806		21.324		15.2176		25.0587
195		55.1294		6.17477		46.541		26.0977		20.6728		2.77625e-07		60.7921		21.4621		15.2874		25.0789
196		53.3211		5.77832		44.9061		25.0124		20.1327		5.83339e-06		43.1381		20.3098		14.5314		24.5964
197		55.6522		6.21743		46.9898		26.3191		20.8849		2.51404e-07		59.3231		21.5925		15.375		25.3973
198		54.5102		6.07498		46.0295		25.7752		20.4865		1.80163e-07		54.0629		21.1285		15.0535		24.901
199		57.1107		6.49533		48.3348		27.1326		21.29		2.92313e-05		80.1654		22.4308		15.9355		25.904
200		55.0444		6.13057		46.4864		26.0257		20.6729		1.25444e-07		56.8135		21.341		15.2105		25.1454
201		55.1386		6.16635		46.5558		26.1018		20.6547		6.19616e-06		62.7631		21.4722		15.3059		25.0836
202		54.2377		5.98174		45.7557		25.5571		20.4378		1.85438e-06		48.3205		20.8549		14.8731		24.9009
203		52.8811		5.69851		44.5433		24.8053		20.0461		6.88124e-07		41.5568		20.1023		14.4038		24.441
204		54.3135		6.02612		45.7912		25.6383		20.3806		1.46487e-06		54.9166		21.0149		14.9888		24.7763
205		55.6014		6.17454		46.9111		26.2788		20.8825		2.01462e-06		58.9735		21.5698		15.3952		25.3413
206		52.8959		5.73554		44.5781		24.8321		19.9917		3.98418e-07		43.3476		20.1853		14.4497		24.3928
207		56.644		6.34861		47.9728		26.8445		21.1802		1.02467e-07		71.2705		22.1169		15.7683		25.8559
208		56.2747		6.38512		47.5766		26.6959		20.9991		6.0919e-07		71.7509		22.0209		15.6358		25.5558
209		56.6939		6.473		48.0508		26.9767		21.1333		2.76471e-07		80.3849		22.3086		15.8356		25.7422
210		54.8008		6.10238		46.2956		25.9111		20.5533		2.84245e-12		58.269		21.2632		15.1609		25.0323
211		56.6802		6.41288		47.9338		26.8995		21.148		1.77636e-08		73.0177		22.1964		15.7835		25.7374
212		52.9229		5.72005		44.5381		24.7974		19.99		3.42589e-07		41.512		20.1168		14.3968		24.4212
213		54.5179		6.03361		46.0742		25.757		20.508		2.06127e-06		53.0277		21.1012		15.0676		24.973
214		55.7331		6.29625		47.0932		26.4386		20.8284		8.61838e-06		68.3047		21.8067		15.5104		25.2865
215		54.3123		6.06319		45.8227		25.6825		20.4327		3.48812e-06		53.7487		21.0397		14.9766		24.783
216		55.0908		6.10607		46.4766		26.0137		20.7043		1.11337e-06		56.7045		21.3192		15.2131		25.1574
217		55.0794		6.14902		46.535		26.0662		20.6746		6.58357e-07		60.7408		21.3831		15.234		25.1519
218		55.0284		6.15061		46.4269		26.0189		20.6435		1.52964e-06		56.3098		21.3329		15.1823		25.0939
219		54.7034		6.08062		46.2025		25.8613		20.5209		7.09484e-07		56.4307		21.2352		15.1546		24.9673
220		54.8035		6.11363		46.2322		25.8937		20.5573		9.74458e-07		58.2814		21.2331		15.1195		24.9991
221		53.8188		5.88868		45.3393		25.3042		20.3022		1.26538e-05		45.969		20.6259		14.7372		24.7134
222		53.8623		5.93966		45.4584		25.4026		20.2753		6.04964e-08		48.4379		20.7701		14.8304		24.6883
223		53.5107		5.80597		45.0864		25.1264		20.1757		1.32336e-06		46.1463		20.4512		14.6452		24.6352
224		52.8878		5.68712		44.5111		24.7787		19.9679		1.20067e-06		43.3191		20.1232		14.4361		24.3879
225		55.3667		6.17297		46.7101		26.1818		20.7456		1.08125e-05		57.4198		21.5233		15.3503		25.1868
226		57.3004		6.57768		48.5863		27.2988		21.3581		2.77153e-07		83.6971		22.5806		16.003		26.0057
227		54.4432		5.96596		45.8923		25.6324		20.5054		8.86953e-06		49.1126		20.9479		14.982		24.9444
228		52.5204		5.621		44.1496		24.5699		19.855		1.68281e-06		39.3177		19.9252		14.3042		24.2244
229		57.0701		6.52649		48.3662		27.1778		21.2938		1.25986e-06		84.1192		22.4746		15.9482		25.8916
230		54.5722		6.03461		46.0356		25.7441		20.5402		2.42588e-08		52.696		21.0326		14.998		25.003
231		54.1413		5.97046		45.6979		25.5337		20.408		6.22558e-06		51.3969		20.8504		14.88		24.8474
232		55.1563		6.16801		46.5344		26.0927		20.7189		8.28698e-06		58.3301		21.3978		15.2298		25.1366
233		52.672		5.70158		44.3646		24.7254		19.9282		3.78308e-07		43.6503		20.0717		14.3701		24.2929
234		53.9087		5.91149		45.4737		25.4022		20.3325		2.59906e-08		49.6314		20.7281		14.8166		24.7456
235		53.3168		5.78528		44.9685		25.0615		20.1291		1.90932e-05		44.9846		20.404		14.6188		24.5644
236		55.2586		6.16274		46.6195		26.1348		20.7373		2.07445e-06		58.8756		21.4642		15.3015		25.1553
237		55.6697		6.2375		46.9662		26.3066		20.8209		8.84238e-07		62.356		21.6101		15.3726		25.3561
238		53.7886		5.91992		45.3585		25.3397		20.2678		5.52179e-07		48.9393		20.6759		14.756		24.6826
239		54.9212		6.09578		46.3708		25.9276		20.6319		1.60219e-06		53.2115		21.2135		15.1178		25.1572
240		53.5639		5.87682		45.1783		25.2188		20.1822		5.37508e-06		48.2662		20.5665		14.6896		24.6118
241		55.3329		6.13863		46.5901		26.1287		20.7753		5.34617e-06		56.6554		21.4269		15.2883		25.1631
242		53.673		5.87744		45.3408		25.2687		20.2242		8.46359e-06		48.0357		20.5975		14.7201		24.7433
243		54.3377		6.00932		45.8794		25.6597		20.4562		1.02528e-07		51.3072		21.0017		14.9923		24.8777
244		53.8822		5.94485		45.5433		25.4292		20.2735		6.91196e-06		50.3217		20.8021		14.8572		24.7412
245		54.2708		5.99715		45.8368		25.6182		20.3984		1.09026e-06		52.3772		20.9939		14.9967		24.8429
246		57.8689		6.697		49.1009		27.6458		21.5383		4.21179e-08		244.317		22.9382		16.2412		26.1627
247		55.3067		6.10239		46.6771		26.0833		20.8207		1.16215e-08		52.6721		21.3217		15.2193		25.3554
248		56.7968		6.45497		48.0908		26.9679		21.1968		8.8392e-06		74.0021		22.2503		15.7954		25.8405
249		53.2385		5.79445		44.8488		25.0119		20.1083		4.38179e-06		44.663		20.3497		14.5552		24.4992
250		55.0286		6.0931		46.5097		26.0104		20.6761		3.36291e-08		55.0517		21.3142		15.2211		25.1954
251		54.5967		6.06418		46.094		25.7782		20.5101		1.04179e-06		54.9074		21.1		15.0359		24.9939
252		54.9777		6.10212		46.4208		25.9748		20.6652		6.30239e-06		55.6003		21.2616		15.1595		25.1592
253		53.5175		5.80891		45.0652		25.1366		20.1866		6.18202e-08		46.0211		20.4601		14.6512		24.6051
254		53.985		5.91096		45.5512		25.4214		20.3659		6.29101e-06		48.3557		20.7045		14.7936		24.8467
255		54.0652		5.95638		45.6161		25.5132		20.3353		9.10907e-06		51.8387		20.8858		14.9294		24.7303
256		55.2502		6.16696		46.6685		26.136		20.7548		3.0699e-06		55.8749		21.4475		15.2805		25.2211
257		54.2436		5.9405		45.7587		25.5508		20.4754		7.77545e-07		48.3615		20.8435		14.903		24.9152
258		54.891		6.0752		46.3175		25.9087		20.6254		1.4097e-06		55.2021		21.214		15.1388		25.1035
259		53.0765		5.82981		44.7548		24.9932		19.9899		5.54304e-07		45.712		20.4081		14.5783		24.3467
260		55.4902		6.18096		46.8509		26.2236		20.8106		7.03969e-09		58.9673		21.5197		15.3388		25.3311
261		53.4307		5.82276		45.0324		25.1223		20.1578		1.06546e-05		45.6556		20.4606		14.6378		24.5719
262		59.4859		7.02245		50.5323		28.5615		22.0218		4.6978e-05		263.014		23.8399		16.8174		26.6925
263		54.4043		6.02058		45.9003		25.6608		20.4334		3.72273e-07		54.4405		21.002		14.9814		24.8983
264		56.4436		6.38917		47.6959		26.7787		21.1192		1.39178e-05		70.6172		22.0773		15.6881		25.6186
265		53.2272		5.7948		44.8724		25.0078		20.0806		1.22788e-05		43.8779		20.3466		14.5518		24.5258
266		56.4491		6.43986		47.7566		26.8117		21.0562		1.28257e-07		72.1123		22.1358		15.6959		25.6208
267		54.3367		5.98701		45.8834		25.6293		20.4646		6.02607e-08		49.9856		20.9168		14.9298		24.9666
268		55.0199		6.11657		46.4349		25.9868		20.6693		6.2344e-07		54.7343		21.3018		15.1852		25.1331
269		53.7183		5.87193		45.228		25.242		20.2777		1.77389e-08		44.8122		20.5293		14.6574		24.6986
270		52.5819		5.69143		44.2914		24.6833		19.8599		3.76135e-07		42.7076		20.0803		14.3889		24.2112
271		55.6905		6.28369		47.0404		26.353		20.801		4.26549e-07		63.1123		21.6849		15.4012		25.3556
272		54.5532		6.04164		46.0339		25.7633		20.4983		2.3411e-08		54.617		21.125		15.0834		24.9089
273		54.477		6.02665		45.9744		25.733		20.5233		3.80537e-07		53.6302		21.0673		15.0406		24.9071
274		54.8246		6.08945		46.2413		25.9084		20.5599		2.05942e-06		56.2539		21.278		15.1886		24.9633
275		54.1767		5.98714		45.7036		25.552		20.4252		1.2424e-06		50.7697		20.852		14.8649		24.8516
276		53.5647		5.83499		45.1445		25.1891		20.2148		6.03329e-08		46.3806		20.5378		14.7028		24.6067
277		55.4238		6.14204		46.7591		26.1655		20.8015		1.50998e-06		57.4807		21.4276		15.2856		25.3315
278		54.3207		5.99057		45.8428		25.6324		20.4528		4.12608e-07		52.3078		20.9624		14.9719		24.8804
279		55.6919		6.23589		47.0504		26.3701		20.8497		1.27928e-06		64.8021		21.6862		15.4503		25.3642
280		54.2719		6.01158		45.7558		25.609		20.4078		3.84692e-12		52.2345		20.9704		14.9588		24.7854
281		54.0022		5.95962		45.5712		25.4591		20.3471		2.73456e-06		49.6757		20.7791		14.8195		24.7921
282		56.3409		6.38101		47.6428		26.7063		21.0534		3.70958e-05		67.8217		21.9812		15.6002		25.6616
283		57.0628		6.4866		48.284		27.1038		21.2934		4.90116e-07		74.1343		22.3811		15.8945		25.903
284		56.09		6.30249		47.3958		26.5688		20.9945		1.57122e-05		63.7298		21.8639		15.5614		25.5319
285		52.7425		5.73622		44.412		24.764		19.9006		4.20008e-07		43.5571		20.1499		14.4136		24.2622
286		55.0423		6.08099		46.4826		25.9954		20.6463		2.55899e-09		56.9098		21.3511		15.2701		25.1315
287		55.2574		6.13814		46.6039		26.0926		20.74		3.03981e-06		57.1939		21.3864		15.2483		25.2175
288		55.2377		6.1972		46.6813		26.1438		20.697		3.15665e-07		59.7955		21.4659		15.2687		25.2154
289		54.252		5.99872		45.8123		25.6126		20.4178		2.30836e-07		52.4234		20.9516		14.9529		24.8606
290		53.7603		5.86581		45.2812		25.2494		20.2862		3.8609e-07		44.7329		20.5293		14.6635		24.7519
291		53.4962		5.83839		45.0878		25.1507		20.1753		1.96317e-06		45.9302		20.4847		14.6463		24.6031
292		55.41		6.14039		46.7792		26.1518		20.8084		2.92631e-06		54.537		21.4145		15.2741		25.3647
293		55.5974		6.19927		46.9283		26.2789		20.8263		1.18972e-05		59.7445		21.5893		15.39		25.339
294		56.0315		6.35955		47.3871		26.5841		20.9255		8.93437e-07		69.8306		21.944		15.5844		25.4432
295		55.8279		6.31722		47.1747		26.4629		20.8588		7.12967e-08		69.2072		21.8188		15.5016		25.3559
296		54.5502		6.04066		46.0709		25.762		20.5024		4.91014e-07		54.3429		21.1192		15.0786		24.9517
297		54.7118		6.06494		46.1759		25.8334		20.6094		9.75156e-10		51.3511		21.1365		15.0716		25.0394
298		56.4609		6.36003		47.7601		26.7568		21.0834		8.87412e-07		70.4065		22.0608		15.7008		25.6993
299		54.1178		5.96161		45.6544		25.5097		20.3869		5.09862e-06		46.4827		20.8352		14.8736		24.8191
300		54.8319		6.05715		46.3125		25.883		20.6112		3.38815e-07		54.1119		21.1937		15.1366		25.1187
301		54.6439		6.06952		46.157		25.8246		20.5563		1.67551e-07		53.73		21.1586		15.0891		24.9985
302		53.9296		5.94935		45.4986		25.4348		20.3137		2.72681e-06		50.2725		20.793		14.8436		24.7056
303		54.1139		6.00169		45.6969		25.5591		20.3623		1.61286e-06		53.1367		20.9109		14.9092		24.786
304		57.218		6.51719		48.4057		27.1607		21.3407		2.77681e-06		77.8501		22.4093		15.8921		25.9964
305		53.0843		5.7701		44.721		24.9327		20.0248		1.46057e-08		44.178		20.2923		14.5222		24.4287
306		53.0983		5.75209		44.7113		24.9299		20.0542		1.44221e-05		43.5971		20.2516		14.4996		24.4597
307		56.1639		6.36186		47.5206		26.6418		20.9673		4.54722e-07		69.223		21.9805		15.6187		25.54
308		55.2201		6.1439		46.5851		26.1027		20.7315		1.82581e-06		58.0006		21.4081		15.2642		25.1769
309		53.6658		5.88709		45.2977		25.2809		20.2223		4.96014e-07		48.2614		20.6203		14.7332		24.6774
310		54.2207		5.97713		45.7178		25.5667		20.4384		2.96299e-05		51.0712		20.877		14.8999		24.8408
311		53.2968		5.80056		44.9295		25.0327		20.1269		4.01894e-06		44.2691		20.3577		14.5572		24.5718
312		53.3818		5.81606		44.9821		25.0861		20.1446		2.22866e-07		44.8386		20.427		14.6109		24.5552
313		55.1785		6.13908		46.5465		26.0954		20.7153		2.40629e-07		57.6825		21.4372		15.2982		25.1092
314		55.1228		6.12614		46.5144		26.0315		20.6769		7.42443e-07		55.9291		21.3619		15.2358		25.1525
315		53.735		5.92685		45.3577		25.332		20.255		4.13871e-08		47.6414		20.6724		14.7455		24.6853
316		55.0405		6.11006		46.4742		26.0115		20.687		2.38622e-08		56.529		21.3254		15.2153		25.1488
317		55.1077		6.12505		46.4443		26.0312		20.7131		6.17146e-07		56.535		21.3404		15.2154		25.1039
318		52.9666		5.82974		44.7244		24.9441		19.9501		1.95179e-05		46.2878		20.3438		14.5141		24.3806
319		51.9485		5.57351		43.6729		24.3226		19.6664		2.5633e-07		39.7285		19.6955		14.122		23.9775
320		53.921		5.88056		45.4412		25.3708		20.327		1.37847e-06		48.1621		20.7083		14.8277		24.7329
321		54.7453		6.10196		46.2234		25.8663		20.5366		3.17306e-06		55.8576		21.2021		15.1001		25.0213
322		54.8875		6.09696		46.2982		25.9174		20.5971		1.06914e-06		56.4575		21.243		15.146		25.0552
323		53.1337		5.75525		44.7024		24.9043		20.0465		7.94686e-07		43.0532		20.1887		14.4334		24.5137
324		53.6598		5.84518		45.1583		25.1675		20.2393		1.66438e-06		43.253		20.438		14.5928		24.7203
325		55.9726		6.26654		47.2479		26.4805		20.9527		1.14319e-06		64.2158		21.7811		15.5146		25.4668
326		55.7844		6.23681		47.1114		26.403		20.9505		4.6234e-07		60.4696		21.6601		15.4232		25.4513
327		54.8073		6.078		46.283		25.8986		20.5974		1.96961e-07		55.5836		21.2382		15.1602		25.0448
328		53.5572		5.84812		45.1842		25.1889		20.1955		2.48528e-07		46.8222		20.5256		14.6775		24.6586
329		54.4416		6.01334		45.9834		25.6849		20.4821		4.66182e-09		50.6369		21.0122		14.9988		24.9712
330		54.5843		6.10069		46.1055		25.837		20.5014		7.78404e-08		54.1941		21.2186		15.1179		24.8869
331		53.6807		5.85562		45.2513		25.2583		20.2622		2.81224e-07		46.5138		20.5937		14.738		24.6576
332		54.5456		6.06115		45.952		25.7487		20.4815		1.81374e-08		53.8128		21.0971		15.036		24.8549
333		54.2838		5.94899		45.7811		25.5579		20.4789		2.16425e-07		50.2115		20.8287		14.8797		24.9525
334		54.3531		5.9911		45.834		25.6133		20.4737		7.71856e-06		50.1953		20.9061		14.915		24.9278
335		55.056		6.1474		46.4369		26.0409		20.6497		3.62443e-08		60.7066		21.3803		15.2329		25.0566
336		52.1468		5.61648		43.8489		24.4154		19.7442		8.39525e-06		38.1633		19.7427		14.1262		24.1062
337		54.4924		6.0723		45.9961		25.7742		20.4832		5.71924e-06		54.6802		21.1462		15.0739		24.8499
338		54.8106		6.12858		46.2488		25.9146		20.5455		1.36723e-08		59.4676		21.2751		15.1466		24.9737
339		55.4252		6.16082		46.7554		26.1736		20.792		2.27131e-09		57.3966		21.4547		15.2939		25.3006
340		55.1131		6.14493		46.4481		26.0343		20.6784		1.65095e-06		57.6978		21.3443		15.1994		25.1037
341		53.478		5.8639		45.1089		25.1752		20.1407		5.70971e-06		47.9662		20.554		14.6901		24.555
342		51.0402		5.44119		42.9225		23.8724		19.3605		1.84604e-06		37.3846		19.2897		13.8486		23.6328
343		51.7146		5.56192		43.4652		24.2102		19.5855		4.01592e-08		37.827		19.5885		14.0266		23.8766
344		53.6694		5.88641		45.3107		25.2912		20.2243		3.82287e-06		48.0264		20.6476		14.7612		24.6631
345		53.3682		5.84356		45.0137		25.1346		20.1362		4.82283e-07		47.1623		20.5142		14.6707		24.4995
346		54.6179		6.02134		46.0738		25.7332		20.5476		4.68969e-06		49.5941		21.0296		15.0083		25.0442
347		53.1322		5.75205		44.7239		24.9144		20.0681		2.9893e-07		42.4188		20.2315		14.4794		24.4924
348		54.4475		6.03312		45.9182		25.6904		20.4594		4.65113e-07		53.7717		21.0211		14.988		24.8971
349		53.795		5.90524		45.3875		25.3113		20.2478		8.03337e-08		48.1374		20.6416		14.7364		24.7459
350		54.9665		6.1143		46.4093		26.0016		20.638		7.4725e-08		57.5129		21.3504		15.2361		25.059
351		53.3328		5.78007		44.9158		25.0217		20.1351		1.5612e-08		43.6815		20.3182		14.5382		24.5976
352		54.1119		5.89447		45.6076		25.4398		20.4079		1.19922e-08		45.6594		20.7247		14.8303		24.8829
353		53.0184		5.745		44.6741		24.8967		20.043		8.9323e-06		43.0518		20.2286		14.4836		24.4455
354		56.6714		6.46145		47.9764		26.9294		21.1459		4.25625e-06		73.766		22.2547		15.7932		25.7218
355		54.9		6.09136		46.3278		25.9348		20.6216		2.54336e-06		55.5945		21.2701		15.1787		25.0577
356		53.7013		5.92562		45.3554		25.3502		20.2249		6.17872e-06		49.6918		20.7381		14.8125		24.6173
357		54.6301		6.02717		46.0977		25.76		20.5928		3.04588e-06		51.7274		21.0247		14.9975		25.073
358		55.3055		6.14918		46.6238		26.1159		20.7532		2.98356e-06		58.8123		21.4119		15.2627		25.2119
359		53.2519		5.78366		44.8359		24.9848		20.0871		1.88805e-07		44.1727		20.3152		14.5315		24.5207
360		54.6806		6.02536		46.1725		25.7982		20.6091		2.77584e-06		50.6124		21.0782		15.0528		25.0943
361		57.3064		6.55822		48.5685		27.2779		21.3435		6.98912e-06		85.946		22.5667		16.0085		26.0017
362		52.5655		5.70718		44.2621		24.6611		19.8561		2.78994e-07		42.6227		20.022		14.3148		24.2401
363		55.0006		6.13745		46.3997		25.9894		20.6551		8.63751e-06		54.545		21.3058		15.1684		25.0939
364		54.7148		6.07103		46.1343		25.8303		20.5507		1.1504e-06		54.3234		21.1678		15.0968		24.9664
365		55.7838		6.28064		47.1755		26.4367		20.8892		1.07771e-05		61.9626		21.7556		15.4749		25.4199
366		55.5071		6.20921		46.8661		26.2514		20.7808		2.22152e-05		61.9027		21.5767		15.3675		25.2894
367		53.6679		5.88232		45.2654		25.2764		20.2516		4.97607e-07		47.0583		20.6113		14.729		24.6541
368		55.3879		6.15271		46.7849		26.1724		20.7554		2.66591e-06		61.2956		21.4707		15.318		25.3143
369		56.0467		6.33644		47.3364		26.5555		20.9284		2.06587e-06		65.6101		21.883		15.5466		25.4534
370		55.9325		6.33781		47.2967		26.5417		20.8756		4.79477e-09		68.9577		21.912		15.5742		25.3846
371		54.8882		6.09578		46.3506		25.945		20.64		8.00531e-06		53.6732		21.2562		15.1604		25.0944
372		54.7125		6.02699		46.2133		25.8035		20.5679		1.21738e-08		53.3777		21.0947		15.0677		25.1186
373		54.6503		6.09093		46.1478		25.853		20.5297		2.86607e-06		55.8598		21.1982		15.1073		24.9495
374		54.1443		5.93284		45.6476		25.5012		20.3979		1.24238e-07		49.9731		20.814		14.8812		24.8336
375		53.5607		5.83111		45.1201		25.1649		20.2118		2.59975e-08		44.8698		20.4844		14.6533		24.6357
376		54.7379		6.03021		46.2297		25.8549		20.6326		7.50996e-06		51.7652		21.1504		15.1202		25.0792
377		54.2152		6.01044		45.8111		25.6255		20.44		8.03038e-09		53.0649		20.9639		14.9535		24.8473
378		54.2813		5.98011		45.818		25.6139		20.4614		2.954e-06		50.696		20.9383		14.9582		24.8797
379		54.8664		6.17429		46.3461		25.9801		20.5388		7.45331e-07		60.567		21.367		15.1927		24.9792
380		52.1162		5.60974		43.8337		24.3832		19.6879		2.48419e-07		40.5411		19.768		14.1582		24.0657
381		54.2122		5.99657		45.7878		25.6015		20.402		8.66933e-06		52.1585		20.9567		14.9602		24.831
382		54.3103		5.95692		45.8399		25.6079		20.4813		1.17462e-06		50.0326		20.9231		14.9662		24.9168
383		55.4909		6.16706		46.7937		26.2073		20.808		2.02512e-08		57.4788		21.5001		15.333		25.2936
384		55.5381		6.15411		46.8715		26.2191		20.8489		8.45615e-07		58.9815		21.4943		15.3402		25.3771
385		56.3971		6.37893		47.6808		26.7358		21.0593		6.71568e-12		67.6875		22.0259		15.647		25.6549
386		54.5758		6.0053		46.0211		25.7326		20.5677		6.56762e-07		52.3375		21.0181		15.0128		25.003
387		54.7289		6.08011		46.1874		25.8449		20.5658		9.65046e-07		55.8421		21.1593		15.0792		25.0281
388		55.6261		6.20707		47.005		26.3152		20.8639		1.02483e-06		61.3637		21.6134		15.4064		25.3916
389		55.9602		6.2233		47.2009		26.4464		20.9717		2.00002e-06		61.7225		21.7362		15.5129		25.4647
390		55.9998		6.25431		47.316		26.4956		20.9681		7.93014e-06		65.6787		21.7824		15.5281		25.5337
391		55.1039		6.16434		46.5476		26.0613		20.6289		3.29048e-08		61.3312		21.4208		15.2564		25.1269
392		51.9379		5.55898		43.6769		24.3102		19.68		1.55379e-05		37.7991		19.669		14.11		24.008
393		55.1835		6.15787		46.5876		26.0928		20.7013		4.89115e-05		56.5271		21.3982		15.2403		25.1895
394		56.2535		6.36816		47.6013		26.7062		21.0334		1.56526e-06		68.7835		22.0328		15.6646		25.5685
395		55.7267		6.22217		47.0194		26.3409		20.8825		5.48121e-06		58.4546		21.6246		15.4025		25.3948
396		55.9048		6.26447		47.2897		26.4766		20.9023		4.43394e-06		64.677		21.8172		15.5527		25.4725
397		55.7756		6.27508		47.11		26.3964		20.8425		1.98944e-05		64.4224		21.7253		15.4502		25.3847
398		54.5804		6.04308		46.055		25.7466		20.5035		9.42008e-07		52.6421		21.0726		15.0295		24.9825
399		53.8818		5.95519		45.5458		25.4702		20.3125		1.09572e-07		51.5596		20.859		14.9038		24.6868
400		56.4331		6.38204		47.7305		26.7583		21.0748		2.86796e-07		69.4116		22.0552		15.6732		25.6752
401		55.1271		6.09535		46.4938		26.0215		20.718		1.7104e-08		56.7454		21.3048		15.2094		25.189
402		54.1837		5.98829		45.7309		25.5669		20.3778		3.37865e-07		52.27		20.9222		14.9339		24.8087
403		53.8312		5.84579		45.3625		25.2903		20.3292		2.22512e-07		44.8064		20.5936		14.7478		24.7689
404		53.5833		5.86309		45.1741		25.2087		20.2137		1.23043e-07		48.1331		20.5136		14.6505		24.6605
405		54.6319		6.02145		46.1407		25.7935		20.5674		1.93181e-07		51.9781		21.1091		15.0876		25.0317
406		54.6719		6.03139		46.1674		25.8047		20.5583		4.53298e-10		51.7241		21.1017		15.0703		25.0657
407		54.6133		6.12318		46.0874		25.8434		20.4815		8.94912e-08		56.5207		21.2279		15.1048		24.8595
408		53.1457		5.77121		44.768		24.9642		20.0824		9.86163e-08		43.0886		20.3073		14.5361		24.4606
409		55.1331		6.15724		46.5097		26.0577		20.6817		2.39988e-07		59.457		21.3728		15.2156		25.1369
410		54.8841		6.09759		46.3084		25.9248		20.6041		1.5377e-05		55.5292		21.2606		15.163		25.0478
411		54.9071		6.12183		46.3412		25.979		20.6128		2.79513e-10		57.7492		21.3294		15.2076		25.0118
412		54.5571		6.07762		46.0431		25.796		20.4846		1.37274e-07		56.1301		21.1622		15.0845		24.881
413		54.954		6.10944		46.4086		25.9776		20.6736		9.54975e-06		54.8745		21.284		15.1745		25.1246
414		54.8582		6.11348		46.2211		25.8915		20.5939		4.00901e-07		54.3412		21.2174		15.1039		25.0037
415		53.6881		5.86999		45.2279		25.245		20.2687		1.02376e-07		45.1467		20.5406		14.6706		24.6873
416		53.9782		5.89441		45.5244		25.3941		20.3645		7.99914e-08		46.6348		20.6863		14.7919		24.8382
417		53.8206		5.87588		45.363		25.3051		20.2473		2.26764e-07		47.8622		20.6341		14.7582		24.729
418		54.0079		5.96765		45.5455		25.4651		20.3224		1.52125e-06		47.1333		20.8088		14.8411		24.7368
419		54.4732		6.06106		45.9564		25.7571		20.4896		3.38132e-07		54.3434		21.1044		15.0433		24.8521
420		54.4494		5.97981		45.9556		25.6675		20.5167		4.8895e-07		50.6345		20.9661		14.9863		24.9895
421		55.458		6.21512		46.8725		26.2705		20.8118		1.11905e-05		62.6908		21.5908		15.3757		25.2816
422		56.1692		6.33861		47.5136		26.6298		20.9912		4.57027e-06		69.0725		21.9278		15.5892		25.5858
423		57.6109		6.65045		48.9199		27.5196		21.4479		4.34221e-06		240		22.8337		16.1832		26.0862
424		55.2823		6.21124		46.7177		26.1881		20.7074		5.9267e-08		63.0918		21.5427		15.3314		25.175
425		54.4026		6.04586		46.0102		25.7378		20.466		1.4976e-05		53.4925		21.1064		15.0605		24.9038
426		56.7503		6.51425		48.0802		27.0208		21.1475		5.85878e-08		85.532		22.3738		15.8596		25.7064
427		53.9398		5.93293		45.5441		25.4551		20.3186		1.2712e-08		50.6041		20.8162		14.8833		24.7279
428		54.4413		6.02353		45.9874		25.7135		20.4995		1.48379e-07		51.6208		21.0251		15.0016		24.9623
429		57.0256		6.50217		48.3499		27.1335		21.2521		5.42121e-06		83.125		22.4599		15.9578		25.89
430		53.3345		5.83617		44.9614		25.0805		20.1288		2.01159e-07		44.9242		20.3827		14.5465		24.5788
431		53.7244		5.86914		45.3223		25.2813		20.2536		2.02101e-07		46.7052		20.6072		14.738		24.7152
432		55.3846		6.1621		46.7399		26.1884		20.8155		3.83441e-06		57.7045		21.4813		15.3192		25.2586
433		56.1543		6.34272		47.4522		26.6211		21.0127		1.5381e-07		65.5018		21.9128		15.5701		25.5393
434		52.8788		5.68474		44.517		24.7378		19.9901		2.33694e-08		40.2167		20.031		14.3463		24.486
435		57.5341		6.57342		48.7252		27.361		21.4474		1.59867e-06		81.6891		22.6195		16.046		26.1057
436		56.8661		6.45951		48.1011		26.9847		21.2196		9.11785e-08		73.1276		22.2512		15.7917		25.8499
437		55.0019		6.12956		46.4473		26.0148		20.5867		3.64228e-05		62.2683		21.4145		15.2849		25.0329
438		51.4083		5.55514		43.2676		24.108		19.4441		1.61972e-06		38.8912		19.5349		13.9797		23.7328
439		56.6645		6.41053		47.9571		26.8797		21.1774		7.42084e-06		75.1696		22.1505		15.74		25.8066
440		53.8957		5.95678		45.4791		25.4212		20.2757		1.1354e-08		48.9916		20.7814		14.8246		24.6978
441		55.1211		6.09107		46.4699		25.993		20.691		2.27061e-05		55.6067		21.2862		15.1951		25.1837
442		54.8724		6.06999		46.3212		25.9008		20.6487		4.6569e-07		53.2859		21.1687		15.0987		25.1525
443		53.5369		5.85726		45.1474		25.2097		20.1586		2.85235e-07		47.4503		20.5851		14.7278		24.5623
444		53.5447		5.83558		45.1215		25.1734		20.2136		9.07178e-07		46.6834		20.4894		14.6538		24.6321
445		56.1588		6.29592		47.5157		26.6237		21.0244		1.23891e-05		67.7535		21.9282		15.6322		25.5875
446		50.8526		5.39262		42.5865		23.7128		19.3504		1.42933e-06		33.5844		19.0711		13.6784		23.5154
447		54.3356		6.03981		45.882		25.6835		20.4019		2.10102e-07		54.8681		21.0621		15.0223		24.8199
448		54.4202		6.03523		46.0136		25.7235		20.5082		4.15858e-05		51.2686		21.0216		14.9863		24.992
449		52.391		5.61988		44.0339		24.5039		19.8267		1.3331e-08		39.6147		19.8108		14.1909		24.2232
450		53.5113		5.87319		45.1302		25.1816		20.164		3.15368e-06		45.8239		20.5221		14.6489		24.6082
451		55.8548		6.25253		47.186		26.4122		20.905		1.88562e-07		62.2463		21.7039		15.4514		25.4821
452		53.1619		5.78994		44.827		25.017		20.089		1.69402e-06		44.5036		20.3652		14.5753		24.4618
453		54.8716		6.08777		46.2956		25.9085		20.6287		8.39578e-07		55.085		21.1967		15.1089		25.0989
454		56.7951		6.53795		48.1483		27.067		21.1482		7.98139e-07		85.722		22.4121		15.8741		25.7362
455		53.2853		5.77034		44.8551		24.9991		20.097		3.03348e-07		44.9155		20.3245		14.5542		24.5305
456		55.0459		6.16129		46.4626		26.0332		20.6393		6.05257e-08		60.9014		21.3543		15.193		25.1083
457		55.2755		6.20333		46.7014		26.1602		20.6574		1.3826e-06		64.0685		21.5211		15.3178		25.1803
458		54.0145		5.97375		45.592		25.499		20.3513		5.69326e-07		49.9777		20.8417		14.868		24.7502
459		55.4986		6.19983		46.8413		26.2484		20.8035		8.21203e-07		59.9364		21.5633		15.3635		25.278
460		53.0453		5.71426		44.663		24.8517		20.0353		2.96752e-06		42.6112		20.1717		14.4575		24.4913
461		54.9008		6.11974		46.363		25.9711		20.6227		7.33139e-06		54.3834		21.3152		15.1954		25.0478
462		52.662		5.63985		44.2848		24.6527		19.9706		3.01596e-06		39.5581		19.9152		14.2753		24.3696
463		53.7809		5.91585		45.3689		25.3429		20.2852		5.29922e-06		47.8471		20.6932		14.7774		24.6757
464		53.9551		5.94779		45.5088		25.4185		20.3246		1.1828e-08		48.6925		20.7558		14.8081		24.753
465		55.6366		6.22109		47.0297		26.3364		20.8441		3.4986e-06		62.807		21.6615		15.4405		25.3681
466		53.2902		5.83546		44.9678		25.0585		20.0977		1.84016e-06		45.0245		20.4035		14.5681		24.5643
467		54.6571		6.02198		46.1381		25.7862		20.5753		1.6787e-07		52.3951		21.0874		15.0654		25.0507
468		54.1194		5.99438		45.6855		25.5227		20.3685		2.55377e-06		49.6654		20.8474		14.853		24.838
469		54.1996		6.00739		45.7752		25.5984		20.4007		2.17004e-06		51.9161		20.959		14.9516		24.8162
470		54.2738		6.02252		45.8093		25.6319		20.4556		2.07192e-05		52.6224		20.9549		14.9324		24.8544
471		52.8396		5.7347		44.5012		24.7991		19.9238		3.02022e-06		43.1048		20.171		14.4363		24.3302
472		54.5205		5.97712		45.9964		25.6853		20.5565		5.13522e-07		50.6277		20.9629		14.9858		25.0335
473		53.6295		5.9088		45.2453		25.2643		20.2111		3.64262e-07		46.7691		20.6141		14.7052		24.6313
474		52.9189		5.77173		44.583		24.8832		19.9588		2.51219e-06		45.5385		20.3117		14.54		24.2713
475		53.8489		5.85884		45.4151		25.3237		20.334		2.45626e-08		46.0946		20.6258		14.767		24.7893
476		53.59		5.8366		45.1944		25.2082		20.202		6.36849e-09		47.3742		20.565		14.7284		24.6295
477		54.3406		6.03248		45.8777		25.6696		20.4801		1.22726e-06		50.8659		20.9714		14.9389		24.9063
478		54.3239		6.00358		45.8421		25.6197		20.4602		8.47857e-06		49.9247		20.9491		14.9455		24.893
479		55.6294		6.19407		46.8958		26.2604		20.8663		4.4716e-08		59.7145		21.5224		15.3283		25.3734
480		55.8054		6.19184		47.0948		26.3666		20.9531		4.23788e-06		57.578		21.6082		15.4164		25.4866
481		56.0704		6.25634		47.3907		26.5399		20.9788		5.17306e-11		67.9333		21.8521		15.5957		25.5386
482		55.1733		6.15478		46.5877		26.0989		20.6776		2.46575e-06		59.7525		21.4584		15.3037		25.1293
483		52.2398		5.55157		43.88		24.411		19.8114		6.82975e-07		37.1003		19.6832		14.1317		24.1967
484		55.5581		6.20173		46.9491		26.2833		20.8386		9.83095e-06		62.5325		21.5943		15.3925		25.3549
485		54.7484		6.07378		46.2437		25.883		20.5926		1.0006e-07		54.8302		21.2173		15.1435		25.0264
486		55.0137		6.13583		46.4828		26.0094		20.5982		8.28011e-06		60.1486		21.3751		15.2393		25.1077
487		52.6084		5.68067		44.277		24.6658		19.9215		3.08408e-07		41.5997		19.983		14.3023		24.294
488		52.0731		5.56798		43.7723		24.3547		19.7064		1.12097e-08		38.664		19.6949		14.1269		24.0774
489		56.2553		6.32255		47.5884		26.6529		21.0155		1.16362e-05		66.171		21.9576		15.6351		25.6308
490		55.1855		6.13645		46.5078		26.0811		20.7127		1.1249e-07		59.1767		21.4115		15.2751		25.0963
491		54.9544		6.07995		46.4069		25.9324		20.649		1.73916e-05		53.8576		21.2302		15.1502		25.1767
492		53.3843		5.86545		44.988		25.1241		20.1074		6.04584e-07		46.1189		20.4981		14.6327		24.4899
493		53.8349		5.92037		45.403		25.3612		20.2899		2.86371e-06		47.5768		20.6938		14.7734		24.7091
494		54.6962		6.10001		46.1214		25.8297		20.5104		8.241e-08		54.9686		21.174		15.0739		24.9474
495		54.7986		6.06138		46.2488		25.8489		20.624		1.04951e-07		49.6258		21.1044		15.043		25.1444
496		55.9794		6.30234		47.348		26.5214		20.9119		1.92203e-05		68.9629		21.8493		15.547		25.4987
497		54.0347		5.92405		45.6435		25.4669		20.3724		2.93204e-07		50.0733		20.7785		14.8544		24.865
498		53.3922		5.84268		45.0203		25.1241		20.1363		3.51685e-08		46.0526		20.4668		14.6242		24.5534
499		55.8521		6.27132		47.1697		26.4526		20.9018		1.27004e-08		65.3827		21.7706		15.4992		25.3992
500		53.4654		5.82071		45.0369		25.1165		20.1847		3.65282e-08		44.2099		20.4378		14.6171		24.5991
