1		184.952		94.4992		173.294		133.957		39.4934		133.012		39.3682		133.631		39.1322		39.6622
2		201.737		110.657		190.079		150.399		39.8088		149.544		39.6654		149.99		39.3321		40.0896
3		202.007		111.085		190.353		150.722		39.7638		149.825		39.624		150.387		39.302		39.9656
4		186.281		94.9205		174.576		134.807		39.9754		133.839		39.8287		134.395		39.4741		40.1816
5		167.459		77.2152		155.887		116.622		39.3294		115.731		39.3668		116.145		38.9295		39.7428
6		165.845		76.596		154.348		115.563		38.8665		114.549		38.8764		115.155		38.559		39.1928
7		145.867		57.4541		134.459		96.1053		38.1356		94.4997		38.6799		95.3442		37.8901		39.1149
8		185.961		95.6684		174.35		135.029		39.4753		134.17		39.4164		134.689		39.0207		39.661
9		165.393		75.1742		153.73		114.572		39.3015		113.503		39.3473		114.112		38.9382		39.6174
10		155.065		65.4929		143.515		104.62		38.8249		103.49		39.1282		103.989		38.4962		39.5259
11		141.738		53.0027		130.277		91.9128		38.1561		89.9492		38.9486		91.0558		38.0531		39.2209
12		158.516		69.4455		147.103		108.393		38.6937		107.272		38.8624		107.906		38.4606		39.1967
13		161.32		71.5116		149.78		110.711		39.056		109.584		39.1767		110.183		38.671		39.5974
14		137.13		50.0204		125.744		88.1635		37.3667		86.258		38.3548		87.2412		37.2208		38.5025
15		217.347		125.502		205.567		165.61		40.2032		164.885		40.0598		165.287		39.7845		40.2808
16		176.151		85.7471		164.528		125.164		39.4381		124.258		39.3837		124.745		38.9982		39.7824
17		216.713		124.654		204.949		164.85		40.2954		164.041		40.1826		164.43		39.7762		40.5195
18		152.833		63.8635		141.285		102.714		38.5524		101.339		38.8223		102.059		38.1958		39.2257
19		167.938		77.721		156.267		117.113		39.2822		116.09		39.3141		116.661		38.9404		39.6053
20		138.585		50.4886		127.093		89.0781		37.8034		86.9435		38.756		88.1443		37.6557		38.9484
21		198.89		107.003		187.111		147.099		40.1493		146.119		40.039		146.743		39.7402		40.3677
22		186.113		95.8214		174.499		135.183		39.4381		134.37		39.3177		134.824		39.0028		39.6752
23		175.852		85.5193		164.232		124.911		39.3964		124.097		39.3004		124.494		38.9746		39.7379
24		128.015		41.5131		116.584		79.432		36.7564		76.4435		38.5087		78.0825		36.5695		38.5014
25		129.495		43.0985		118.279		80.9743		36.8069		78.3048		38.3897		79.7723		36.6738		38.5072
26		161.384		71.4898		149.919		110.781		39.0574		109.725		39.1395		110.253		38.763		39.6659
27		153.969		64.2468		142.441		103.479		38.8438		102.128		39.0802		102.825		38.5779		39.6168
28		171.713		81.6674		160.143		120.946		39.2652		119.902		39.2199		120.507		38.8399		39.6356
29		150.336		61.4416		138.941		100.364		38.4282		98.9448		38.8565		99.7537		38.3122		39.1871
30		154.012		64.588		142.429		103.656		38.7512		102.407		38.996		103.017		38.4292		39.4121
31		166.802		76.442		155.138		115.886		39.3352		114.894		39.4075		115.437		38.9947		39.7013
32		145.767		57.123		134.371		95.9262		38.2599		94.4622		38.834		95.2289		38.1059		39.1418
33		175.653		84.6885		164.02		124.379		39.707		123.428		39.6982		123.968		39.2798		40.0517
34		165.466		75.2348		153.764		114.583		39.2991		113.51		39.3908		114.087		38.8521		39.6775
35		184.515		93.372		172.812		133.109		39.7984		132.219		39.7111		132.762		39.3904		40.0499
36		178.729		88.9299		167.105		128.036		39.2598		127.147		39.0881		127.58		38.6504		39.5247
37		157.734		67.8441		146.168		107.12		39.0142		105.968		39.1646		106.545		38.7011		39.623
38		158.735		69.099		147.216		108.272		38.9515		107.162		39.0575		107.73		38.6309		39.4863
39		169.213		78.883		157.572		118.315		39.3661		117.275		39.3329		117.905		39.0222		39.667
40		121.69		36.7157		110.488		73.9977		35.9185		70.6129		38.0864		72.436		35.7203		38.0523
41		214.234		121.831		202.334		162.09		40.3751		161.199		40.2562		161.716		39.8854		40.6177
42		194.44		102.482		182.676		142.583		40.1298		141.76		39.9321		142.182		39.6994		40.4946
43		210.616		118.144		198.718		158.396		40.452		157.625		40.2612		158.011		39.8672		40.7075
44		173.854		83.8942		162.344		123.187		39.2574		122.236		39.281		122.818		38.924		39.5254
45		207.795		115.558		196.016		155.764		40.299		154.932		40.1877		155.4		39.8424		40.6156
46		169.309		79.2263		157.749		118.538		39.2053		117.47		39.1537		118.058		38.8313		39.6915
47		141.562		53.344		130.181		91.9932		37.9632		90.2588		38.774		91.1345		37.7904		39.0461
48		170.795		80.6677		159.154		119.942		39.2863		118.89		39.2401		119.516		38.8486		39.6376
49		192.078		101.868		180.483		141.201		39.4404		140.432		39.2809		140.807		38.9387		39.6766
50		169.951		78.9695		158.287		118.709		39.6204		117.701		39.5156		118.299		39.3298		39.9879
51		120.931		36.5794		109.831		73.6075		35.6395		70.0972		37.8015		72.0944		35.5149		37.7363
52		187.345		96.6651		175.66		136.173		39.5987		135.312		39.5002		135.783		39.1179		39.8768
53		152.354		64.4947		141.013		102.863		38.0566		101.62		38.3608		102.277		37.7823		38.736
54		209.905		117.803		198.073		157.972		40.1997		157.112		40.1085		157.654		39.8505		40.4193
55		176.269		85.9281		164.678		125.403		39.3936		124.547		39.3299		125.021		39.0932		39.6566
56		162.546		73.0569		151.135		112.167		39.0256		111.09		39.0737		111.652		38.5946		39.4839
57		174.04		85.1945		162.682		123.949		38.8372		123.176		38.7946		123.535		38.3408		39.1468
58		144.776		56.0095		133.277		94.8597		38.261		93.2632		38.8698		94.0761		38.0666		39.2011
59		158.916		69.001		147.32		108.253		39.0469		107.193		39.255		107.66		38.659		39.6595
60		186.212		94.3714		174.445		134.442		40.0765		133.503		39.9908		134.056		39.6843		40.3888
61		184.317		94.2477		172.794		133.527		39.3424		132.677		39.2872		133.112		38.864		39.6823
62		173.219		83.1803		161.621		122.377		39.33		121.445		39.3217		121.962		38.7815		39.6594
63		142.095		54.2216		130.741		92.7074		37.8152		91.0703		38.5517		91.9407		37.7191		38.7999
64		177.296		87.8023		165.84		126.798		39.1041		125.825		39.0421		126.39		38.5876		39.45
65		161.726		72.0857		150.193		111.261		39.0247		110.084		39.1385		110.784		38.6985		39.409
66		170.626		80.3811		159.055		119.749		39.3468		118.745		39.3793		119.329		38.9477		39.7261
67		188.213		97.0489		176.517		136.833		39.8454		135.939		39.6839		136.527		39.4782		39.99
68		142.229		54.2075		130.838		92.7148		37.8853		91.0331		38.5078		91.8671		37.6596		38.9704
69		185.382		94.3658		173.661		134.04		39.7197		133.092		39.606		133.63		39.2643		40.0311
70		187.53		96.0305		175.806		135.976		39.9648		135.073		39.7895		135.62		39.5892		40.186
71		182.355		91.191		170.57		130.888		39.8717		129.966		39.7888		130.474		39.2828		40.096
72		190.669		100.494		179.111		139.758		39.4194		138.884		39.3024		139.317		38.8223		39.7945
73		167.397		77.5163		155.861		116.809		39.1852		115.7		39.1897		116.326		38.8096		39.535
74		166.583		76.9147		155.038		116.048		39.0488		115.097		39.0596		115.566		38.6518		39.4718
75		170.768		80.6081		159.174		119.943		39.2927		118.907		39.284		119.484		38.8761		39.6894
76		177.346		87.3708		165.824		126.66		39.3023		125.684		39.1382		126.26		38.8888		39.5641
77		184.304		93.3826		172.569		133.025		39.7323		132.09		39.6447		132.609		39.2264		39.9599
78		173.299		82.1575		161.646		121.932		39.751		120.905		39.6744		121.513		39.3555		40.1328
79		180.215		89.8305		168.61		129.273		39.4991		128.284		39.4367		128.936		39.106		39.674
80		176.484		86.5678		164.994		125.812		39.2363		124.856		39.1075		125.404		38.8363		39.59
81		170.791		80.8901		159.214		120.084		39.1981		119.144		39.1445		119.65		38.7597		39.5644
82		148.155		60.2898		136.787		98.6993		38.0291		97.3474		38.4706		98.0578		37.768		38.7294
83		196.005		104.756		184.323		144.579		39.8962		143.668		39.7609		144.224		39.4678		40.0989
84		188.674		97.4942		176.965		137.223		39.8464		136.355		39.672		136.826		39.3322		40.1381
85		172.716		82.6829		161.164		122.005		39.2961		120.96		39.1389		121.599		38.9159		39.5654
86		195.291		105.275		183.765		144.568		39.4222		143.723		39.2494		144.199		38.9237		39.5661
87		159.334		69.6696		147.859		108.85		38.9783		107.73		39.1313		108.319		38.6498		39.54
88		159.531		69.9459		148.003		109.078		38.9515		107.889		39.0736		108.538		38.5917		39.4649
89		168.265		77.9464		156.649		117.347		39.3422		116.332		39.3577		116.88		38.9341		39.7686
90		181.437		90.2359		169.826		130.055		39.9037		129.225		39.7586		129.681		39.4456		40.1443
91		213.916		122		202.118		162.04		40.1685		161.229		39.9951		161.637		39.6366		40.4812
92		201.412		109.578		189.668		149.554		40.2452		148.719		40.0877		149.153		39.575		40.5149
93		161.603		72.4132		150.164		111.314		38.8505		110.149		38.9468		110.79		38.3766		39.3745
94		173.372		82.7044		161.708		122.27		39.5443		121.416		39.4152		121.847		39.1421		39.8611
95		164.673		75.0381		153.091		114.137		39.0187		113.155		39.0267		113.642		38.6039		39.4489
96		163.716		74.4776		152.317		113.425		38.9071		112.375		38.9542		112.908		38.4301		39.4094
97		183.843		93.0297		172.225		132.625		39.7425		131.718		39.6449		132.23		39.2003		39.995
98		191.717		100.716		179.977		140.335		39.7749		139.528		39.6667		139.916		39.2006		40.0602
99		178.965		88.1764		167.332		127.782		39.6154		126.82		39.5601		127.371		39.1944		39.9617
100		190.737		100.593		179.135		139.903		39.4013		138.987		39.3199		139.52		38.9278		39.615
101		164.553		74.5475		152.998		113.857		39.1678		112.794		39.19		113.379		38.8314		39.6194
102		192.496		101.145		180.744		140.965		39.934		139.995		39.7363		140.601		39.4562		40.1434
103		161.22		71.2637		149.597		110.556		39.1381		109.327		39.2198		110.034		38.7708		39.5626
104		166.114		76.6673		154.577		115.682		38.9276		114.683		38.9786		115.234		38.5664		39.3429
105		153.123		64.9548		141.708		103.439		38.2518		102.307		38.507		102.846		37.8909		38.8628
106		158.179		68.5946		146.645		107.704		38.8957		106.382		39.0431		107.147		38.5524		39.4977
107		178.101		87.5931		166.504		127.112		39.5562		126.192		39.4046		126.76		39.1667		39.7444
108		187.522		97.1762		175.928		136.557		39.4628		135.651		39.3091		136.253		39.0773		39.675
109		179.089		89.0999		167.543		128.39		39.3537		127.551		39.3099		128.062		38.9619		39.4816
110		157.459		68.6035		146.105		107.408		38.6133		106.214		38.8593		106.818		38.214		39.287
111		148.508		60.128		137.06		98.7886		38.1362		97.3021		38.4824		98.1243		37.9962		38.9361
112		188.244		97.0054		176.548		136.82		39.8494		135.802		39.7382		136.461		39.4558		40.0869
113		171.27		81.7221		159.725		120.722		39.0691		119.761		39.0081		120.264		38.5422		39.4604
114		162.193		71.8156		150.59		111.28		39.3532		110.18		39.5526		110.757		38.9413		39.8334
115		187.621		96.2985		175.846		136.091		39.8893		135.157		39.6396		135.71		39.4112		40.1366
116		121.48		36.6116		110.255		73.8485		35.8383		70.4228		38.0821		72.2527		35.6411		38.0025
117		169.633		79.1554		157.953		118.62		39.3974		117.77		39.3603		118.147		38.9918		39.8062
118		180.654		89.8447		168.956		129.445		39.6858		128.473		39.5752		129.069		39.2246		39.8867
119		193.448		102.928		181.883		142.458		39.6051		141.686		39.41		142.062		39.1338		39.8214
120		187.766		96.6135		176.072		136.351		39.7937		135.578		39.7108		135.909		39.2953		40.1628
121		175.559		84.8333		163.847		124.387		39.5468		123.419		39.5072		123.948		39.1146		39.8994
122		188.639		97.4134		176.876		137.108		39.8167		136.18		39.627		136.661		39.2472		40.2153
123		175.45		84.9538		163.925		124.5		39.5125		123.7		39.4657		124.208		39.2544		39.7172
124		134.953		47.8846		123.671		86.1032		37.2644		84.0156		38.3173		85.1155		37.2309		38.5552
125		146.927		59.1812		135.646		97.5793		37.9678		96.1674		38.4531		96.8992		37.718		38.7468
126		195.105		103.991		183.396		143.755		39.8085		142.947		39.6742		143.435		39.4441		39.9606
127		143.788		55.5882		132.379		94.2035		38.0018		92.6131		38.7163		93.4313		37.8432		38.9475
128		178.536		88.9031		166.973		127.952		39.2373		126.959		39.0863		127.56		38.6571		39.4131
129		177.145		86.0028		165.412		125.742		39.7637		124.734		39.6357		125.287		39.2844		40.125
130		148.826		59.4134		137.379		98.5398		38.6717		97.1031		39.2762		97.8887		38.4753		39.4905
131		167.937		77.5507		156.289		117.019		39.3971		116.034		39.3843		116.554		39.0036		39.7346
132		167.385		77.5926		155.808		116.849		39.1163		115.749		39.0773		116.407		38.8143		39.4015
133		159.885		70.2889		148.316		109.436		38.9395		108.216		38.9943		108.886		38.5975		39.4295
134		175.851		85.1214		164.202		124.701		39.5743		123.705		39.5337		124.287		39.1659		39.9145
135		184.68		94.4169		173.055		133.786		39.4502		132.923		39.343		133.42		39.0035		39.6343
136		190.296		98.352		178.479		138.407		40.1068		137.44		39.9332		138.001		39.6486		40.4785
137		156.443		67.5804		144.982		106.392		38.5484		105.137		38.7301		105.863		38.2828		39.1184
138		203.613		111.343		191.732		151.505		40.3157		150.717		40.1321		151.078		39.7344		40.6541
139		177.96		87.6917		166.322		127.028		39.4057		126.06		39.3216		126.604		38.912		39.7187
140		178.071		87.5964		166.461		127.044		39.4868		126.139		39.403		126.654		39.0578		39.8073
141		187.619		96.9754		175.914		136.484		39.593		135.714		39.489		136.114		39.1388		39.7995
142		169.124		78.7591		157.421		118.144		39.3506		117.208		39.3599		117.69		38.9312		39.7305
143		193.483		102.628		181.853		142.246		39.7186		141.359		39.6159		141.913		39.2841		39.9405
144		153.186		65.1844		141.858		103.583		38.2138		102.39		38.5482		103.048		37.8638		38.8102
145		184.854		93.8355		173.128		133.568		39.765		132.624		39.6158		133.179		39.3436		39.9493
146		189.982		99.1067		178.332		138.655		39.7317		137.818		39.5759		138.214		39.1078		40.1173
147		168.824		78.6563		157.185		117.961		39.2821		117.011		39.3026		117.513		38.8569		39.6718
148		159.492		69.9909		148.017		109.092		38.8737		107.983		39.0361		108.524		38.5334		39.4924
149		145.473		56.9239		134.147		95.73		38.23		94.1456		38.8899		95.0449		38.121		39.1022
150		159.786		69.8846		148.29		109.178		39.0598		108.056		39.1728		108.662		38.7778		39.6275
151		154.431		64.9418		142.846		104.064		38.7707		102.701		39.0534		103.54		38.5981		39.3057
152		202.219		110.343		190.372		150.341		40.1324		149.473		39.9526		149.928		39.5852		40.4438
153		146.287		58.1062		135.057		96.7525		38.1449		95.2036		38.6565		96.0292		37.923		39.0282
154		164.048		74.1331		152.51		113.357		39.2053		112.261		39.1633		112.821		38.6875		39.6896
155		128.097		42.0058		116.729		79.7518		36.6003		77.055		38.3141		78.5244		36.5185		38.2051
156		153.634		64.5208		142.093		103.413		38.5779		102.264		38.9806		102.815		38.2937		39.2789
157		183.168		92.4352		171.51		131.986		39.6191		130.978		39.4753		131.596		39.1607		39.9142
158		148.381		59.352		136.863		98.2452		38.4805		96.7678		39.013		97.5281		38.1762		39.3353
159		192.709		100.909		180.866		140.882		40.097		140.086		39.9288		140.49		39.5803		40.3762
160		164.638		74.7765		152.977		113.99		39.1279		112.981		39.1768		113.512		38.736		39.465
161		197.722		105.763		185.891		145.882		40.2055		145.08		40.0526		145.525		39.7613		40.3668
162		148.131		59.3942		136.719		98.1662		38.3622		96.6473		38.9171		97.4563		38.0621		39.2627
163		194.149		103.041		182.504		142.778		39.8356		141.857		39.6281		142.457		39.4163		40.0464
164		193.335		102.369		181.634		142.044		39.7084		141.089		39.5332		141.683		39.3144		39.951
165		185.39		94.1832		173.588		133.902		39.7993		132.954		39.6446		133.467		39.2842		40.1211
166		169.406		79.2781		157.783		118.612		39.2281		117.567		39.2513		118.145		38.867		39.6377
167		131.22		44.8794		119.853		82.7253		36.8495		80.1635		38.191		81.5678		36.6884		38.2854
168		186.084		95.656		174.5		135.093		39.4996		134.272		39.3614		134.722		39.0663		39.778
169		174.858		84.8024		163.339		124.12		39.3276		123.212		39.2282		123.685		38.8826		39.6537
170		159.155		69.737		147.61		108.767		38.8342		107.585		38.9499		108.229		38.4919		39.3814
171		142.601		53.9606		131.172		92.7713		38.1744		91.0598		38.9699		91.9052		37.9446		39.2672
172		200.052		108.64		188.284		148.491		39.9523		147.596		39.8384		148.113		39.4729		40.1715
173		160.899		72.9035		149.514		111.297		38.2798		110.306		38.3231		110.79		37.8868		38.7234
174		201.027		110.036		189.331		149.693		39.8224		148.767		39.5657		149.343		39.3075		39.9872
175		145.52		56.8142		134.065		95.6806		38.2842		93.9501		38.8712		94.9342		38.12		39.1312
176		130.019		44.1497		118.922		81.8194		36.6775		79.3848		38.0903		80.6569		36.5072		38.265
177		181.4		90.6713		169.761		130.214		39.6846		129.308		39.5658		129.768		39.0972		39.993
178		164.948		74.8974		153.332		114.179		39.2091		113.084		39.2627		113.656		38.7586		39.6761
179		121.801		37.2806		110.581		74.3758		35.7817		71.0551		37.8739		72.8359		35.5553		37.7455
180		156.429		68.1753		145.122		106.782		38.3276		105.609		38.4489		106.274		38.0992		38.8479
181		221.702		128.974		209.723		169.396		40.5325		168.646		40.4089		169.005		40.031		40.7178
182		145.684		57.5046		134.27		96.0883		38.0952		94.5243		38.6411		95.3924		37.8878		38.878
183		187.21		95.9647		175.432		135.741		39.864		134.77		39.6931		135.404		39.4389		40.0286
184		175.027		84.3425		163.39		123.898		39.5593		123.003		39.4905		123.464		39.1217		39.9262
185		159.605		70.8245		148.227		109.623		38.6389		108.455		38.7834		109.078		38.2536		39.149
186		218.773		126.807		206.999		166.956		40.2056		166.137		40.1452		166.562		39.7546		40.4365
187		148.821		59.8761		137.311		98.7601		38.4354		97.3855		38.835		98.0998		38.2237		39.2115
188		139.14		51.693		127.782		89.9895		37.599		88.1574		38.4668		89.096		37.403		38.6856
189		185.464		93.7516		173.659		133.769		40.056		132.743		39.9094		133.412		39.66		40.247
190		192.061		100.364		180.263		140.275		40.1148		139.467		39.9936		139.9		39.5367		40.3629
191		147.27		58.5451		135.87		97.3759		38.3741		95.9658		38.8004		96.6594		38.1142		39.2108
192		191.517		100.822		179.913		140.353		39.6322		139.553		39.5		139.991		39.1693		39.9219
193		145.346		56.9704		133.947		95.65		38.1484		94.0499		38.7763		94.9499		37.9794		38.9973
194		202.126		111.309		190.388		150.895		39.7412		150.004		39.5692		150.507		39.1983		39.8811
195		161.001		72.0572		149.595		110.901		38.7306		109.816		38.7484		110.385		38.3282		39.2101
196		164.764		75.1833		153.289		114.294		39.0399		113.264		39.1137		113.823		38.6397		39.4664
197		198.649		107.187		186.912		147.074		40.0614		146.286		39.9565		146.677		39.4902		40.2346
198		189.222		98.4252		177.535		137.971		39.6686		137.049		39.602		137.563		39.1377		39.9716
199		151.515		62.4399		139.923		101.382		38.5296		100.209		38.9298		100.771		38.3315		39.1515
200		151.092		62.5319		139.682		101.289		38.3268		99.9982		38.6803		100.665		38.1332		39.0172
201		173.533		83.1696		161.964		122.594		39.4417		121.701		39.4051		122.169		38.9992		39.7949
202		168.998		78.8995		157.357		118.225		39.2366		117.209		39.3056		117.749		38.8498		39.6076
203		122.384		36.9105		111.101		74.4405		36.1446		70.9591		38.4472		72.8546		35.9441		38.2466
204		169.744		80.3363		158.194		119.321		38.9644		118.492		38.9621		118.897		38.5603		39.2969
205		159.096		69.4576		147.6		108.624		38.917		107.48		39.0482		108.125		38.6674		39.4748
206		174.911		84.8037		163.442		124.184		39.3624		123.268		39.2695		123.801		38.9975		39.6407
207		118.223		34.2016		107.017		71.0263		35.4043		67.0962		38.0238		69.2696		35.068		37.7478
208		176.233		85.6911		164.588		125.215		39.5048		124.427		39.427		124.775		39.0838		39.8126
209		190.071		98.5734		178.312		138.437		39.9601		137.524		39.8228		138.049		39.4755		40.263
210		181.321		91.1483		169.695		130.431		39.3677		129.542		39.2602		130.036		38.8874		39.6594
211		143.234		55.2913		131.928		93.7937		37.886		92.3755		38.4989		92.9987		37.7074		38.9295
212		165.416		74.9739		153.803		114.425		39.3643		113.375		39.402		113.927		38.9528		39.8765
213		137.983		50.0968		126.519		88.6059		37.6825		86.7199		38.6547		87.6496		37.5528		38.8693
214		192.412		101.202		180.676		140.991		39.8548		140.173		39.7096		140.649		39.4471		40.0264
215		175.191		84.7472		163.543		124.173		39.4864		123.408		39.4344		123.725		38.9775		39.8187
216		136.569		49.6956		125.135		87.7012		37.2394		85.6905		38.2135		86.7505		37.0548		38.3841
217		183.002		92.7154		171.428		132.08		39.4771		131.263		39.3388		131.683		38.9677		39.7453
218		175.434		84.8289		163.829		124.341		39.5272		123.468		39.4356		123.937		39.1078		39.8919
219		169.219		78.6531		157.537		118.185		39.447		117.187		39.4026		117.703		39.0503		39.8334
220		184.638		94.0763		173.01		133.606		39.5542		132.689		39.4672		133.265		39.1884		39.7449
221		151.788		62.692		140.344		101.654		38.5302		100.438		38.8742		100.999		38.3072		39.3447
222		168.148		77.9729		156.44		117.273		39.2398		116.189		39.2467		116.765		38.792		39.6747
223		175.262		84.3532		163.591		124.023		39.6686		123.161		39.5445		123.588		39.2346		40.0034
224		163.568		74.0515		152.057		113.138		39.0604		111.992		39.1885		112.624		38.5721		39.4337
225		184.267		93.4956		172.646		133.089		39.62		132.196		39.3962		132.676		39.1804		39.9698
226		158.417		68.8244		146.903		107.952		38.9444		106.901		39.1116		107.395		38.5703		39.5082
227		223.828		131.245		211.993		171.523		40.5311		170.641		40.3728		171.135		39.8896		40.8585
228		161.85		71.6328		150.316		111.034		39.2575		109.862		39.4276		110.499		38.8659		39.8169
229		161.367		71.1077		149.746		110.49		39.2488		109.347		39.3449		109.962		38.8547		39.7837
230		182.63		91.7589		170.988		131.415		39.7236		130.563		39.5979		131.058		39.2995		39.9294
231		173.363		82.778		161.719		122.242		39.5366		121.239		39.4442		121.846		39.068		39.8728
232		209.618		117.682		197.767		157.729		40.1786		157.001		39.9746		157.398		39.7167		40.3685
233		212.572		119.883		200.667		160.267		40.526		159.443		40.3219		159.949		40.0659		40.7188
234		189.197		98.3648		177.504		137.95		39.7308		137.265		39.604		137.604		39.2387		39.9006
235		158.597		68.5937		147.062		107.878		39.0867		106.626		39.2651		107.287		38.6929		39.7754
236		181.925		91.1328		170.216		130.73		39.6605		129.772		39.5011		130.348		39.2147		39.8683
237		181.609		90.5796		169.909		130.324		39.8389		129.367		39.7194		129.906		39.3268		40.0028
238		173.954		84.3958		162.421		123.446		39.0385		122.515		38.9873		123.053		38.6574		39.3682
239		179.777		89.8492		168.239		129.073		39.2974		128.219		39.1598		128.705		38.8562		39.5338
240		155.548		66.98		144.209		105.7		38.4419		104.627		38.6845		105.176		38.1959		39.0334
241		183.92		93.4365		172.282		132.871		39.5772		131.998		39.4504		132.429		38.9929		39.8528
242		176.32		85.8453		164.742		125.318		39.4794		124.451		39.4559		124.889		39.0436		39.8528
243		170.486		81.2946		158.973		120.11		38.8884		119.088		38.8924		119.665		38.3702		39.3083
244		160.665		70.912		149.168		110.135		39.033		109.065		39.1368		109.673		38.7613		39.4943
245		161.885		72.7282		150.363		111.608		38.8109		110.424		38.8876		111.13		38.4015		39.2335
246		206.624		114.289		194.726		154.592		40.365		153.744		40.1681		154.243		39.9541		40.4833
247		192.362		100.967		180.592		140.8		39.9168		140.021		39.7632		140.458		39.4912		40.1341
248		192.369		101.596		180.729		141.18		39.6931		140.442		39.6239		140.834		39.2377		39.8945
249		174.292		83.7918		162.66		123.237		39.4996		122.13		39.4356		122.831		39.0388		39.8291
250		180.983		90.2875		169.333		129.807		39.6313		128.877		39.5786		129.397		39.1093		39.9364
251		153.658		64.6007		142.119		103.45		38.607		102.358		38.9133		102.806		38.2057		39.3122
252		173.266		82.9923		161.676		122.361		39.3725		121.4		39.3448		121.917		38.9245		39.7592
253		176.758		86.0376		165.118		125.574		39.5733		124.564		39.4956		125.073		39.0353		40.0449
254		152.614		64.0918		141.173		102.776		38.352		101.382		38.5315		102.167		38.075		39.0063
255		133.067		46.4387		121.823		84.4179		37.0796		82.1766		38.3216		83.3402		36.9015		38.4832
256		119.709		35.5286		108.575		72.4597		35.5518		68.9238		37.9021		70.8092		35.2805		37.7661
257		171.898		82.6966		160.531		121.616		38.9637		120.555		38.899		121.201		38.5042		39.3297
258		184.552		93.7799		172.932		133.408		39.6106		132.586		39.5233		133.012		39.2321		39.9204
259		162.736		72.4727		151.176		111.89		39.2723		110.897		39.4058		111.391		38.9187		39.7846
260		155.608		66.9483		144.192		105.665		38.4822		104.366		38.7646		105.112		38.1642		39.0794
261		159.855		70.6487		148.392		109.671		38.7708		108.549		38.966		109.225		38.5761		39.1675
262		245.842		152.375		233.829		193.165		40.8134		192.247		40.7153		192.767		40.3916		41.0624
263		191.14		99.3689		179.368		139.303		40.1497		138.384		40.0045		138.879		39.5099		40.4895
264		179.337		89.2953		167.713		128.52		39.3538		127.736		39.2717		128.088		38.7924		39.6253
265		182.796		91.8373		171.122		131.502		39.7627		130.621		39.5983		131.116		39.2782		40.0066
266		165.373		75.7408		153.818		114.871		39.0467		113.92		39.0703		114.405		38.6639		39.4133
267		147.505		58.5167		136.002		97.4276		38.4363		95.8807		38.8962		96.7059		38.1892		39.2963
268		194.673		103.68		182.998		143.441		39.7978		142.506		39.7016		143.055		39.3748		39.9431
269		144.015		55.6957		132.615		94.3776		38.0585		92.7284		38.7149		93.6359		37.9402		38.9794
270		213.779		120.93		201.735		161.265		40.5901		160.445		40.4849		160.882		39.9518		40.8529
271		179.406		89.2526		167.831		128.606		39.3922		127.708		39.2595		128.229		38.9765		39.6018
272		164.416		74.9998		152.861		114.062		38.9694		112.98		39.0653		113.632		38.6326		39.2283
273		184.736		94.4222		173.107		133.825		39.4361		132.847		39.3014		133.467		39.0453		39.6397
274		179.49		88.4337		167.731		128.108		39.7325		127.132		39.6009		127.667		39.2335		40.0641
275		188.61		97.6682		176.952		137.265		39.748		136.406		39.6155		136.843		39.1752		40.1081
276		180.131		89.4603		168.456		129.01		39.6277		128.136		39.5359		128.612		39.1513		39.8445
277		187.05		95.5272		175.204		135.421		39.9477		134.551		39.8169		134.993		39.4655		40.2109
278		170.722		80.5002		159.069		119.861		39.3191		118.964		39.295		119.43		38.9297		39.6392
279		200.216		109.089		188.474		148.717		39.877		147.843		39.7595		148.311		39.2222		40.1628
280		148.676		60.162		137.17		98.8825		38.2349		97.431		38.5693		98.2371		38.075		38.9326
281		184.889		93.9656		173.213		133.625		39.7818		132.723		39.6608		133.218		39.2527		39.9945
282		151.164		62.6645		139.723		101.346		38.3347		100.026		38.7337		100.716		38.0512		39.0071
283		177.613		87.1661		166.01		126.619		39.5756		125.53		39.4305		126.204		39.0382		39.8059
284		169.28		78.2999		157.605		118.009		39.5894		116.866		39.578		117.554		39.2536		40.0513
285		155.764		66.7566		144.35		105.683		38.6493		104.404		38.8053		105.131		38.3748		39.219
286		207.444		114.964		195.591		155.278		40.3903		154.293		40.1691		154.931		39.9671		40.6605
287		175.547		85.0997		163.958		124.56		39.45		123.691		39.3404		124.153		39.0532		39.8048
288		153.336		63.8463		141.79		102.968		38.7449		101.662		39.0597		102.376		38.5296		39.4144
289		176.97		86.2911		165.375		125.873		39.5775		124.924		39.4282		125.471		39.1795		39.9047
290		186.349		95.2799		174.69		134.943		39.7715		134.001		39.6493		134.507		39.2269		40.1835
291		166.165		76.6644		154.716		115.804		39.0239		114.712		39.1182		115.399		38.735		39.3164
292		168.039		77.82		156.404		117.208		39.3011		116.155		39.3291		116.757		38.9369		39.6472
293		201.278		109.822		189.501		149.643		39.9874		148.905		39.8292		149.235		39.413		40.2659
294		178.176		87.7221		166.539		127.173		39.4918		126.271		39.3528		126.75		39.0274		39.7895
295		182.739		92.2929		171.141		131.81		39.5103		130.936		39.3793		131.469		39.1758		39.6723
296		201.163		109.756		189.374		149.57		39.9282		148.77		39.7444		149.138		39.3818		40.2356
297		167.244		76.7556		155.545		116.233		39.4029		115.223		39.4201		115.756		39.0004		39.7886
298		190.636		99.6261		178.956		139.309		39.8036		138.476		39.6785		138.974		39.3477		39.9822
299		152.099		62.7561		140.522		101.825		38.6615		100.47		38.9737		101.168		38.4121		39.354
300		182.349		92.0048		170.672		131.377		39.4645		130.538		39.3923		130.938		38.9336		39.734
301		189.245		98.0533		177.548		137.791		39.8318		136.918		39.5891		137.42		39.3664		40.1282
302		149.298		60.6073		137.786		99.3696		38.3603		97.8942		38.7509		98.647		38.0396		39.1392
303		175.513		85.5762		164.009		124.819		39.2484		123.922		39.1607		124.413		38.837		39.5957
304		177.652		87.5003		166.125		126.832		39.4234		125.967		39.3779		126.412		38.9115		39.713
305		173.931		83.6291		162.314		122.963		39.3931		121.969		39.3498		122.485		38.8564		39.8282
306		149.115		59.938		137.545		98.9079		38.5697		97.5139		38.9484		98.1877		38.2497		39.3577
307		157.414		67.6379		145.851		106.845		38.9472		105.73		39.0793		106.261		38.6229		39.5905
308		153.525		65.0855		142.089		103.658		38.3646		102.38		38.6059		103.046		37.9601		39.0438
309		107.662		27.0036		96.7042		62.2889		33.7153		56.6135		37.5576		59.9246		32.921		36.7796
310		165.352		75.3853		153.737		114.669		39.1514		113.638		39.1523		114.201		38.8156		39.5364
311		159.502		70.2321		148.083		109.284		38.8126		108.056		38.8668		108.783		38.5511		39.3001
312		183.376		93.6058		171.814		132.716		39.227		131.787		39.1016		132.297		38.6917		39.5166
313		176.331		85.969		164.682		125.398		39.4312		124.523		39.3863		125.011		39.0417		39.6711
314		192.267		102.06		180.697		141.42		39.4796		140.737		39.3934		141		38.9396		39.6965
315		177.475		86.8637		165.813		126.362		39.546		125.327		39.4554		125.894		39.0304		39.9193
316		174.81		83.7156		163.152		123.43		39.7262		122.486		39.5996		122.988		39.2728		40.1633
317		171.029		81.0147		159.369		120.259		39.2358		119.25		39.2001		119.834		38.8194		39.5349
318		138.988		51.0978		127.519		89.5583		37.7508		87.7358		38.7139		88.6164		37.5186		38.9029
319		159.543		69.9504		148.078		109.112		38.9784		107.965		39.0464		108.632		38.6812		39.446
320		195.958		104.311		184.199		144.311		40.0979		143.426		39.9079		143.991		39.6807		40.2079
321		164.228		74.6642		152.72		113.707		39.0355		112.581		39.0799		113.187		38.5229		39.533
322		166.86		77.0353		155.306		116.265		39.1643		115.304		39.1182		115.811		38.7755		39.4955
323		164.015		74.9286		152.519		113.772		38.7658		112.695		38.8138		113.283		38.3541		39.2362
324		188.019		97.0108		176.309		136.657		39.7611		135.732		39.5998		136.272		39.2609		40.0376
325		180.148		89.7923		168.577		129.2		39.5045		128.32		39.4499		128.813		39.0211		39.7634
326		159.198		70.1138		147.776		109.029		38.7184		107.963		38.8814		108.448		38.3342		39.3279
327		206.166		113.907		194.271		154.131		40.2933		153.251		40.1117		153.752		39.8449		40.5191
328		169.679		80.3441		158.212		119.274		38.9555		118.256		38.9194		118.845		38.501		39.3672
329		148.667		59.3747		137.123		98.4241		38.5705		97.135		39.0028		97.761		38.3862		39.3616
330		200.013		108.604		188.347		148.478		40.0156		147.54		39.949		148.106		39.5021		40.2413
331		127.938		41.9008		116.659		79.6039		36.5885		76.938		38.1586		78.3172		36.4165		38.3418
332		149.046		60.7942		137.693		99.4314		38.2018		98.1153		38.6677		98.8112		38.017		38.8815
333		174.767		84.7384		163.263		124.065		39.3397		123.14		39.2428		123.701		38.9628		39.5621
334		169.309		78.6367		157.551		118.158		39.4971		117.167		39.5259		117.676		39.0391		39.8756
335		172.297		81.222		160.496		120.938		39.6886		120.001		39.6737		120.466		39.244		40.0302
336		161.761		72.2988		150.265		111.377		38.911		110.398		39.0012		110.89		38.5908		39.3755
337		197.614		106.475		185.978		146.283		39.8659		145.3		39.7494		145.983		39.5073		39.9955
338		202.349		111.063		190.643		150.868		39.9154		149.877		39.7379		150.493		39.43		40.1497
339		195.985		104.691		184.254		144.524		39.9148		143.695		39.7056		144.143		39.4521		40.1104
340		152.803		63.4639		141.287		102.532		38.6927		101.212		39.0337		101.927		38.4632		39.3596
341		174.166		83.81		162.527		123.206		39.4522		122.201		39.4082		122.745		38.9345		39.7822
342		154.348		65.7448		142.931		104.458		38.4254		103.33		38.6672		103.941		38.1965		38.99
343		200.902		109.261		189.11		149.217		40.1319		148.405		40.0049		148.871		39.6106		40.2389
344		197.671		106.038		185.918		145.997		40.025		145.212		39.8906		145.622		39.5838		40.296
345		185.97		95.1676		174.257		134.754		39.6556		133.948		39.5134		134.399		39.2311		39.8581
346		161.274		72.3251		149.786		111.137		38.7211		110.029		38.7454		110.611		38.286		39.1746
347		164.112		74.8096		152.631		113.794		38.9298		112.685		38.9959		113.315		38.5051		39.3159
348		194.302		103.094		182.593		142.869		39.8477		142.074		39.6595		142.527		39.4329		40.0659
349		166.652		77.1719		155.139		116.171		38.9591		115.283		38.9793		115.665		38.4928		39.4741
350		152.95		63.4107		141.44		102.578		38.7903		101.198		39.189		101.964		38.5534		39.4762
351		190.944		99.9569		179.281		139.603		39.7672		138.652		39.593		139.211		39.2543		40.0698
352		157.41		68.1051		145.923		107.079		38.7631		105.9		38.9285		106.525		38.4194		39.3984
353		152.343		62.7217		140.8		101.91		38.752		100.665		39.046		101.256		38.5339		39.5443
354		166.83		77.1301		155.262		116.302		39.085		115.207		39.0929		115.804		38.6735		39.4585
355		173.692		83.6991		162.197		123.004		39.2783		122.134		39.1681		122.597		38.8977		39.6002
356		174.79		84.4356		163.213		123.871		39.4382		123.03		39.4051		123.481		39.0455		39.732
357		183.881		93.7874		172.282		133.027		39.3415		132.162		39.1869		132.599		38.8119		39.6824
358		179.171		88.4577		167.542		128.019		39.6124		127.179		39.5335		127.629		39.1718		39.9121
359		201.747		109.966		189.99		149.927		40.1118		149.144		40.0082		149.487		39.5209		40.5037
360		163.225		73.7522		151.75		112.816		38.9654		111.754		38.9798		112.299		38.5465		39.4511
361		179.107		88.0776		167.435		127.839		39.7869		127.001		39.6589		127.465		39.3879		39.9695
362		171.525		81.2073		159.913		120.6		39.3855		119.61		39.3159		120.202		38.9946		39.711
363		163.626		74.605		152.077		113.421		38.7089		112.374		38.8123		112.927		38.3216		39.1502
364		187.3		96.9375		175.731		136.315		39.4978		135.354		39.4602		135.983		39.0458		39.7482
365		179.866		88.9186		168.204		128.594		39.7264		127.63		39.697		128.182		39.2637		40.0222
366		188.595		97.6868		176.956		137.303		39.7452		136.415		39.5735		136.929		39.2421		40.0267
367		179.18		88.6626		167.558		128.148		39.5693		127.204		39.3946		127.758		39.0952		39.8007
368		151.484		62.4207		139.933		101.351		38.54		99.9945		38.9308		100.662		38.2417		39.2704
369		180.54		90.1045		168.939		129.541		39.5746		128.659		39.5243		129.157		39.0528		39.7821
370		169.357		79.6489		157.795		118.77		39.115		117.935		39.1016		118.291		38.6419		39.504
371		154.797		66.6828		143.525		105.236		38.2813		104.09		38.4984		104.746		38.0629		38.7797
372		182.716		91.5395		171.003		131.289		39.7755		130.363		39.6919		130.932		39.3922		40.0715
373		204.159		112.527		192.376		152.461		40.0728		151.609		39.9175		152.091		39.5638		40.2847
374		200.737		109.948		189.074		149.481		39.7107		148.72		39.4841		149.064		39.1156		40.0096
375		164.268		75.3071		152.814		114.158		38.7329		113.148		38.7474		113.71		38.4031		39.1033
376		180.9		90.055		169.162		129.645		39.7365		128.813		39.5753		129.222		39.1671		39.9402
377		175.788		85.4811		164.218		124.881		39.391		123.996		39.3709		124.459		38.9774		39.7598
378		192.282		101.101		180.61		140.85		39.8372		140.032		39.8063		140.413		39.3116		40.197
379		171.693		81.8702		160.129		121.035		39.1773		120.251		39.1498		120.663		38.7929		39.4655
380		186.638		96.0119		174.996		135.523		39.5837		134.604		39.527		135.126		39.1143		39.8697
381		202.989		111.219		191.297		151.245		40.2002		150.309		40.0934		150.931		39.7116		40.3661
382		188.564		97.154		176.854		136.999		39.9067		136.017		39.7517		136.609		39.4552		40.2447
383		195.302		104.299		183.653		144.036		39.806		143.214		39.7165		143.674		39.375		39.9791
384		177.868		87.0123		166.172		126.583		39.6184		125.681		39.5301		126.122		39.11		40.05
385		182.769		92.171		171.157		131.668		39.5875		130.821		39.4315		131.239		39.0684		39.9175
386		195.279		103.668		183.507		143.655		40.1133		142.818		39.9093		143.289		39.6207		40.218
387		180.548		90.1597		168.882		129.553		39.4756		128.743		39.3597		129.172		39.0122		39.7098
388		147.354		59.5353		135.987		97.9796		38.0169		96.5383		38.4804		97.3339		37.7985		38.653
389		172.209		81.3711		160.467		120.964		39.5724		120.011		39.5509		120.564		39.1927		39.9037
390		181.802		91.4837		170.233		130.908		39.4328		129.92		39.2937		130.582		39.098		39.6515
391		149.316		60.6447		137.843		99.4179		38.3712		98.0426		38.8659		98.787		38.1424		39.0562
392		178.966		88.8347		167.368		128.128		39.3586		127.303		39.284		127.75		38.9151		39.6182
393		200.475		108.505		188.65		148.636		40.2443		147.967		40.0456		148.252		39.7468		40.3979
394		137.472		49.9434		126.044		88.2739		37.5427		86.2459		38.5826		87.3117		37.3682		38.7323
395		188.716		97.394		176.945		137.205		39.8572		136.295		39.7133		136.816		39.4223		40.1291
396		221.299		129.905		209.645		169.765		40.0408		168.921		39.8919		169.391		39.486		40.2531
397		158.298		68.4877		146.75		107.709		38.9967		106.462		39.1515		107.124		38.636		39.6262
398		155.718		65.9262		144.083		105.114		38.9292		103.945		39.1999		104.486		38.5603		39.5968
399		208.964		117.525		197.254		157.367		39.9979		156.533		39.8084		156.97		39.4451		40.2832
400		181.861		92.0517		170.339		131.236		39.2638		130.277		39.1409		130.808		38.7558		39.5314
401		209.71		117.455		197.852		157.625		40.3376		156.805		40.1514		157.222		39.7677		40.6299
402		228.055		136.113		216.265		176.198		40.2021		175.372		40.1364		175.801		39.6884		40.4641
403		153.168		63.4548		141.543		102.664		38.8377		101.434		39.158		102.052		38.5976		39.4909
404		178.733		88.4112		167.12		127.82		39.4859		126.888		39.3933		127.43		39.0184		39.6905
405		186.887		95.8305		175.288		135.56		39.7726		134.67		39.6512		135.138		39.3075		40.1502
406		165.06		74.9655		153.362		114.252		39.164		113.161		39.1791		113.777		38.8111		39.5852
407		172.372		82.3703		160.785		121.558		39.3132		120.681		39.2742		121.13		38.7597		39.6548
408		121.699		36.9947		110.539		74.1777		35.7782		70.797		37.9603		72.5985		35.6038		37.9405
409		155.797		66.3103		144.282		105.375		38.8129		104.066		39.0993		104.782		38.4719		39.4999
410		151.498		62.2707		139.948		101.278		38.6034		99.9359		38.89		100.643		38.3723		39.3049
411		199.154		107.822		187.507		147.634		40.0305		146.8		39.9052		147.199		39.3763		40.3088
412		200.025		108.909		188.32		148.603		39.8738		147.667		39.6754		148.254		39.3448		40.0657
413		197.089		105.941		185.333		145.678		39.8629		144.801		39.6402		145.33		39.3887		40.0027
414		208.4		116.063		196.464		156.232		40.3194		155.242		40.1465		155.797		39.7339		40.6663
415		150.521		62.4551		139.122		100.911		38.0825		99.6894		38.4255		100.266		37.8104		38.8568
416		172.198		82.2548		160.696		121.501		39.2262		120.578		39.2058		121.087		38.8321		39.6092
417		181.743		90.5638		169.976		130.254		39.8372		129.319		39.7575		129.87		39.3058		40.1064
418		169.897		79.752		158.291		119.067		39.2953		118.05		39.282		118.641		38.8891		39.6495
419		181.706		91.3776		170.083		130.744		39.4775		129.795		39.3469		130.356		38.9779		39.7275
420		169.387		80.2704		157.853		119.102		38.8734		118.101		38.8754		118.657		38.3861		39.1968
421		153.62		65.1985		142.215		103.824		38.3962		102.516		38.523		103.247		38.0483		38.9681
422		177.781		87.0305		166.163		126.655		39.5925		125.757		39.5548		126.315		39.2844		39.8482
423		151.162		62.6855		139.644		101.32		38.2966		100.084		38.679		100.689		38.0038		38.9549
424		167.958		77.7945		156.272		117.114		39.2397		116.135		39.2053		116.614		38.8194		39.6585
425		164.417		74.9905		152.856		113.987		38.9133		112.931		39.0521		113.47		38.4795		39.3858
426		154.192		64.965		142.674		103.927		38.706		102.707		38.972		103.295		38.3305		39.3782
427		208.124		115.262		196.17		155.734		40.5373		154.914		40.3768		155.357		40.0945		40.8129
428		143.936		56.524		132.652		94.7886		37.758		93.2725		38.2824		94.0046		37.4806		38.6472
429		144.891		57.3563		133.617		95.6033		37.8511		94.1023		38.3558		94.9126		37.5563		38.7045
430		162.063		72.8955		150.612		111.825		38.8076		110.668		38.7975		111.337		38.4415		39.2753
431		165.369		75.1704		153.854		114.579		39.3118		113.632		39.3892		114.094		38.9237		39.76
432		166.56		76.625		154.905		115.899		39.1349		114.838		39.1856		115.52		38.8949		39.3855
433		195.317		104.014		183.57		143.818		39.8838		142.877		39.718		143.405		39.3916		40.1644
434		162.035		72.6874		150.493		111.66		38.8645		110.566		38.9717		111.138		38.4503		39.3555
435		166.565		77.2972		155.064		116.29		38.8649		115.318		38.8808		115.88		38.5831		39.1834
436		192.684		101.966		180.935		141.522		39.6178		140.734		39.4906		141.182		39.2157		39.7527
437		183.832		93.1797		172.151		132.71		39.5562		131.859		39.4901		132.344		39.1647		39.8067
438		198.306		106.818		186.539		146.703		39.9843		145.853		39.9453		146.268		39.4491		40.2715
439		170.696		80.8589		159.093		120.007		39.1612		119.119		39.1893		119.57		38.7107		39.523
440		189.084		98.4372		177.383		137.882		39.627		136.94		39.4955		137.475		39.0376		39.908
441		169.545		79.1198		157.803		118.537		39.3776		117.682		39.3759		118.076		38.9564		39.7268
442		172.426		82.8026		160.918		121.832		39.0791		120.947		39.0533		121.343		38.5406		39.5747
443		180.848		90.59		169.214		129.938		39.4827		128.964		39.3989		129.512		38.9223		39.7017
444		185.622		95.457		174.062		134.751		39.3997		133.913		39.3184		134.341		38.884		39.721
445		202.373		110.895		190.58		150.752		40.0184		149.936		39.9012		150.422		39.5268		40.1575
446		200.512		108.849		188.769		148.763		40.0873		147.883		39.9072		148.382		39.5328		40.3875
447		132.876		46.0157		121.646		84.063		37.1249		81.7447		38.4057		82.964		36.9483		38.6825
448		209.711		118.648		197.999		158.322		39.8261		157.516		39.6857		157.993		39.345		40.0058
449		185.385		94.6171		173.735		134.138		39.6045		133.316		39.5098		133.712		39.0949		40.023
450		182.435		91.8925		170.778		131.355		39.545		130.526		39.4209		130.965		39.073		39.8121
451		164.083		74.7393		152.482		113.724		38.8906		112.634		38.9425		113.212		38.473		39.2693
452		165.652		75.8302		154.029		115.075		39.1132		114.052		39.2387		114.626		38.7956		39.4029
453		140.394		52.7684		129.065		91.1367		37.6995		89.4235		38.5829		90.3269		37.5586		38.7383
454		172.054		82.2891		160.52		121.423		39.1692		120.583		39.1241		120.966		38.6773		39.5538
455		205.023		113.304		193.223		153.291		40.1171		152.527		40.0034		152.898		39.5941		40.3245
456		186.343		95.5411		174.703		135.115		39.6389		134.264		39.4865		134.729		39.1878		39.9744
457		184.513		93.1732		172.739		133.013		39.8899		132.091		39.6697		132.584		39.4103		40.1556
458		150.644		61.5811		139.069		100.528		38.4905		99.2436		38.8834		99.8553		38.2743		39.2133
459		172.448		81.9914		160.801		121.432		39.4575		120.432		39.4002		121.02		39.0285		39.7809
460		188.253		97.1419		176.542		136.817		39.8313		135.869		39.7364		136.397		39.2548		40.1452
461		162.032		71.8066		150.443		111.243		39.2429		110.103		39.3202		110.705		38.8986		39.7378
462		219.745		127.618		207.853		167.785		40.2944		166.982		40.1347		167.472		39.854		40.3813
463		135.243		48.356		123.953		86.4466		37.2235		84.4599		38.3338		85.4598		37.1038		38.4931
464		164.413		74.469		152.802		113.731		39.172		112.771		39.2053		113.271		38.8022		39.5311
465		148.817		60.0121		137.404		98.9118		38.4219		97.4622		38.8355		98.2183		38.2061		39.1854
466		162.737		73.0415		151.095		112.166		39.0819		111.169		39.1297		111.67		38.6285		39.4253
467		149.75		60.8974		138.207		99.783		38.44		98.4655		38.8148		99.1422		38.2449		39.0643
468		154.576		64.4928		142.929		103.894		39.0165		102.658		39.3155		103.314		38.8212		39.6146
469		170.706		80.9325		159.165		120.006		39.1517		118.932		39.1455		119.539		38.607		39.6256
470		192.847		101.249		181.064		141.138		40.025		140.196		39.8064		140.784		39.5348		40.2798
471		215.573		123.86		203.717		163.797		40.0895		162.954		39.975		163.368		39.5081		40.3491
472		145.751		58.0732		134.554		96.406		37.9262		94.8932		38.4332		95.6755		37.6023		38.8789
473		164.548		74.29		152.861		113.563		39.2815		112.537		39.3306		113.016		38.7263		39.8449
474		165.082		74.593		153.452		114.071		39.4201		112.99		39.427		113.58		38.9865		39.873
475		127.605		40.8475		116.206		78.9229		36.8829		75.8516		38.6957		77.6106		36.7632		38.5949
476		150.49		61.8849		139.028		100.638		38.2943		99.3569		38.7591		99.9702		38.0853		39.0575
477		179.684		89.1507		168.09		128.671		39.6238		127.853		39.5475		128.274		39.123		39.816
478		196.668		105.907		185.06		145.516		39.7191		144.543		39.5139		145.101		39.1939		39.9593
479		155.506		66.9038		144.15		105.635		38.4358		104.399		38.5715		105.111		38.2067		39.0391
480		167.906		77.9728		156.291		117.205		39.1399		116.281		39.0929		116.777		38.8041		39.514
481		153.536		64.4451		142.063		103.336		38.6065		102.109		38.9266		102.715		38.2703		39.3478
482		172.638		82.3115		161.059		121.679		39.3989		120.643		39.3998		121.236		38.9247		39.823
483		156.152		66.9164		144.678		105.924		38.7331		104.663		38.9921		105.425		38.5088		39.2524
484		209.746		117.865		197.859		157.877		40.153		157.043		39.9857		157.532		39.6672		40.3266
485		191.367		100.585		179.664		140.118		39.6501		139.318		39.5021		139.706		39.1213		39.9586
486		171.525		80.6093		159.794		120.231		39.6101		119.241		39.5634		119.739		39.13		40.0552
487		172.39		82.567		160.807		121.729		39.1575		120.751		39.0987		121.318		38.7505		39.4892
488		193.906		102.955		182.211		142.641		39.6885		141.819		39.578		142.347		39.3921		39.8642
489		134.442		47.6663		123.144		85.7137		37.1388		83.5935		38.2425		84.6811		37.0148		38.4624
490		160.885		71.3202		149.436		110.481		38.9366		109.262		39.0529		110.022		38.7017		39.4138
491		183.272		92.7057		171.634		132.205		39.6135		131.405		39.5457		131.863		39.1574		39.7713
492		193.188		101.912		181.413		141.647		39.8925		140.819		39.6845		141.253		39.3414		40.16
493		131.339		44.8534		120.085		82.7795		36.9175		80.4531		38.2524		81.6699		36.8165		38.4155
494		205.951		113.888		194.121		153.967		40.2363		153.126		40.084		153.58		39.6924		40.5409
495		174.176		83.8271		162.564		123.17		39.398		122.39		39.351		122.717		38.8902		39.8467
496		172.239		83.0843		160.853		121.917		38.886		121.087		38.8568		121.491		38.4064		39.362
497		167.33		77.8023		155.794		116.885		39.0117		115.86		39.0241		116.42		38.6181		39.374
498		169.681		79.5597		158.088		118.853		39.2714		117.975		39.2925		118.396		38.8361		39.6921
499		153.17		64.2949		141.682		103.114		38.5139		101.774		38.8666		102.487		38.1923		39.1945
500		136.9		49.1948		125.427		87.565		37.5742		85.6078		38.6197		86.5495		37.3547		38.877
