1		61.2117		7.13607		51.9728		29.2752		22.7298		3.83928e-05		264.546		24.3334		17.1974		27.6393
2		60.6804		7.04143		51.5157		29.0273		22.5927		4.96044e-08		260.443		24.1219		17.0804		27.3939
3		61.0493		7.11364		51.8461		29.2088		22.6504		2.72061e-05		267.817		24.2871		17.1735		27.559
4		60.1777		6.97967		51.0903		28.7666		22.366		2.51875e-06		259.964		23.893		16.9134		27.1973
5		60.1273		6.90622		50.9293		28.6124		22.3898		3.64684e-06		252.329		23.6634		16.7571		27.266
6		60.6425		7.03855		51.5039		28.9602		22.5257		6.23997e-06		261.737		23.9942		16.9556		27.5097
7		61.8388		7.27015		52.5646		29.6356		22.8711		7.49956e-06		281.965		24.7317		17.4615		27.8329
8		59.8466		6.86874		50.7859		28.5112		22.2707		2.00359e-11		252.543		23.6081		16.7394		27.1778
9		59.5081		6.8941		50.531		28.4142		22.1419		5.65993e-06		254.408		23.5674		16.6733		26.9636
10		59.3452		6.80757		50.275		28.2431		22.1023		7.38747e-07		87.2807		23.3885		16.5809		26.8865
11		58.9968		6.73598		49.8718		28.0122		21.9836		3.81695e-06		80.1438		23.1358		16.3998		26.736
12		60.6301		6.99533		51.375		28.9046		22.5459		4.9686e-06		255.796		23.9954		17		27.3797
13		59.2985		6.8175		50.2702		28.24		22.096		4.77369e-06		91.6116		23.3495		16.532		26.9207
14		61.7668		7.25783		52.5454		29.6411		22.9226		5.02164e-05		276.304		24.6851		17.4272		27.8603
15		60.4937		7.07659		51.4081		28.9624		22.4275		1.3713e-06		268.156		24.1081		17.0315		27.3
16		60.5394		7.03321		51.372		28.8906		22.4832		6.7771e-08		256.187		23.9606		16.9274		27.4114
17		59.0912		6.72058		50.0658		28.1101		22.0273		3.54813e-08		86.9807		23.265		16.5444		26.8007
18		61.1175		7.20765		51.9514		29.3549		22.6518		4.82908e-07		280.535		24.5291		17.3214		27.4223
19		59.916		6.93337		50.8603		28.62		22.2669		3.30124e-07		256.564		23.7628		16.8294		27.0976
20		60.7496		7.06562		51.608		29.0544		22.5628		4.82265e-06		266.156		24.1581		17.0925		27.4499
21		60.9945		7.19549		51.9123		29.2801		22.6152		1.70391e-05		276.234		24.4487		17.2533		27.4635
22		60.7254		7.07104		51.5769		29.0294		22.5439		4.00692e-05		262.23		24.1372		17.0661		27.4397
23		60.2973		6.91283		51.1599		28.7088		22.4562		3.54942e-05		253.132		23.771		16.8582		27.3889
24		58.7219		6.73641		49.7722		27.9921		21.8931		4.75349e-08		86.762		23.2079		16.4714		26.5644
25		61.6804		7.28297		52.4425		29.6191		22.8883		9.15443e-06		279.201		24.6814		17.3984		27.7611
26		59.073		6.77202		50.0427		28.1285		22.0081		6.06402e-07		86.8693		23.2838		16.5117		26.759
27		60.3845		6.97869		51.2469		28.8478		22.4498		1.76136e-05		262.527		23.9631		16.9844		27.2838
28		60.7121		7.06462		51.5317		29.0103		22.6002		1.38785e-05		260.306		24.0706		17.006		27.461
29		60.794		7.10138		51.6961		29.0946		22.5817		3.29321e-08		264.095		24.1719		17.0705		27.5242
30		59.8208		6.87897		50.787		28.5488		22.2365		3.16382e-05		251.48		23.695		16.816		27.092
31		60.4461		7.0009		51.3611		28.8753		22.4986		2.79078e-09		258.473		23.949		16.9481		27.4121
32		59.9593		6.93147		50.8513		28.5929		22.287		3.2317e-09		253.167		23.7327		16.8013		27.1186
33		60.5049		6.98186		51.3627		28.8656		22.5443		8.09054e-08		256.465		23.8897		16.9078		27.473
34		61.3906		7.19943		52.2004		29.4428		22.8013		4.21177e-05		268.816		24.5213		17.3218		27.6791
35		60.3059		6.98108		51.2006		28.8041		22.371		9.65665e-05		258.094		23.9485		16.9674		27.2521
36		60.9905		7.0852		51.7521		29.1156		22.6464		2.99522e-05		262.94		24.1619		17.0767		27.5902
37		61.3085		7.14884		52.1323		29.3648		22.7764		9.99527e-07		268.588		24.4251		17.2763		27.7072
38		61.814		7.30289		52.5277		29.651		22.91		2.39997e-06		282.126		24.738		17.4351		27.7897
39		59.8576		6.89431		50.8313		28.5795		22.2763		5.56639e-06		252.897		23.7438		16.8495		27.0875
40		60.0227		6.91111		50.8906		28.6039		22.3595		3.35719e-05		92.0219		23.6799		16.7688		27.2107
41		60.5421		7.05537		51.3989		28.9446		22.504		1.12786e-06		261.945		24.0623		17.0069		27.3366
42		60.5772		7.05905		51.4657		28.983		22.5057		6.97046e-05		264.537		24.0839		17.0249		27.3818
43		59.7675		6.84278		50.6578		28.4412		22.2454		3.76934e-06		251.492		23.5499		16.7071		27.1079
44		60.7873		7.03827		51.5945		29.0186		22.6007		0.000109008		259.391		24.0834		17.0451		27.5111
45		59.9131		6.92406		50.8157		28.55		22.273		1.86669e-06		252.213		23.6522		16.7282		27.1635
46		60.5894		7.01579		51.4793		28.9532		22.545		2.82606e-05		260.026		24.0229		17.0071		27.4564
47		59.97		6.88387		50.826		28.5683		22.3415		2.01432e-06		253.184		23.6625		16.7786		27.1635
48		60.7186		7.07721		51.61		29.0586		22.5538		4.06279e-09		266.699		24.1329		17.0557		27.4771
49		60.5646		6.97564		51.3406		28.8656		22.4857		5.76141e-06		257.649		23.968		16.9924		27.3726
50		59.7952		6.89732		50.7531		28.5239		22.2348		1.43359e-06		255.937		23.6627		16.7654		27.0903
51		59.2605		6.76349		50.1927		28.1866		22.0743		2.84532e-05		85.1384		23.3211		16.5576		26.8716
52		59.2491		6.77139		50.1626		28.1828		22.0942		4.80836e-06		84.6718		23.3222		16.5508		26.8404
53		59.743		6.80385		50.6005		28.3836		22.2405		7.87734e-06		88.4631		23.4726		16.6687		27.1279
54		60.0648		6.91049		50.9476		28.6463		22.3521		2.76835e-06		254.197		23.7654		16.8549		27.1822
55		60.6922		7.04124		51.5074		28.9805		22.5607		1.84882e-05		261.606		24.0635		17.0223		27.4439
56		60.6318		7.03898		51.4627		28.9709		22.5222		4.96497e-05		260.284		24.0765		17.0375		27.3863
57		59.6511		6.84595		50.5672		28.4285		22.2194		1.22557e-05		251.6		23.5651		16.7192		27.0021
58		59.1748		6.7952		50.188		28.2058		22.0694		2.91887e-05		89.1144		23.3649		16.5697		26.8231
59		60.6863		7.01276		51.4639		28.9444		22.5783		9.05465e-06		256.92		23.9785		16.9658		27.4854
60		59.7592		6.93292		50.761		28.5324		22.2204		1.51811e-07		255.484		23.6576		16.7247		27.1034
61		59.8667		7.00266		50.8253		28.6417		22.2191		1.30724e-05		260.108		23.8223		16.8196		27.0031
62		59.4097		6.79782		50.3722		28.2824		22.1051		4.93198e-05		89.4216		23.4308		16.6329		26.9415
63		61.2126		7.09818		51.9734		29.2475		22.7619		7.69098e-08		262.013		24.2874		17.1892		27.686
64		60.9399		7.10729		51.7687		29.1608		22.6503		5.92926e-06		262.088		24.2461		17.1388		27.5226
65		58.9938		6.73249		49.9757		28.0641		22.0013		6.00043e-08		85.0118		23.2112		16.4787		26.7645
66		59.5521		6.86236		50.4827		28.3595		22.1215		8.41886e-07		249.362		23.5076		16.6452		26.9752
67		60.2845		6.9689		51.159		28.739		22.3829		2.15309e-05		256.981		23.839		16.8701		27.32
68		59.7188		6.7588		50.5647		28.3418		22.2895		2.05348e-05		78.2494		23.3966		16.6378		27.1682
69		59.895		6.87552		50.7541		28.5197		22.2811		6.39076e-06		88.971		23.6417		16.7661		27.1125
70		61.2381		7.21119		52.0531		29.3793		22.6818		0.000168539		279.484		24.5192		17.308		27.534
71		58.7726		6.70886		49.7677		27.9339		21.9454		9.23947e-08		79.4902		23.054		16.3451		26.7137
72		59.0921		6.76705		50.0724		28.129		22.0149		2.37625e-06		247.464		23.2834		16.5164		26.789
73		62.2427		7.36698		52.8756		29.889		23.0433		5.93259e-08		298.851		24.9323		17.5653		27.9433
74		59.681		6.83173		50.6115		28.4051		22.2179		5.18755e-06		90.5423		23.5382		16.7064		27.0733
75		59.9348		6.95636		50.9392		28.6604		22.2709		8.28781e-08		256.753		23.8239		16.8676		27.1152
76		60.6648		7.05791		51.4952		28.9858		22.5561		3.52607e-06		262.325		24.056		16.9981		27.4392
77		60.9431		7.17104		51.8068		29.2117		22.6167		7.00666e-07		270.288		24.3059		17.1348		27.5009
78		59.0371		6.72675		49.9796		28.0541		22.023		4.40867e-07		80.6684		23.1526		16.4259		26.8269
79		59.6821		6.89632		50.6478		28.4893		22.1757		5.81084e-06		257.591		23.6609		16.7646		26.987
80		61.0926		7.17674		51.9201		29.2729		22.6695		4.67489e-05		265.955		24.3312		17.1545		27.5889
81		59.6697		6.83717		50.6274		28.4307		22.2135		1.40733e-07		251.07		23.5847		16.7475		27.0427
82		60.5262		7.00388		51.3376		28.8873		22.4951		2.88783e-05		259.854		23.9925		16.9886		27.3452
83		60.3744		7.00761		51.2648		28.8499		22.4614		4.37236e-05		260.28		23.949		16.9414		27.3158
84		60.2147		7.0248		51.1891		28.8074		22.3812		3.08488e-05		262.445		23.9361		16.9113		27.253
85		60.2234		6.91629		51.049		28.7052		22.4571		4.6304e-08		253.806		23.7622		16.8459		27.2868
86		59.7259		6.85062		50.6362		28.4531		22.2445		1.09362e-09		92.2755		23.5981		16.7475		27.038
87		60.2493		6.96676		51.1545		28.7577		22.4121		3.98307e-06		255.962		23.8632		16.8965		27.2913
88		59.7043		6.80546		50.6085		28.4187		22.2842		1.35601e-05		88.4609		23.5055		16.7		27.103
89		60.0062		6.91542		50.9118		28.6359		22.3171		3.37564e-05		254.441		23.7553		16.8399		27.1565
90		60.4496		7.06932		51.3976		28.9506		22.4213		2.99249e-05		265.257		24.0936		17.0242		27.304
91		59.8094		6.89449		50.7565		28.5259		22.2807		2.02201e-06		251.758		23.6338		16.7393		27.1227
92		59.7433		6.85447		50.5761		28.4066		22.2246		7.84241e-06		86.4979		23.4868		16.6323		27.0894
93		60.908		7.10702		51.6903		29.1378		22.5994		2.64534e-05		267.956		24.2364		17.1294		27.4539
94		61.0922		7.15397		51.9761		29.3036		22.7069		2.88455e-05		272.364		24.4235		17.2695		27.5526
95		59.4157		6.85075		50.3335		28.3026		22.0901		9.69497e-06		248.935		23.4503		16.5996		26.8831
96		60.0045		6.96699		50.9122		28.6697		22.3142		7.66161e-05		256.799		23.812		16.845		27.1002
97		59.9352		6.86061		50.8199		28.5353		22.3239		9.9876e-08		250.342		23.6168		16.7562		27.2031
98		59.3088		6.78784		50.2265		28.2083		22.1036		9.12307e-08		85.7944		23.3354		16.5476		26.8911
99		60.9721		7.18015		51.8195		29.2363		22.6008		1.55623e-05		271.621		24.3422		17.162		27.4774
100		59.9921		6.93581		50.9735		28.6728		22.2896		1.8345e-07		259.143		23.8148		16.879		27.1587
101		59.8197		6.87885		50.7114		28.5358		22.2884		1.42674e-06		250.415		23.6678		16.789		27.0436
102		59.6749		6.88232		50.6211		28.4977		22.2204		3.71881e-05		251.503		23.6726		16.7903		26.9485
103		58.8373		6.73731		49.8778		28.0048		21.9366		3.78934e-05		246.27		23.1507		16.4134		26.7271
104		60.0397		6.96959		50.9609		28.6649		22.3457		2.30169e-08		254.936		23.7743		16.8047		27.1866
105		59.5552		6.85001		50.4816		28.3894		22.1877		1.59971e-05		88.0336		23.5531		16.7031		26.9285
106		60.3623		7.04059		51.2818		28.8484		22.4234		7.14441e-06		262		23.9514		16.9108		27.3304
107		61.5378		7.22617		52.3407		29.5227		22.7588		0.000182298		286.356		24.6705		17.4444		27.6702
108		60.2481		7.06907		51.1825		28.8814		22.3378		4.14244e-05		269.201		24.0611		16.9921		27.1214
109		61.2181		7.18288		52.081		29.3563		22.7068		1.1193e-06		274.819		24.4644		17.2815		27.6165
110		59.2886		6.85497		50.2917		28.2956		22.0504		2.28468e-05		251.032		23.4744		16.6194		26.8174
111		60.2788		6.93046		51.1204		28.6948		22.4158		6.33394e-06		93.3274		23.7413		16.8108		27.3792
112		59.6828		6.84287		50.556		28.4206		22.2432		5.09479e-06		89.9076		23.5284		16.6855		27.0276
113		58.6654		6.68166		49.64		27.8878		21.867		3.30061e-06		81.3945		23.0735		16.3918		26.5665
114		59.9193		6.94449		50.8551		28.6105		22.302		1.64332e-06		253.351		23.7359		16.7914		27.1192
115		59.8981		6.89033		50.7542		28.5377		22.2984		2.99211e-07		252.293		23.6328		16.7425		27.1214
116		61.3437		7.18983		52.1084		29.3858		22.7802		5.04469e-09		274.117		24.4359		17.2461		27.6725
117		59.8864		6.90259		50.7888		28.5515		22.3023		2.02025e-05		252.667		23.6645		16.7619		27.1243
118		60.8489		7.16329		51.7513		29.1758		22.5649		1.68591e-05		271.991		24.3253		17.162		27.4261
119		62.2698		7.29979		52.9314		29.8077		23.0728		1.04618e-06		278.998		24.804		17.5042		28.1274
120		61.0152		7.17172		51.8562		29.2505		22.6345		5.52175e-06		273.334		24.3579		17.1862		27.4983
121		60.4172		7.06932		51.3055		28.9332		22.4612		1.65199e-06		261.693		24.0684		16.9991		27.2372
122		60.523		6.99183		51.3742		28.8724		22.4914		1.42709e-05		257.649		23.9416		16.9498		27.4326
123		60.4778		7.08116		51.3719		28.9618		22.4485		3.62651e-05		271.275		24.1087		17.0275		27.2632
124		58.5614		6.62214		49.5898		27.8062		21.8524		1.00591e-05		78.7466		22.9756		16.3534		26.6143
125		59.9679		7.00496		50.9593		28.698		22.2426		1.5087e-05		259.469		23.8865		16.8816		27.0728
126		59.6638		6.85521		50.5793		28.4444		22.2077		1.17352e-06		251.514		23.6004		16.7452		26.9789
127		61.9015		7.24072		52.6079		29.6336		22.9653		7.62678e-08		271.789		24.6642		17.4235		27.9437
128		61.5655		7.22662		52.3083		29.4908		22.8137		4.05417e-06		275.652		24.5451		17.3185		27.7632
129		60.6685		7.02328		51.4813		28.9852		22.5455		3.43705e-05		260.889		24.0828		17.0595		27.3985
130		59.55		6.88122		50.4627		28.3651		22.1491		5.66281e-07		250.006		23.4934		16.6122		26.9693
131		58.9315		6.74584		49.9673		28.0655		21.9833		3.09087e-06		80.2246		23.2214		16.4756		26.7459
132		60.858		7.12871		51.7069		29.1665		22.6143		3.57118e-08		267.753		24.2617		17.133		27.4452
133		59.1202		6.80451		50.1506		28.1932		22.0173		1.30327e-06		249.467		23.3609		16.5564		26.7897
134		60.1456		7.00106		51.082		28.7728		22.3855		3.00076e-05		257.458		23.9083		16.9073		27.1737
135		60.0634		6.87188		50.8796		28.5511		22.373		1.34031e-05		89.5208		23.5822		16.7103		27.2974
136		60.0206		7.01054		51.0435		28.7545		22.3021		9.69641e-05		262.596		23.9241		16.9136		27.1193
137		59.6492		6.86213		50.6019		28.4392		22.1944		9.99323e-08		251.273		23.58		16.7179		27.0219
138		60.475		7.01248		51.3657		28.8764		22.4761		1.01394e-07		259.179		23.9571		16.9447		27.4085
139		60.4159		7.0045		51.265		28.8499		22.4783		4.14924e-05		257.463		23.9416		16.9371		27.3233
140		60.5393		7.07638		51.4766		29.0185		22.4645		1.02103e-07		269.037		24.1968		17.1204		27.2798
141		61.3291		7.22966		52.1545		29.4338		22.7254		2.99714e-07		279.889		24.5432		17.3136		27.6113
142		61.2983		7.15331		52.0635		29.3142		22.763		1.47601e-07		264.868		24.3409		17.1876		27.7226
143		59.4275		6.80722		50.3634		28.2726		22.1297		1.09606e-05		91.3066		23.4087		16.6015		26.9547
144		60.841		7.08654		51.739		29.1202		22.5962		1.80743e-06		263.145		24.2189		17.1324		27.5201
145		60.224		6.96016		51.1453		28.7516		22.3883		2.09099e-05		256.868		23.8681		16.9079		27.2772
146		62.0503		7.33676		52.7899		29.7996		22.9607		0.000105127		290.075		24.8911		17.5543		27.8988
147		61.4788		7.19246		52.2166		29.4333		22.87		2.0775e-06		274.852		24.4399		17.2475		27.7767
148		60.0937		6.97094		51.0164		28.714		22.3631		4.21798e-07		254.398		23.8652		16.8943		27.1512
149		59.8849		6.94827		50.8189		28.6153		22.241		2.73289e-05		257.033		23.7858		16.8375		27.0331
150		60.6909		7.07507		51.5373		29.0433		22.5206		3.41268e-05		265.654		24.1671		17.0921		27.3702
151		61.0728		7.1531		51.8846		29.2464		22.6689		2.17788e-07		266.065		24.322		17.1689		27.5626
152		59.6006		6.84557		50.4762		28.3663		22.2014		3.05979e-05		91.9706		23.4618		16.6162		27.0144
153		60.1268		6.91168		51.0169		28.6622		22.3567		1.91395e-07		253.68		23.7466		16.835		27.2703
154		59.5459		6.86133		50.4999		28.3914		22.1467		2.3439e-09		250.186		23.5346		16.6732		26.9653
155		62.0522		7.31107		52.744		29.7527		22.9991		1.14383e-08		285.266		24.7876		17.4765		27.9564
156		61.0086		7.07944		51.8159		29.1363		22.7185		5.80715e-07		259.869		24.1441		17.0647		27.6718
157		60.3365		7.0072		51.2467		28.8505		22.4053		4.65011e-05		260.768		23.9847		16.9775		27.262
158		58.4587		6.65472		49.4431		27.7614		21.8012		3.84348e-06		78.407		22.9239		16.2692		26.5192
159		60.505		7.09602		51.4792		29.003		22.4368		9.03179e-07		270.663		24.1354		17.0394		27.3437
160		60.5982		7.05158		51.4364		28.9622		22.5049		6.70392e-08		260.324		24.0764		17.0248		27.36
161		60.4591		7.03779		51.3209		28.8806		22.4561		2.78138e-05		259.072		23.9818		16.944		27.3391
162		60.3957		7.0076		51.3145		28.8617		22.4486		1.96878e-05		257.884		23.9793		16.9717		27.3352
163		60.826		7.1055		51.6545		29.1108		22.5952		1.03334e-06		265.181		24.2235		17.118		27.431
164		58.7904		6.69395		49.7625		27.9568		21.9542		3.86292e-06		79.1139		23.1198		16.4258		26.6427
165		60.0911		6.92356		50.9394		28.6272		22.3512		1.00328e-05		252.329		23.7107		16.7871		27.2288
166		59.7459		6.83347		50.6094		28.4268		22.2324		1.00495e-07		91.0106		23.5491		16.7156		27.0603
167		60.5135		7.10948		51.4735		28.9867		22.4487		9.29102e-07		267.296		24.099		16.9896		27.3745
168		60.0239		6.95624		50.9655		28.6736		22.3584		5.24337e-07		255.811		23.7778		16.8215		27.1877
169		60.7693		7.07108		51.612		29.0494		22.5475		1.40862e-06		262.924		24.1512		17.0801		27.4608
170		60.162		6.9868		51.0594		28.7271		22.3754		1.89357e-07		256.156		23.8094		16.8226		27.25
171		58.9821		6.69959		49.8755		27.9939		22.028		8.45837e-07		76.8357		23.0818		16.3822		26.7937
172		61.2607		7.23897		52.0776		29.4245		22.7072		7.98339e-07		285.933		24.5647		17.3257		27.5129
173		60.4036		6.95866		51.1986		28.7974		22.4637		2.11015e-06		254.9		23.8894		16.9307		27.3092
174		59.4325		6.82821		50.3889		28.2903		22.1058		2.5747e-08		89.7961		23.4287		16.6005		26.9601
175		60.457		7.01074		51.3665		28.9143		22.5019		1.69807e-05		260.701		24.0331		17.0223		27.3334
176		59.617		6.91946		50.6203		28.4861		22.209		3.25681e-05		254.127		23.6258		16.7063		26.9945
177		59.8259		6.84724		50.6889		28.4641		22.267		1.70488e-05		86.4005		23.5545		16.7073		27.1344
178		59.9278		6.95548		50.8542		28.6142		22.2816		5.16727e-06		253.565		23.7233		16.7678		27.1309
179		60.0784		6.93624		50.9517		28.6339		22.34		7.65404e-07		253.324		23.7359		16.7997		27.2158
180		59.6747		6.93446		50.6479		28.5204		22.1848		5.91539e-07		257.154		23.6891		16.7547		26.9588
181		60.0781		6.91324		50.9364		28.6238		22.3481		2.5567e-05		251.539		23.7153		16.8021		27.2211
182		60.1209		6.86193		50.9184		28.5899		22.3816		1.14395e-06		90.8473		23.6541		16.7922		27.2643
183		59.9802		6.97937		51.0127		28.6858		22.2679		4.77431e-06		259.186		23.8479		16.8685		27.1649
184		59.8056		6.89006		50.727		28.5234		22.2568		7.20778e-08		251.852		23.6572		16.7671		27.0698
185		60.8663		7.11312		51.765		29.1463		22.602		4.6798e-08		266.457		24.2432		17.1301		27.5217
186		58.7406		6.66256		49.7079		27.8936		21.9366		1.096e-05		78.7582		23.0154		16.3528		26.6925
187		59.9311		6.92232		50.8331		28.6184		22.3156		1.09643e-05		255.218		23.7401		16.8178		27.093
188		60.7336		7.08293		51.6296		29.0492		22.5702		3.67192e-06		263.458		24.1413		17.0584		27.4882
189		59.8864		6.91516		50.8267		28.5628		22.2853		4.86559e-05		252.89		23.6512		16.736		27.1755
190		59.9124		6.90805		50.812		28.5789		22.2898		5.88782e-07		252.143		23.6985		16.7904		27.1135
191		60.8454		7.15018		51.7847		29.1813		22.5959		3.12957e-05		267.126		24.2874		17.1372		27.4974
192		59.6749		6.85143		50.589		28.4239		22.2148		5.42701e-08		92.884		23.5609		16.7095		27.028
193		59.6059		6.85794		50.5612		28.3788		22.1513		4.61554e-07		250.416		23.5157		16.6577		27.0455
194		59.5982		6.89188		50.5873		28.4461		22.1625		2.95093e-08		252.574		23.6022		16.7104		26.985
195		59.3483		6.84388		50.3114		28.271		22.0824		2.66219e-07		250.17		23.4192		16.5753		26.8922
196		60.407		7.02896		51.3203		28.9212		22.4414		0.000103191		264.249		24.079		17.05		27.2414
197		59.2374		6.8115		50.2622		28.229		22.0857		1.80064e-09		248.154		23.3391		16.5276		26.923
198		60.3888		7.02474		51.2604		28.8645		22.4324		6.34574e-06		256.859		23.99		16.9653		27.2704
199		60.243		7.02408		51.2043		28.8259		22.4027		3.72001e-07		260.993		23.9477		16.9236		27.2566
200		61.0369		7.13871		51.8518		29.235		22.6624		1.35671e-08		268.212		24.3757		17.237		27.4761
201		59.8735		6.89719		50.7484		28.5261		22.306		1.68161e-06		250.883		23.5945		16.6974		27.1539
202		59.7566		6.87132		50.6389		28.4833		22.2354		1.58151e-13		252.152		23.6046		16.7333		27.0343
203		58.919		6.74882		49.9112		28.0523		21.9447		4.86693e-09		82.6501		23.232		16.4831		26.6792
204		60.0879		6.8952		50.9663		28.6299		22.3585		1.44045e-05		251.894		23.7408		16.8456		27.2255
205		59.4114		6.80604		50.3118		28.2719		22.1324		1.05308e-05		89.2076		23.4181		16.6121		26.8937
206		61.0695		7.10771		51.8511		29.191		22.6731		8.79815e-06		266.628		24.247		17.1393		27.6041
207		62.2094		7.35756		52.8673		29.8514		23.0253		6.85841e-06		283.133		24.9101		17.5526		27.9572
208		58.9903		6.69069		49.9497		28.0083		22.0355		2.17951e-07		80.5342		23.1025		16.4118		26.8472
209		59.7889		6.93934		50.8156		28.5684		22.2624		3.91384e-07		255.576		23.693		16.7536		27.1227
210		60.8414		7.05652		51.6128		29.0284		22.6076		2.82697e-05		261.356		24.0696		17.0131		27.5432
211		61.0989		7.17591		51.9932		29.3106		22.6798		1.39015e-10		272.397		24.4042		17.2282		27.589
212		60.6039		7.04804		51.4605		28.9559		22.5124		2.83234e-05		261.256		24.0622		17.0142		27.3983
213		60.6974		7.04725		51.5489		29.0287		22.563		1.75779e-05		263.024		24.1246		17.0774		27.4243
214		60.6807		7.08734		51.5422		29.0361		22.5086		1.95209e-06		264.299		24.1633		17.076		27.3788
215		59.7599		6.86394		50.6589		28.4837		22.2702		2.11019e-11		92.1813		23.597		16.733		27.0619
216		60.6762		7.06885		51.6185		29.0403		22.5411		4.33477e-06		263.028		24.1566		17.0878		27.4618
217		60.9837		7.05844		51.8285		29.1463		22.6749		2.87614e-07		266.657		24.2141		17.1556		27.6144
218		59.9391		6.95281		50.9069		28.6458		22.2884		3.56405e-05		260.755		23.7796		16.8268		27.1272
219		60.1535		6.92593		50.9833		28.6604		22.4024		1.89101e-05		94.0062		23.7452		16.8193		27.2381
220		59.7985		6.88193		50.7352		28.499		22.217		4.68972e-06		252.737		23.6597		16.7778		27.0755
221		59.3359		6.76725		50.2293		28.2129		22.1348		2.17695e-06		79.0573		23.3479		16.5807		26.8814
222		60.3376		7.02735		51.2182		28.8309		22.4118		1.46211e-05		263.564		23.9404		16.913		27.2778
223		60.2784		7.03384		51.1831		28.8247		22.3759		5.93346e-07		264.667		23.9593		16.9255		27.2238
224		60.757		7.0571		51.5872		29.0295		22.5675		1.29186e-05		262.973		24.1235		17.0664		27.4637
225		59.824		6.85898		50.6891		28.5		22.298		8.93322e-09		250.918		23.6077		16.7487		27.0814
226		60.829		7.13289		51.6921		29.1523		22.587		1.10871e-05		269.974		24.2633		17.1304		27.4289
227		60.3672		7.06366		51.2683		28.8824		22.3912		2.22388e-05		260.702		24.003		16.9394		27.2653
228		60.4855		7.02741		51.3588		28.8938		22.442		7.02216e-09		256.75		24.0005		16.9731		27.3583
229		59.9254		6.95717		50.8671		28.6419		22.3015		5.5343e-05		254.86		23.78		16.8228		27.0871
230		60.0959		6.92927		50.9361		28.618		22.3608		2.96828e-06		252.088		23.688		16.7587		27.2481
231		60.6696		7.04512		51.5559		29.0245		22.5536		1.70458e-07		264.493		24.1091		17.064		27.4468
232		60.239		7.02438		51.1836		28.8305		22.3825		1.50162e-05		264.81		23.9684		16.944		27.2152
233		60.9249		7.11257		51.7736		29.1833		22.6365		5.77819e-06		264.728		24.2691		17.1565		27.5046
234		60.4658		6.99857		51.308		28.8501		22.5007		6.40825e-06		254.021		23.9039		16.9053		27.4041
235		59.804		6.84218		50.6573		28.4805		22.2767		1.73665e-06		92.6244		23.6068		16.7646		27.0505
236		59.8281		6.85446		50.7647		28.511		22.2736		3.02572e-06		249.937		23.6105		16.756		27.1543
237		59.5202		6.86641		50.4572		28.3646		22.1755		1.62604e-06		249.462		23.4914		16.6249		26.9659
238		61.5735		7.23476		52.3395		29.4973		22.8012		5.99569e-05		280.082		24.5501		17.3153		27.7894
239		59.1238		6.75295		50.0866		28.1356		22.0362		1.40358e-05		247.691		23.272		16.519		26.8146
240		60.9101		7.13613		51.744		29.1605		22.5924		3.90803e-07		270.486		24.2806		17.1444		27.4635
241		60.3049		6.99421		51.2502		28.8446		22.4323		7.09473e-06		260.522		23.9415		16.9473		27.3087
242		60.8475		7.07012		51.61		29.0527		22.601		1.68255e-08		258.875		24.1228		17.0527		27.4872
243		60.0639		7.00052		51.0342		28.7492		22.3256		5.57408e-06		258.783		23.9219		16.9213		27.1124
244		59.9972		6.935		50.9074		28.6472		22.3393		4.27027e-05		253.044		23.7677		16.8327		27.1397
245		59.7437		6.86891		50.5905		28.4313		22.2272		9.91471e-05		250.615		23.5249		16.6559		27.0656
246		60.957		7.07941		51.7742		29.1273		22.6375		5.24633e-06		261.694		24.1796		17.1002		27.5946
247		62.2145		7.34795		52.8817		29.8551		23.02		9.00626e-09		287.328		24.9285		17.5805		27.9532
248		61.5979		7.20366		52.394		29.5227		22.8634		3.4672e-06		273.326		24.5731		17.3694		27.8209
249		59.3899		6.81205		50.2986		28.2476		22.1294		1.27616e-06		91.1575		23.357		16.5449		26.9416
250		59.5119		6.81797		50.4576		28.2968		22.1502		4.53074e-07		85.7656		23.3786		16.5606		27.079
251		60.7533		7.09141		51.6241		29.0905		22.5417		2.98291e-05		266.191		24.2134		17.122		27.4106
252		60.1929		7.02886		51.1785		28.8099		22.3641		5.75549e-05		262.389		23.9606		16.9318		27.2178
253		61.0166		7.18508		51.9037		29.2606		22.6139		8.55119e-05		272.137		24.3582		17.1731		27.5455
254		61.9259		7.38656		52.6335		29.7637		22.8674		4.25652e-05		303.514		24.9117		17.5251		27.7218
255		61.4067		7.25012		52.2097		29.4727		22.7233		5.76009e-05		282.7		24.5951		17.345		27.6146
256		59.8505		6.86414		50.7059		28.5024		22.2934		1.02719e-07		250.347		23.6052		16.741		27.1008
257		60.3778		6.97267		51.2774		28.8285		22.4324		7.8183e-06		257.354		23.9413		16.9686		27.3361
258		60.1074		6.8988		50.9796		28.6305		22.4014		2.54642e-05		252.499		23.6947		16.7959		27.2849
259		59.5682		6.9346		50.5445		28.462		22.1066		2.13444e-07		254.064		23.6534		16.7188		26.8911
260		59.2744		6.83731		50.2588		28.2605		22.0892		4.68452e-07		249.725		23.3878		16.5505		26.871
261		60.7395		7.03373		51.6301		29.0437		22.5758		4.6276e-05		262.249		24.1434		17.1097		27.4866
262		59.2704		6.78001		50.2147		28.1962		22.076		2.46916e-05		89.2448		23.3148		16.5348		26.8999
263		59.699		6.84263		50.5644		28.405		22.2383		3.35015e-05		87.1181		23.4933		16.6507		27.0711
264		60.7518		7.07203		51.6253		29.0785		22.5756		9.45932e-07		264.112		24.1794		17.1074		27.4459
265		58.6721		6.67848		49.6572		27.8617		21.8992		1.89221e-05		77.0383		22.9728		16.2943		26.6844
266		60.3109		7.03081		51.1989		28.8338		22.4142		2.39211e-05		258.839		23.9478		16.917		27.2512
267		59.8108		6.93476		50.7613		28.5611		22.2336		9.68435e-07		253.54		23.7092		16.7744		27.0521
268		59.4412		6.8306		50.3568		28.3153		22.1591		1.68096e-06		85.4806		23.4385		16.608		26.9183
269		61.185		7.1072		51.9216		29.242		22.735		3.43284e-05		264.742		24.2753		17.1681		27.6463
270		60.0726		6.94795		50.9571		28.6564		22.3324		2.34809e-05		257.221		23.7812		16.8333		27.1759
271		58.4852		6.62265		49.5175		27.7694		21.8539		4.42901e-06		73.9205		22.908		16.2853		26.6095
272		60.1423		6.9778		51.0594		28.7393		22.3474		6.15012e-08		257.069		23.8697		16.8919		27.1897
273		60.3199		7.02505		51.2335		28.8439		22.4179		1.54782e-05		260.281		23.9726		16.9475		27.2609
274		60.2258		6.95339		51.0875		28.7311		22.4128		1.10367e-07		255.398		23.8178		16.8644		27.2697
275		60.2095		6.98479		51.1429		28.7748		22.4015		1.26121e-05		254.675		23.8776		16.8928		27.2653
276		61.1116		7.20498		51.8961		29.2884		22.6394		4.11727e-08		275.548		24.4059		17.2009		27.4902
277		60.658		7.05569		51.4919		28.9561		22.5544		3.69145e-05		263.61		24.0056		16.9499		27.4863
278		59.1995		6.78781		50.1266		28.1559		22.0583		2.98015e-05		86.1541		23.2719		16.4841		26.8548
279		60.683		7.13021		51.6021		29.0667		22.4913		3.58665e-05		270.278		24.1757		17.0455		27.4264
280		61.2366		7.17622		52.1002		29.3535		22.7228		7.01109e-05		276.544		24.4479		17.2717		27.6523
281		60.5411		6.99753		51.4076		28.8888		22.5071		3.63485e-05		260.333		23.9719		16.9743		27.4357
282		60.4752		7.07527		51.4044		28.9839		22.4922		4.69501e-07		266.029		24.1142		17.0389		27.2902
283		61.3179		7.20058		52.114		29.3723		22.7336		4.79233e-05		275.602		24.4304		17.2298		27.6836
284		60.6165		7.00696		51.4305		28.9435		22.5163		1.08533e-08		257.02		24.0505		17.0435		27.38
285		59.9255		6.86076		50.7964		28.5179		22.3111		6.51702e-09		92.2104		23.6156		16.7549		27.1808
286		60.447		7.03152		51.3624		28.8835		22.445		6.82971e-07		262.22		23.9841		16.9526		27.3783
287		60.5796		7.04853		51.4187		28.9383		22.4755		6.59333e-09		262.36		24.0505		17.002		27.3682
288		60.0402		6.97055		50.9545		28.6873		22.313		1.02003e-05		256.103		23.8303		16.8597		27.1242
289		61.4077		7.23067		52.2034		29.4556		22.8029		1.55489e-06		273.156		24.5362		17.3055		27.6672
290		60.4981		7.02077		51.3933		28.9354		22.4897		0.000100334		265.603		24.059		17.0382		27.3344
291		60.1606		6.9623		51.0413		28.7121		22.3495		2.48176e-05		256.32		23.8451		16.8828		27.1963
292		60.4652		7.00583		51.3363		28.8725		22.4953		5.24669e-07		257.996		23.9508		16.945		27.3855
293		60.1525		7.00642		51.091		28.7625		22.364		1.62815e-06		257.902		23.9014		16.8949		27.1896
294		60.4716		6.98937		51.2674		28.8261		22.4685		3.35107e-06		253.656		23.9153		16.9259		27.3521
295		60.6565		6.99182		51.5095		28.9255		22.5589		6.01342e-06		256.132		23.9771		16.9852		27.5324
296		60.3779		6.95624		51.2919		28.8289		22.4482		2.6813e-06		260.412		23.9273		16.9711		27.3646
297		60.6244		7.0426		51.5084		28.9874		22.5243		1.61521e-07		259.569		24.1089		17.0663		27.3996
298		59.9759		6.9151		50.891		28.5878		22.286		2.6573e-06		254.179		23.697		16.7819		27.1941
299		59.4188		6.84539		50.3761		28.2965		22.1196		1.02047e-07		91.5179		23.4229		16.5775		26.9532
300		60.4706		7.0034		51.2857		28.8706		22.4851		3.99525e-06		259.987		23.9653		16.9619		27.3203
301		60.588		7.03388		51.5606		29.0036		22.5117		7.21682e-06		266.988		24.1187		17.0848		27.4419
302		60.2961		6.90228		51.1511		28.7149		22.441		2.28175e-05		254.962		23.789		16.8868		27.362
303		60.1717		6.95695		51.0543		28.6972		22.378		7.26997e-06		252.983		23.7985		16.8416		27.2558
304		59.6109		6.86518		50.5277		28.4052		22.1825		2.55618e-06		251.54		23.5391		16.6739		26.9886
305		60.8819		7.12884		51.7951		29.1838		22.59		5.16964e-05		271.514		24.3161		17.1873		27.479
306		59.8257		6.94994		50.8101		28.5912		22.2635		2.38477e-07		253.947		23.741		16.791		27.0691
307		60.2059		6.93305		51.075		28.7159		22.4083		8.86173e-06		253.121		23.8154		16.8823		27.2596
308		60.2836		6.97681		51.1471		28.7505		22.4284		2.55848e-05		254.429		23.8215		16.8447		27.3256
309		60.1257		6.92888		50.9836		28.6523		22.3768		6.17098e-07		253.834		23.7123		16.7834		27.2713
310		60.1973		6.99723		51.1708		28.7776		22.3768		4.79352e-06		258.106		23.8921		16.8949		27.2787
311		59.3961		6.81071		50.3302		28.2728		22.1034		7.05593e-06		87.6345		23.4092		16.5985		26.921
312		60.5824		7.05943		51.4293		29.0077		22.5154		2.87628e-05		269.974		24.1218		17.0624		27.3074
313		60.1767		6.9723		51.1112		28.7284		22.3661		4.88782e-05		258.145		23.8414		16.8691		27.2699
314		59.6876		6.81076		50.6097		28.4102		22.2524		4.97513e-05		85.6631		23.5286		16.7179		27.081
315		59.6238		6.82716		50.5923		28.399		22.2474		1.56325e-05		84.7982		23.4973		16.6701		27.095
316		60.8299		7.15835		51.7002		29.156		22.5574		4.07564e-05		276.775		24.2827		17.1243		27.4175
317		58.9612		6.73156		49.8385		28.0201		21.9835		3.60953e-06		81.176		23.1749		16.4433		26.6637
318		60.5292		7.00566		51.3564		28.8997		22.5164		5.1059e-06		259.602		23.9932		16.9876		27.3631
319		59.5948		6.83976		50.4849		28.3869		22.1982		1.84808e-12		249.686		23.5445		16.7047		26.9404
320		60.9705		7.19341		51.9241		29.2793		22.6177		1.12088e-06		277.493		24.3906		17.1971		27.5336
321		60.7675		7.08133		51.6315		29.051		22.5778		1.29504e-05		266.628		24.133		17.0517		27.4985
322		59.8331		6.86938		50.723		28.4987		22.2799		2.4991e-06		252.269		23.6136		16.7443		27.1094
323		61.5572		7.23066		52.3274		29.5045		22.8218		3.7683e-05		280.088		24.572		17.3413		27.7555
324		60.663		7.04609		51.5133		28.9731		22.5124		2.29002e-05		261.837		24.0884		17.0423		27.425
325		60.2806		6.93889		51.1409		28.7387		22.3811		1.19723e-07		258.328		23.8559		16.9171		27.285
326		60.6481		7.05823		51.4544		28.9409		22.5405		3.18269e-06		259.296		23.9805		16.9222		27.4739
327		60.1039		6.9959		51.0474		28.7157		22.3218		3.53805e-05		257.647		23.84		16.8441		27.2074
328		59.4102		6.82812		50.3656		28.3038		22.1181		6.06917e-05		249.292		23.4328		16.6047		26.9328
329		60.389		6.99094		51.2947		28.8395		22.4572		2.41035e-05		258.668		23.9433		16.9524		27.3513
330		59.7207		6.83412		50.6507		28.4583		22.2646		4.40139e-05		89.8078		23.5725		16.7384		27.0782
331		60.6854		7.02125		51.4928		28.9869		22.5601		9.93424e-08		261.067		24.0684		17.0471		27.4244
332		60.6185		7.02424		51.4495		28.9452		22.5355		4.40514e-07		258.093		24.0301		17.0058		27.4194
333		61.07		7.16814		51.8568		29.2492		22.6099		6.60615e-07		280.226		24.3595		17.1914		27.4973
334		60.8825		7.05541		51.6985		29.0972		22.637		0.000130216		261.61		24.1732		17.1178		27.5253
335		60.727		7.0331		51.5109		28.9871		22.5596		1.24555e-07		257.703		24.0637		17.0306		27.4472
336		60.6523		7.01169		51.4948		28.9572		22.5698		1.19334e-05		254.493		24.0327		17.021		27.4621
337		60.2656		6.96532		51.108		28.7603		22.4361		9.83531e-09		256.386		23.8536		16.8883		27.2544
338		60.287		6.99956		51.1935		28.8175		22.3911		4.44402e-05		260.529		23.9548		16.9553		27.2387
339		60.0866		7.00145		50.9849		28.7086		22.3443		5.22885e-08		257.499		23.8311		16.8297		27.1538
340		60.1974		6.97435		51.126		28.7631		22.3707		2.37886e-06		257.967		23.8872		16.9128		27.2388
341		59.1893		6.83369		50.2512		28.241		22.0529		5.83046e-05		252.516		23.3855		16.5518		26.8657
342		60.5072		7.00695		51.4578		28.9354		22.5027		1.80181e-06		261.542		24.0282		17.0213		27.4296
343		61.3607		7.21177		52.1396		29.409		22.7313		1.50909e-05		274.762		24.4981		17.2863		27.6415
344		60.2678		7.02346		51.2385		28.8479		22.4036		1.48971e-05		262.225		23.9827		16.9592		27.2558
345		61.1711		7.14896		51.9792		29.2691		22.7143		6.83668e-08		268.457		24.3001		17.1511		27.6791
346		60.4699		7.01878		51.3414		28.8718		22.4573		1.69797e-05		260.951		23.972		16.9532		27.3694
347		61.1246		7.1267		51.9574		29.2874		22.7066		0.000100767		272.54		24.3907		17.264		27.5667
348		61.6812		7.27489		52.4953		29.6491		22.853		0.000128505		292.816		24.7721		17.4972		27.7232
349		60.0895		6.99777		51.0272		28.727		22.3353		2.36458e-05		259.211		23.8449		16.8471		27.1824
350		61.0742		7.07558		51.8839		29.2087		22.6951		9.77843e-06		264.112		24.2534		17.1778		27.6305
351		60.148		6.98302		51.0207		28.7278		22.3679		1.46142e-05		256.383		23.8632		16.8802		27.1576
352		61.1242		7.10571		51.894		29.1894		22.6951		1.47186e-05		262.79		24.2159		17.1102		27.6781
353		59.2062		6.81555		50.1749		28.2054		22.0522		3.43821e-05		249.565		23.348		16.5324		26.827
354		60.6176		7.0544		51.5132		29.0176		22.5502		2.34418e-05		262.887		24.1505		17.0961		27.3627
355		61.0768		7.07295		51.8909		29.1952		22.7155		2.09686e-05		263.67		24.2354		17.1624		27.6555
356		60.1067		7.0041		51.0604		28.7392		22.3052		2.46216e-06		259.649		23.8844		16.8803		27.176
357		60.0411		6.94214		50.9298		28.6584		22.3223		2.51983e-05		254.307		23.7911		16.8489		27.1387
358		59.6756		6.88869		50.6375		28.4572		22.2172		1.02502e-06		249.621		23.5778		16.6891		27.0597
359		59.5091		6.83686		50.5025		28.3737		22.1733		1.35222e-05		250.92		23.481		16.6442		27.0215
360		60.3285		7.04714		51.2223		28.8573		22.3982		2.4843e-06		261.504		24.0031		16.956		27.2192
361		60.3156		6.97219		51.2315		28.8047		22.4308		5.3392e-06		256.368		23.9235		16.9513		27.308
362		60.7493		7.11038		51.6582		29.0852		22.5627		2.79722e-05		265.139		24.1628		17.0524		27.4954
363		60.8539		7.09091		51.6768		29.1096		22.6127		3.78835e-08		266.414		24.1952		17.1043		27.4817
364		60.266		6.99671		51.1867		28.8257		22.4027		7.04547e-05		259.931		23.9647		16.968		27.222
365		60.4658		7.06103		51.3388		28.914		22.4464		3.30542e-05		260.19		24.0206		16.9595		27.3182
366		60.1565		6.93926		51.0227		28.6796		22.3713		3.69863e-06		253.035		23.7752		16.8359		27.2476
367		59.1705		6.77164		50.1417		28.1593		22.045		1.99812e-05		85.5354		23.3047		16.5331		26.837
368		59.2443		6.7721		50.2035		28.1937		22.066		4.5885e-07		89.7533		23.3418		16.5697		26.8617
369		61.3836		7.21312		52.1553		29.427		22.723		1.92257e-06		278.368		24.5328		17.3197		27.6224
370		60.5537		7.00436		51.3926		28.8687		22.5219		8.9454e-11		256.849		23.9031		16.8988		27.4895
371		60.0796		6.87789		50.8756		28.5751		22.3949		1.31909e-05		87.5158		23.6129		16.735		27.2628
372		60.1766		7.00719		51.1267		28.7649		22.3467		3.57071e-07		260.339		23.8999		16.8927		27.2269
373		60.2425		7.01341		51.1876		28.8048		22.3664		3.90184e-07		256.994		23.9388		16.9253		27.2488
374		60.8671		7.16643		51.7798		29.1989		22.5612		4.54767e-07		271.937		24.3267		17.1603		27.453
375		60.6645		7.03695		51.4947		28.949		22.5582		3.43663e-05		257.691		23.9988		16.9618		27.496
376		59.6123		6.77641		50.3953		28.3275		22.2557		2.43359e-06		83.9381		23.4163		16.6399		26.979
377		59.7228		6.90693		50.7402		28.5134		22.2132		1.32716e-05		251.3		23.6428		16.7359		27.0974
378		61.1522		7.16813		51.9383		29.2581		22.6828		2.35578e-05		265.904		24.3315		17.1634		27.6068
379		60.1491		6.9947		51.0274		28.7366		22.3527		1.03837e-07		257.082		23.8769		16.8822		27.1504
380		60.7488		7.1543		51.708		29.1672		22.5659		8.8136e-07		268.376		24.2969		17.1426		27.4112
381		60.2152		7.00424		51.1557		28.7926		22.3773		5.88516e-05		258.949		23.911		16.9067		27.2447
382		59.9827		6.99894		50.9386		28.6826		22.2912		8.738e-06		256.378		23.8274		16.8284		27.1112
383		59.6234		6.82653		50.5715		28.3857		22.1979		1.12909e-06		88.8674		23.5071		16.6806		27.0644
384		58.3356		6.57934		49.3445		27.6721		21.8252		9.13036e-07		73.6031		22.8072		16.2279		26.5372
385		60.3532		7.03733		51.3449		28.8868		22.4022		1.91579e-07		260.914		24.0317		16.9943		27.3133
386		59.488		6.79305		50.3223		28.2948		22.1932		4.63243e-06		79.1379		23.3818		16.5887		26.9405
387		58.8366		6.75564		49.7966		27.9749		21.9325		2.92833e-07		79.9066		23.1063		16.3507		26.6903
388		60.7581		7.02247		51.6088		29.0426		22.5872		3.39654e-08		260.338		24.1588		17.1364		27.4499
389		58.5278		6.65107		49.4659		27.7564		21.8272		7.97464e-10		74.1595		22.8984		16.2474		26.5675
390		61.0178		7.17265		51.8814		29.2744		22.6547		1.7112e-06		270.683		24.3451		17.1725		27.5363
391		59.9776		6.90656		50.791		28.5527		22.2922		9.6245e-09		252.558		23.649		16.7425		27.1419
392		60.8355		7.1125		51.7282		29.1318		22.5956		1.91311e-06		271.566		24.2144		17.1019		27.5138
393		59.7817		6.91017		50.741		28.5414		22.2435		8.13572e-08		251.598		23.6922		16.782		27.0489
394		61.0249		7.10571		51.8549		29.1918		22.6886		3.16143e-07		264.258		24.2579		17.1522		27.5971
395		60.9041		7.17624		51.7423		29.189		22.5536		1.46109e-05		276.447		24.3275		17.1512		27.4148
396		59.6784		6.79617		50.5088		28.358		22.2635		4.60849e-07		86.0508		23.4318		16.6356		27.077
397		60.7686		7.03826		51.5448		28.9865		22.5867		1.1709e-05		259.447		24.0354		16.9971		27.5095
398		60.5242		7.02935		51.3757		28.9224		22.4989		1.04353e-05		261.349		24.0141		16.9847		27.3616
399		59.9509		6.93755		50.8463		28.6231		22.2953		1.47918e-05		254.741		23.7565		16.8189		27.0899
400		60.9775		7.17045		51.8769		29.2466		22.6246		3.46488e-06		274.283		24.3754		17.205		27.5015
401		61.3806		7.28354		52.1414		29.4591		22.6892		3.74442e-05		288.112		24.6114		17.3278		27.53
402		61.3565		7.17897		52.1353		29.4116		22.7855		4.24343e-06		275.439		24.4991		17.3202		27.6362
403		58.9588		6.78014		49.9862		28.0943		21.9398		3.55712e-07		249.696		23.2845		16.5044		26.7017
404		60.6813		7.04624		51.5425		29.0297		22.5425		1.3007e-06		264.969		24.1588		17.1126		27.3836
405		59.905		6.89693		50.8496		28.577		22.2859		4.23033e-05		254.479		23.6931		16.7962		27.1566
406		60.3466		7.01372		51.2747		28.8103		22.4063		1.39737e-05		258.332		23.8998		16.8861		27.3749
407		61.111		7.0497		51.8583		29.1671		22.7285		5.04685e-07		262.156		24.2109		17.1612		27.6475
408		60.8734		7.03859		51.7082		29.08		22.622		1.11887e-07		261.873		24.1768		17.1382		27.5314
409		60.2156		6.96731		51.1138		28.7294		22.3863		2.25593e-06		256.354		23.8576		16.8903		27.2562
410		59.9308		6.92036		50.7535		28.544		22.3026		5.23398e-06		250.926		23.6257		16.7053		27.1278
411		59.0028		6.72174		49.9886		28.0401		22		1.50213e-05		83.1123		23.1604		16.4387		26.8282
412		60.6341		7.05164		51.5225		29.022		22.5338		1.5226e-06		263.549		24.1328		17.0812		27.3897
413		60.4409		7.0016		51.3134		28.8787		22.4444		4.76312e-05		259.149		24.0193		17.0177		27.2941
414		60.5197		6.99601		51.3933		28.8866		22.504		6.39641e-07		258.92		23.9629		16.9669		27.4304
415		60.3143		7.00157		51.1946		28.8207		22.4027		1.77389e-06		258.913		23.9505		16.9489		27.2441
416		61.0485		7.13099		51.896		29.2393		22.6346		1.41248e-05		269.928		24.349		17.218		27.547
417		59.3363		6.78519		50.1804		28.2025		22.1399		1.57941e-05		82.6729		23.2941		16.5089		26.8862
418		61.3036		7.18819		52.1156		29.4009		22.7345		6.92349e-05		276.101		24.5035		17.3153		27.6121
419		59.7748		6.83937		50.6421		28.4422		22.2747		5.548e-05		91.4395		23.5317		16.6923		27.1104
420		60.6948		7.06636		51.5475		29.0208		22.5132		2.60107e-05		267.67		24.1366		17.0702		27.4109
421		60.0042		6.92802		50.9147		28.6068		22.2922		7.06586e-05		254.935		23.6994		16.7714		27.2153
422		60.4805		6.99808		51.3704		28.8921		22.4613		3.94018e-07		261.416		24.0304		17.0323		27.34
423		59.3938		6.80327		50.3486		28.3018		22.1334		6.03012e-06		92.6209		23.4676		16.6643		26.881
424		59.4567		6.81268		50.4097		28.3148		22.115		5.8844e-08		250.392		23.4685		16.6558		26.9412
425		61.1664		7.20094		52.0134		29.3237		22.6928		5.44585e-06		273.003		24.3947		17.1937		27.6187
426		60.1428		6.98162		51.0045		28.7102		22.3782		3.89018e-09		256.869		23.8217		16.8401		27.1828
427		59.9127		6.91973		50.8433		28.5902		22.3045		8.70063e-09		256.657		23.6974		16.7776		27.146
428		60.8622		7.17325		51.7807		29.2073		22.5666		1.93613e-05		274.182		24.3409		17.1677		27.4398
429		61.2323		7.13891		52.0197		29.2863		22.7379		2.38609e-06		268.31		24.3215		17.1826		27.6982
430		60.8724		7.05923		51.6444		29.0567		22.6576		1.82051e-05		261.994		24.0831		17.0239		27.5613
431		60.3583		6.99503		51.2013		28.8079		22.4243		9.68651e-08		261.279		23.893		16.898		27.3083
432		61.7392		7.32879		52.4723		29.6416		22.8281		7.84507e-06		294.027		24.7375		17.4087		27.7347
433		59.247		6.79708		50.2212		28.2088		22.0643		8.09857e-06		90.165		23.3214		16.5243		26.8998
434		59.8182		6.85276		50.7266		28.5051		22.319		1.10643e-05		251.045		23.5825		16.7297		27.1441
435		60.8236		7.08084		51.7069		29.083		22.5746		6.03425e-05		264.143		24.1578		17.077		27.5491
436		60.559		7.0619		51.4623		28.9826		22.5115		4.48922e-06		260.873		24.087		17.0251		27.3753
437		59.4111		6.834		50.3452		28.2731		22.0911		4.24043e-08		250.672		23.4043		16.5703		26.9408
438		60.307		6.94493		51.0855		28.7221		22.4328		7.10317e-06		253.591		23.8156		16.8706		27.27
439		60.4762		6.97837		51.2978		28.8414		22.4971		7.77613e-05		258.808		23.8954		16.9171		27.4023
440		59.7524		6.92258		50.6855		28.5061		22.192		3.0629e-05		251.159		23.6565		16.7339		27.029
441		59.8301		6.88799		50.7399		28.5341		22.2689		7.97985e-08		256.661		23.644		16.756		27.0959
442		60.1288		6.94647		51.023		28.6847		22.368		1.18119e-07		254.728		23.7941		16.8477		27.2289
443		58.9401		6.65843		49.8326		27.9471		22.0219		2.20434e-06		74.3232		23.0342		16.3758		26.7983
444		60.2406		7.07439		51.1416		28.8488		22.3721		9.9576e-06		266.925		23.9801		16.9057		27.1615
445		59.9715		6.92614		50.8691		28.6244		22.3181		2.84533e-05		253.054		23.7594		16.8333		27.1097
446		60.1436		7.00947		51.0407		28.7729		22.338		1.44311e-06		257.772		23.9451		16.9357		27.0956
447		59.2495		6.84305		50.2734		28.2834		22.0558		6.39236e-06		249.375		23.478		16.635		26.7954
448		59.8242		6.87334		50.7748		28.5406		22.3034		9.54229e-06		250.769		23.6402		16.7669		27.1345
449		60.2406		6.95619		51.0911		28.716		22.4279		1.12111e-06		253.602		23.7713		16.8152		27.3197
450		60.1553		6.96853		51.0267		28.7168		22.3642		4.29844e-06		255.367		23.8601		16.8916		27.1666
451		61.5505		7.21197		52.2976		29.4921		22.8188		9.05511e-05		278.221		24.5672		17.3553		27.7303
452		60.6666		7.02888		51.5354		28.9756		22.5634		1.77849e-05		263.988		24.0511		17.0222		27.4843
453		59.3475		6.77638		50.2746		28.2476		22.1696		1.57841e-06		84.3078		23.3382		16.5618		26.9364
454		59.1173		6.78696		50.1649		28.1817		22.0493		3.52362e-05		246.472		23.331		16.5441		26.8339
455		60.3962		7.01176		51.2555		28.8581		22.4616		1.03162e-05		259.433		23.9478		16.936		27.3077
456		59.9127		6.91624		50.7755		28.5621		22.2993		3.41166e-06		251.206		23.6838		16.7676		27.0917
457		59.468		6.73467		50.376		28.2379		22.2065		1.23339e-05		78.9994		23.3131		16.5785		27.0628
458		59.0137		6.78095		49.983		28.0825		21.9856		2.76219e-05		86.3969		23.2433		16.4623		26.7397
459		60.128		6.97944		51.0798		28.7343		22.3602		1.83597e-06		260.216		23.861		16.8816		27.2188
460		61.0432		7.14006		51.9433		29.2728		22.683		5.27394e-06		265.52		24.3732		17.2332		27.5701
461		59.9154		6.90067		50.7847		28.5658		22.288		7.77118e-06		251.976		23.722		16.8213		27.0627
462		59.3419		6.76209		50.2969		28.2231		22.1372		1.40606e-06		84.632		23.3383		16.5762		26.9586
463		60.5861		7.06737		51.4922		28.9825		22.5009		4.17992e-08		263.113		24.1005		17.0332		27.3917
464		59.984		6.9683		50.905		28.6441		22.2778		1.23562e-06		257.96		23.7812		16.8129		27.1238
465		60.6664		7.00361		51.5206		28.96		22.5399		2.44344e-05		259.148		24.0328		17.0292		27.4878
466		60.6892		7.00834		51.5058		28.9696		22.5665		9.31126e-06		261.045		24.0649		17.0566		27.4409
467		60.2733		6.94431		51.1357		28.7486		22.4315		5.86544e-07		256.456		23.8496		16.9053		27.2861
468		61.007		7.15468		51.8517		29.228		22.6498		6.89431e-05		267.065		24.3533		17.1986		27.4984
469		60.5929		7.07071		51.4715		29.0127		22.5077		2.97541e-06		266.289		24.1485		17.0778		27.3229
470		60.1082		6.88017		50.932		28.5885		22.3773		3.78214e-05		88.3476		23.646		16.7659		27.2859
471		59.4413		6.79296		50.3634		28.2627		22.1249		1.36453e-07		89.229		23.3898		16.5968		26.9736
472		60.9483		7.11709		51.7737		29.1352		22.5982		3.65924e-05		264.392		24.235		17.1179		27.5387
473		60.4585		7.00926		51.3378		28.8781		22.4842		7.53861e-05		258.729		23.9729		16.9637		27.3649
474		60.4189		7.03627		51.2747		28.8488		22.4427		5.24188e-05		257.345		23.9302		16.8939		27.3445
475		60.8073		7.06363		51.6429		29.0331		22.6134		2.90257e-07		260.821		24.0661		17.0025		27.5768
476		60.8908		7.03002		51.6734		29.049		22.6524		2.12462e-06		258.551		24.0885		17.0585		27.5848
477		59.7329		6.8703		50.6332		28.4495		22.2157		4.12078e-05		252.398		23.5516		16.6813		27.0815
478		60.2435		6.94839		51.0925		28.7347		22.4192		2.03733e-09		254.942		23.8344		16.886		27.2581
479		60.2274		6.94535		51.1089		28.7286		22.4321		2.5172e-07		255.407		23.8153		16.8699		27.2936
480		59.3578		6.77546		50.2616		28.2391		22.1269		2.18613e-06		87.7084		23.3592		16.5838		26.9024
481		60.8016		7.08903		51.6481		29.0812		22.5321		1.38978e-07		266.138		24.2395		17.1505		27.4086
482		61.1761		7.11798		51.9172		29.2425		22.7056		2.77185e-05		267.926		24.2896		17.1716		27.6276
483		62.1912		7.39136		52.8014		29.8759		23.0009		5.22012e-06		302.181		24.9912		17.5998		27.8103
484		60.4086		7.02722		51.2693		28.8537		22.4713		4.9332e-06		257.463		23.9432		16.9159		27.3261
485		60.2387		6.97328		51.106		28.7339		22.3936		3.23743e-06		254.754		23.8368		16.8635		27.2692
486		59.7324		6.87338		50.6164		28.4496		22.21		2.24421e-06		252.188		23.5877		16.7143		27.0287
487		60.7429		7.04994		51.549		29.0154		22.5834		1.63895e-07		259.563		24.0855		17.0356		27.4635
488		59.9477		6.93877		50.8419		28.6278		22.2752		4.09511e-07		257.721		23.7976		16.8588		27.0443
489		60.4313		7.06634		51.3228		28.9301		22.4434		4.10086e-07		264.027		24.0733		17.007		27.2495
490		61.5263		7.18303		52.2443		29.45		22.8209		4.65395e-06		276.492		24.5217		17.3387		27.7226
491		59.9295		6.95128		50.917		28.6265		22.2919		1.17919e-05		257.126		23.7316		16.7803		27.1854
492		60.6717		7.06522		51.4788		28.9964		22.546		3.35084e-06		259.189		24.0819		17.0167		27.397
493		61.111		7.19782		51.909		29.3145		22.6466		5.39028e-06		278.471		24.4345		17.2367		27.4745
494		60.8919		7.10142		51.7358		29.1213		22.6093		2.18317e-06		267.359		24.1953		17.0939		27.5405
495		59.7337		6.85467		50.629		28.4582		22.25		4.58012e-08		252.461		23.572		16.7174		27.0569
496		60.187		6.98702		51.1129		28.759		22.3582		4.76651e-08		257.428		23.8888		16.9018		27.2242
497		59.8503		6.86126		50.7508		28.5056		22.2976		2.22056e-05		252.489		23.6142		16.753		27.1365
498		59.0817		6.806		50.0958		28.1586		21.99		2.25268e-06		92.4868		23.3435		16.5375		26.7524
499		60.2405		6.99856		51.1486		28.8023		22.378		4.67055e-06		261.177		23.9525		16.9539		27.1961
500		58.767		6.64544		49.6572		27.862		21.963		2.41934e-07		73.3359		22.9588		16.3134		26.6984
