1		55.23		6.18857		46.7104		26.1512		20.675		3.33219e-06		61.3466		21.4975		15.3089		25.2129
2		54.7336		6.10411		46.2433		25.8757		20.5167		7.81769e-07		55.6688		21.2214		15.1173		25.0219
3		54.2525		6.02673		45.7255		25.6184		20.3829		3.58885e-07		53.6791		20.9876		14.9608		24.738
4		52.7701		5.73443		44.4299		24.7701		19.9104		3.45832e-06		43.7657		20.1466		14.4122		24.2833
5		51.3962		5.45999		43.1767		23.9964		19.5197		9.93535e-07		36.2627		19.3288		13.8688		23.8479
6		54.4902		6.03665		45.9673		25.7082		20.4761		3.88751e-08		53.2213		21.038		15.0013		24.9293
7		51.914		5.5734		43.7078		24.3002		19.6068		1.13352e-07		39.6343		19.7008		14.1274		24.007
8		50.2809		5.31477		42.1191		23.4473		19.11		5.27457e-07		33.7453		18.8549		13.5401		23.2642
9		54.3429		5.98047		45.8113		25.6116		20.4209		2.47521e-07		53.764		20.9539		14.9734		24.8574
10		56.1503		6.36556		47.5113		26.6513		20.9668		4.35193e-06		68.4635		21.979		15.6135		25.5323
11		53.0489		5.79944		44.7249		24.9714		20.0612		1.46528e-05		45.0991		20.3327		14.5333		24.3922
12		52.8774		5.74135		44.5589		24.8523		19.9586		3.54638e-06		46.0926		20.2313		14.4899		24.3276
13		54.2118		5.97944		45.7282		25.5613		20.3521		2.79439e-07		53.5019		20.9338		14.9543		24.7944
14		55.0228		6.19529		46.4822		26.0473		20.5951		1.25774e-06		58.7147		21.4062		15.2109		25.076
15		53.5887		5.92435		45.2411		25.268		20.1989		2.92593e-06		49.5049		20.6143		14.69		24.6268
16		51.3274		5.49925		43.1314		23.9984		19.4379		9.93645e-06		37.8126		19.3987		13.8994		23.7327
17		54.7188		6.02627		46.1709		25.8256		20.5812		1.2637e-06		53.6745		21.1439		15.1177		25.0269
18		53.642		5.89557		45.2696		25.2748		20.2084		1.01844e-05		48.723		20.6334		14.7378		24.6362
19		53.8565		5.89437		45.4271		25.3657		20.3253		5.94156e-06		48.0417		20.7017		14.8073		24.7254
20		55.7913		6.3195		47.2318		26.4906		20.8456		3.31965e-06		69.3037		21.8447		15.5252		25.3871
21		53.8393		5.85965		45.4402		25.3097		20.3226		1.26235e-05		46.6102		20.5877		14.7281		24.8525
22		53.1762		5.76775		44.8002		24.9616		20.0893		4.82753e-07		43.1272		20.2903		14.5225		24.5099
23		54.4903		6.01551		45.9814		25.7259		20.4942		2.59362e-06		54.9088		21.0541		15.0386		24.9273
24		53.6454		5.92213		45.2418		25.2978		20.215		1.05144e-05		49.8856		20.6644		14.7422		24.5774
25		53.8852		5.94445		45.4115		25.3931		20.2676		4.87477e-09		50.7528		20.7453		14.8009		24.6661
26		53.6505		5.87746		45.2738		25.2765		20.2198		3.32518e-07		48.9755		20.6319		14.7544		24.6419
27		52.5979		5.75171		44.3495		24.7367		19.8604		4.37171e-06		44.3219		20.1336		14.3819		24.2159
28		53.7225		5.96531		45.3355		25.3982		20.2228		1.7679e-08		53.3515		20.8097		14.8444		24.5258
29		52.8478		5.81108		44.6265		24.9114		19.9297		3.48061e-07		47.2801		20.3319		14.5208		24.2945
30		52.3856		5.68876		44.1735		24.6049		19.7633		6.80175e-07		43.0355		20.0301		14.3413		24.1434
31		53.2317		5.86408		44.9031		25.1016		20.0696		1.22012e-06		48.1811		20.4957		14.6316		24.4074
32		53.459		5.89207		45.0958		25.1982		20.147		1.05351e-09		49.1232		20.5488		14.6567		24.547
33		52.8574		5.83195		44.671		24.9563		19.9327		1.97086e-06		47.0125		20.3871		14.5551		24.2839
34		52.4448		5.64909		44.1437		24.5989		19.8491		2.61879e-07		40.4334		19.9701		14.321		24.1736
35		54.0842		6.04751		45.6612		25.5729		20.2953		6.33937e-06		55.8843		20.981		14.9335		24.6802
36		52.9434		5.80112		44.67		24.9187		19.9789		6.88465e-07		45.7065		20.2912		14.4901		24.3788
37		51.7208		5.59016		43.5164		24.2472		19.5503		6.81764e-06		40.3032		19.6688		14.0786		23.8476
38		54.7004		6.08766		46.1427		25.8346		20.5198		1.77817e-06		56.5773		21.1779		15.0902		24.9648
39		54.0038		5.98238		45.6256		25.5014		20.3201		6.06136e-06		50.7718		20.8718		14.8894		24.7538
40		55.7015		6.22601		47.0344		26.34		20.8665		1.33761e-06		63.2571		21.6471		15.4211		25.3873
41		52.7698		5.69905		44.4308		24.7543		19.9409		3.6677e-07		43.0736		20.1135		14.4144		24.3173
42		54.807		6.11198		46.272		25.9017		20.5445		3.76713e-06		56.1634		21.2442		15.1322		25.0278
43		54.4677		6.04015		45.8499		25.7022		20.4716		8.78715e-06		53.6095		21.0454		15.0053		24.8045
44		52.4599		5.68848		44.1686		24.6139		19.8183		1.41516e-05		41.4848		20.0049		14.3164		24.1638
45		56.3339		6.41296		47.6855		26.7606		21.0173		4.49738e-05		75.2223		22.0776		15.6647		25.6078
46		54.0501		5.95398		45.597		25.4824		20.3435		5.86922e-07		49.372		20.826		14.872		24.771
47		53.1678		5.80106		44.848		25.0153		20.0841		1.27298e-08		45.8393		20.3826		14.5816		24.4654
48		53.8954		5.94265		45.5248		25.4484		20.3105		4.60989e-06		49.4987		20.8151		14.8725		24.7097
49		52.8582		5.72629		44.5306		24.8108		19.965		2.02773e-07		43.1227		20.1664		14.4401		24.3642
50		54.3294		5.99805		45.7929		25.6278		20.4203		1.37517e-06		52.7601		21.0103		15.0123		24.7826
51		53.3347		5.90548		45.0046		25.1529		20.0702		1.43229e-06		49.4882		20.5251		14.6196		24.4795
52		54.9948		6.15472		46.4555		26.0147		20.603		3.36983e-06		62.3593		21.3804		15.2257		25.0751
53		53.8536		5.94045		45.482		25.4188		20.3052		9.22894e-06		50.3183		20.7645		14.8241		24.7175
54		52.2936		5.64079		44.0281		24.5104		19.7844		1.70722e-08		42.1993		19.8792		14.2384		24.1489
55		52.881		5.73126		44.5647		24.8148		19.9592		4.37483e-07		42.5751		20.1783		14.447		24.3864
56		54.6128		6.04492		46.0553		25.7982		20.542		3.04943e-06		54.7516		21.1406		15.0957		24.9147
57		53.7991		5.92496		45.3403		25.3647		20.2493		1.62812e-06		50.663		20.7394		14.8144		24.6009
58		53.3766		5.82564		44.9774		25.1058		20.1546		2.88123e-06		46.2848		20.4436		14.618		24.5337
59		54.9686		6.10576		46.3619		25.9669		20.6303		1.78854e-06		55.887		21.2852		15.1794		25.0767
60		54.1028		5.98735		45.5898		25.5312		20.3228		3.19155e-11		55.0961		20.9291		14.9418		24.6606
61		53.5606		5.87733		45.1942		25.2494		20.201		8.59831e-07		46.3542		20.6131		14.7358		24.5811
62		51.6177		5.5101		43.4108		24.1297		19.5717		3.77467e-07		38.8647		19.4755		13.9654		23.9353
63		54.8927		6.10018		46.3356		25.9443		20.6284		9.94654e-07		56.9635		21.2641		15.1639		25.0715
64		51.3557		5.44722		43.104		23.97		19.457		1.73738e-06		36.6946		19.3565		13.9093		23.7475
65		54.6237		6.0838		46.0375		25.8046		20.519		7.77265e-08		57.6121		21.1456		15.0618		24.8919
66		54.098		5.99297		45.6518		25.5395		20.355		4.77336e-08		50.7638		20.8953		14.9023		24.7566
67		53.0043		5.77019		44.7094		24.9294		20.0085		8.0211e-06		46.9247		20.3225		14.5523		24.3869
68		52.8084		5.76321		44.5267		24.8265		19.9254		4.67461e-06		44.0472		20.2031		14.4399		24.3235
69		52.2607		5.6653		43.9954		24.5079		19.7434		9.64971e-08		42.0607		19.8959		14.2306		24.0995
70		54.9073		6.11848		46.3113		25.9575		20.6085		5.64944e-09		55.4328		21.2952		15.1767		25.0161
71		52.8543		5.71445		44.4328		24.7732		20.0018		3.54825e-09		40.8585		20.0639		14.3494		24.369
72		52.9577		5.75344		44.5788		24.8553		20.0171		6.69282e-09		42.4176		20.1738		14.4204		24.405
73		53.4107		5.87694		45.0803		25.1701		20.1356		9.66949e-07		47.5214		20.5349		14.6579		24.5454
74		53.8307		5.99515		45.3399		25.4186		20.2481		1.54802e-07		53.002		20.815		14.8199		24.5248
75		52.9903		5.78482		44.6753		24.9327		20.0285		1.10121e-09		44.8923		20.2766		14.4918		24.3987
76		53.8583		5.9474		45.4431		25.4097		20.2724		4.9379e-09		50.5074		20.783		14.8356		24.6602
77		52.973		5.7562		44.6177		24.8809		20.0349		9.02998e-08		43.4441		20.2111		14.4549		24.4066
78		53.2608		5.82362		44.8909		25.0529		20.0851		5.49492e-08		45.7986		20.4033		14.5797		24.4875
79		54.8284		6.14936		46.266		25.9551		20.5713		3.90537e-09		58.9234		21.3181		15.1687		24.9479
80		51.8253		5.57983		43.6764		24.2888		19.6069		4.32371e-06		40.0538		19.6558		14.0759		24.0206
81		52.0288		5.6719		43.852		24.4707		19.6491		3.48707e-07		43.9921		19.9181		14.2462		23.9338
82		53.9582		5.94535		45.5045		25.429		20.2432		3.72343e-08		54.4068		20.8266		14.8812		24.6779
83		53.0501		5.82998		44.793		25.0065		20.0045		5.08742e-07		46.3089		20.4127		14.5827		24.3803
84		53.1929		5.80999		44.8266		25.0075		20.0199		3.85693e-07		46.6115		20.4034		14.5934		24.4233
85		52.9649		5.69312		44.5422		24.8027		20.0218		1.96756e-05		42.3602		20.1013		14.4082		24.4409
86		54.0241		5.99958		45.5724		25.5165		20.2985		3.71962e-07		56.2465		20.9264		14.9268		24.646
87		53.1505		5.86389		44.8612		25.0911		19.9912		1.40225e-06		49.833		20.5434		14.6795		24.3178
88		56.0555		6.30181		47.3731		26.5422		20.9588		1.63856e-06		68.3415		21.8492		15.5474		25.5239
89		54.054		5.95443		45.6012		25.4634		20.3518		3.74345e-07		48.4744		20.7868		14.8324		24.8144
90		53.2301		5.83553		44.944		25.103		20.0836		4.05405e-07		46.7431		20.5015		14.666		24.4424
91		53.0549		5.78739		44.6964		24.9417		20.0234		1.35908e-07		44.462		20.3121		14.5247		24.3843
92		52.8212		5.73942		44.557		24.8552		19.9491		1.18155e-09		44.3446		20.2655		14.5261		24.2915
93		56.9491		6.50968		48.2893		27.1079		21.2468		4.03175e-05		81.3749		22.3916		15.8819		25.8977
94		54.4041		6.02345		45.8756		25.677		20.4308		5.39144e-06		54.2368		21.0203		14.9968		24.8553
95		53.8173		5.96991		45.3805		25.4038		20.2244		6.63052e-06		51.2951		20.7955		14.8256		24.585
96		50.9381		5.3991		42.7464		23.7499		19.3605		1.89742e-08		35.0701		19.0901		13.691		23.6562
97		55.8034		6.29944		47.2276		26.4445		20.8532		4.95861e-05		67.169		21.7772		15.4777		25.4504
98		53.4124		5.83889		45.0147		25.1283		20.1162		1.53635e-07		48.7738		20.5094		14.6705		24.5053
99		54.7592		6.08571		46.1781		25.8829		20.5661		5.5604e-08		57.1948		21.2336		15.1479		24.9445
100		54.4029		6.03509		45.9271		25.7074		20.424		3.82153e-07		57.9834		21.0895		15.0544		24.8376
101		55.5119		6.2518		46.9387		26.2774		20.7501		4.66037e-11		69.4382		21.6069		15.3551		25.3318
102		52.4063		5.70054		44.1954		24.6468		19.7525		1.15413e-05		44.1223		20.0895		14.389		24.1059
103		53.5942		5.92734		45.2036		25.2939		20.1603		1.17211e-06		52.0624		20.6912		14.7639		24.5124
104		53.3772		5.90203		45.0505		25.2015		20.0527		9.0035e-08		52.6641		20.6393		14.7372		24.4112
105		54.2543		6.01884		45.7083		25.5747		20.359		3.45163e-08		53.4654		20.9154		14.8965		24.7929
106		52.7385		5.72842		44.5162		24.7823		19.9099		5.51186e-06		44.4759		20.1467		14.4183		24.3695
107		55.0037		6.14714		46.4418		26.0097		20.6269		2.42831e-07		57.7544		21.3504		15.2033		25.0914
108		54.5803		6.03618		46.0601		25.7412		20.5169		2.24803e-06		53.1849		21.0518		15.0157		25.0082
109		52.5819		5.65268		44.2601		24.6501		19.8959		1.46117e-06		40.8981		19.9905		14.3378		24.2696
110		54.0854		6.01427		45.6335		25.5863		20.3265		4.29827e-07		55.4663		21.0105		14.9962		24.623
111		53.0125		5.82249		44.7349		24.991		19.9956		5.15333e-08		46.81		20.4005		14.578		24.3344
112		53.4987		5.89024		45.1782		25.2375		20.1588		2.7227e-06		49.5091		20.6261		14.7359		24.5521
113		53.4954		5.87796		45.0921		25.1931		20.1375		3.93728e-08		48.8336		20.5667		14.6888		24.5254
114		52.8457		5.70611		44.4964		24.8114		19.9578		5.54584e-07		43.6352		20.1955		14.4894		24.3008
115		52.4795		5.74145		44.2329		24.6625		19.7778		1.46326e-09		42.4535		20.0759		14.3345		24.157
116		50.5335		5.3426		42.4248		23.5699		19.2144		4.24022e-06		34.2334		18.9473		13.6047		23.4775
117		54.4589		6.01079		45.9484		25.7153		20.4398		1.13272e-05		54.618		21.1061		15.0953		24.8423
118		52.3726		5.62132		43.9865		24.4875		19.8196		3.33545e-06		38.4447		19.7867		14.1654		24.1997
119		52.3675		5.69103		44.1012		24.5605		19.7693		5.35482e-08		42.11		19.9414		14.2504		24.1597
120		52.012		5.65747		43.7795		24.4277		19.6208		1.83988e-07		42.284		19.897		14.2395		23.8825
121		54.084		5.92437		45.5784		25.4852		20.3659		1.4339e-05		51.8423		20.83		14.9056		24.7484
122		54.5381		6.00972		45.9669		25.7236		20.5117		1.61667e-05		52.5722		21.0333		15.0236		24.9335
123		55.7857		6.25779		47.2022		26.4245		20.855		4.9183e-06		65.9531		21.7686		15.5108		25.4336
124		53.9792		5.95428		45.5754		25.453		20.3048		2.56249e-08		49.3931		20.8018		14.8475		24.7736
125		54.5016		6.10939		45.9921		25.7779		20.4241		1.96661e-05		56.9611		21.1586		15.0492		24.8335
126		53.9914		5.97173		45.5237		25.4628		20.3274		6.2431e-09		50.5021		20.8029		14.8312		24.7209
127		54.4441		6.01911		45.9131		25.6963		20.46		1.21839e-06		53.4318		21.0469		15.0278		24.8662
128		54.6173		6.08302		46.0715		25.8091		20.5349		1.62821e-05		55.0133		21.1409		15.0579		24.9306
129		56.3538		6.42283		47.7609		26.7903		21.024		3.38221e-06		75.6462		22.1247		15.7018		25.6362
130		56.1706		6.30855		47.4731		26.6166		21.0098		3.84618e-05		69.2712		21.9394		15.6309		25.5337
131		51.354		5.49247		43.2118		24.0112		19.4437		7.86111e-09		37.2588		19.3781		13.8856		23.8337
132		52.8019		5.72641		44.5042		24.8214		19.9255		7.152e-10		44.9518		20.2292		14.5028		24.275
133		54.147		5.98486		45.6608		25.5606		20.3757		3.96184e-06		54.2267		20.9128		14.928		24.748
134		52.6989		5.73443		44.3795		24.7486		19.8915		5.13162e-07		43.1704		20.137		14.4025		24.2425
135		54.9871		6.08773		46.3729		25.9535		20.6056		4.20625e-06		57.6146		21.3039		15.2161		25.0691
136		54.6386		6.04282		46.0811		25.7729		20.5266		1.92817e-07		53.1823		21.0961		15.0532		24.985
137		55.0207		6.14668		46.4263		25.9969		20.6242		4.12777e-06		59.6982		21.3655		15.2188		25.0608
138		53.7984		5.9219		45.3818		25.3646		20.2475		5.97893e-06		49.8203		20.7602		14.8383		24.6216
139		54.2671		6.00777		45.7922		25.6081		20.3983		1.23217e-05		54.5842		20.9701		14.9623		24.8221
140		52.0094		5.64975		43.8234		24.4304		19.6397		1.5484e-06		42.5655		19.8636		14.2138		23.9598
141		53.6969		5.90587		45.2686		25.3114		20.2243		5.42541e-06		51.6275		20.6824		14.7765		24.5862
142		54.0685		5.98173		45.6445		25.5247		20.3286		1.03425e-06		53.9679		20.897		14.9153		24.7475
143		55.5697		6.24816		46.9967		26.323		20.7943		1.30997e-05		62.8144		21.643		15.3948		25.3538
144		53.2866		5.83411		44.9076		25.0661		20.0695		1.07087e-05		46.6784		20.4399		14.6058		24.4677
145		54.026		5.96563		45.5704		25.4693		20.3746		1.06928e-07		49.905		20.7532		14.7875		24.8172
146		53.5759		5.9394		45.1787		25.2907		20.1796		1.33818e-07		49.0341		20.6764		14.737		24.5023
147		52.5881		5.73227		44.3335		24.7251		19.8736		1.64762e-06		44.7982		20.1246		14.3924		24.2089
148		52.2137		5.64165		43.9297		24.4694		19.6976		4.67765e-06		43.7573		19.8751		14.2335		24.0546
149		52.4092		5.6327		44.0855		24.5347		19.8293		2.84188e-06		40.9932		19.8817		14.249		24.2038
150		53.7114		5.9543		45.2843		25.3342		20.1871		1.42237e-07		52.0508		20.727		14.7727		24.5573
151		53.7093		5.94382		45.2987		25.3474		20.2125		9.5304e-08		50.1762		20.7347		14.7909		24.564
152		53.8748		5.95409		45.4109		25.4066		20.2356		4.09616e-08		53.0491		20.796		14.8419		24.6149
153		52.3475		5.66532		44.0449		24.5409		19.8001		2.25146e-07		39.6587		19.9193		14.2539		24.1257
154		54.3297		5.99159		45.8059		25.6328		20.4622		1.80601e-06		51.9431		20.9776		14.986		24.8283
155		53.836		5.92348		45.4389		25.3952		20.3022		7.11476e-07		49.9312		20.7508		14.8273		24.6881
156		52.3085		5.60134		43.9984		24.4682		19.7741		1.34676e-06		39.6223		19.8262		14.2249		24.1721
157		53.2342		5.81614		44.8833		25.0368		20.0685		1.14688e-05		44.3677		20.4102		14.5941		24.4731
158		53.3307		5.87433		44.991		25.1388		20.1235		1.21999e-06		47.373		20.5037		14.6294		24.4873
159		52.4064		5.7139		44.1267		24.6283		19.8061		2.58149e-05		42.0065		20.0274		14.3135		24.0993
160		51.9561		5.59471		43.7261		24.3485		19.6908		5.69531e-08		40.1012		19.7191		14.1244		24.007
161		54.2812		5.98153		45.8349		25.6443		20.4273		1.5796e-06		52.0572		21.0094		15.0278		24.8255
162		53.6951		5.87977		45.3273		25.3016		20.2213		5.09902e-06		48.3736		20.6756		14.7959		24.6516
163		53.3885		5.86356		45.023		25.1625		20.1148		1.93196e-07		48.5608		20.5408		14.6773		24.4821
164		52.4938		5.6818		44.2053		24.6383		19.8578		4.79039e-06		41.3804		20.0088		14.327		24.1965
165		52.1189		5.60481		43.8613		24.4215		19.7197		3.65165e-07		40.1407		19.7855		14.1807		24.0758
166		52.8708		5.80718		44.5626		24.8966		19.9179		8.52514e-09		46.0096		20.3261		14.5189		24.2366
167		53.3493		5.83967		44.9959		25.1492		20.1287		3.17583e-05		47.0111		20.5392		14.6995		24.4567
168		53.0772		5.81593		44.787		24.996		20.0178		3.68939e-07		47.1391		20.3991		14.5832		24.3879
169		53.2179		5.83037		44.8825		25.0736		20.0938		3.16962e-06		45.1768		20.4324		14.6021		24.4501
170		52.1911		5.65462		43.9734		24.4986		19.7057		2.63085e-06		42.2785		19.9233		14.2687		24.0501
171		53.2349		5.8582		44.8627		25.0933		20.0477		3.27654e-06		50.6177		20.5099		14.6517		24.3527
172		53.6296		5.9166		45.3171		25.3251		20.206		1.12375e-06		48.313		20.704		14.7874		24.6131
173		55.0022		6.12478		46.4094		25.9684		20.6131		3.16072e-06		59.129		21.3133		15.1885		25.0962
174		53.225		5.79605		44.9044		25.0432		20.091		8.87405e-07		45.3221		20.3971		14.6011		24.5073
175		54.584		6.09186		46.1193		25.8161		20.4902		1.35917e-07		59.9141		21.173		15.0811		24.9463
176		52.9374		5.69456		44.5797		24.8176		20.0299		1.07598e-05		42.7273		20.1133		14.4188		24.4664
177		54.0966		5.99303		45.6074		25.5317		20.3461		6.57254e-05		52.2487		20.8853		14.8922		24.7222
178		54.7519		6.10806		46.2398		25.8858		20.5091		1.10706e-06		59.0029		21.2697		15.1617		24.9701
179		53.9684		5.89515		45.4865		25.4041		20.3792		5.39376e-08		47.829		20.6976		14.8025		24.7888
180		53.5424		5.88737		45.1463		25.2246		20.2062		6.14608e-06		47.1286		20.5437		14.6563		24.6026
181		55.1495		6.20633		46.6274		26.1151		20.6414		3.66754e-07		62.8801		21.4553		15.2489		25.1721
182		53.8852		5.98022		45.4819		25.4383		20.2426		3.89598e-06		54.4716		20.8145		14.8343		24.6674
183		54.1753		6.01106		45.7137		25.5881		20.3754		1.672e-07		56.0169		20.9616		14.9505		24.7521
184		51.9346		5.57722		43.6881		24.325		19.6626		5.1434e-06		40.5675		19.6966		14.1194		23.9915
185		54.5355		6.11669		46.033		25.7934		20.4492		8.85833e-06		57.1364		21.1706		15.0539		24.8624
186		53.6726		5.9296		45.2634		25.328		20.2048		3.45134e-06		50.3001		20.7238		14.7942		24.5396
187		53.9563		5.89694		45.5627		25.4298		20.3662		1.14494e-07		48.2155		20.7429		14.846		24.8198
188		53.4211		5.87329		45.1041		25.1921		20.1492		1.26131e-05		48.4566		20.5789		14.7056		24.5252
189		52.0121		5.5929		43.7546		24.3748		19.7062		2.86771e-07		40.0243		19.7539		14.1611		24.0006
190		55.0265		6.18297		46.5215		26.0828		20.5889		1.43734e-09		63.2862		21.4729		15.29		25.0486
191		53.7169		5.89522		45.3506		25.3156		20.2761		1.45759e-06		48.2252		20.6262		14.731		24.7244
192		53.3037		5.80631		44.993		25.0753		20.0784		4.79108e-07		47.1685		20.4544		14.648		24.5387
193		54.5362		6.13588		46.127		25.8351		20.4071		4.0668e-08		60.4882		21.2203		15.0844		24.9068
194		54.8824		6.09527		46.2759		25.9087		20.5937		5.35597e-08		56.1304		21.2516		15.1564		25.0243
195		56.0947		6.39768		47.5532		26.6752		20.918		3.22839e-06		83.5477		22.0067		15.609		25.5466
196		52.8073		5.73729		44.5072		24.7812		19.9177		1.57501e-05		42.0609		20.1296		14.3923		24.3776
197		54.2906		6.06039		45.9337		25.6982		20.361		2.93865e-06		59.6516		21.1146		15.0542		24.8191
198		51.9697		5.62555		43.7114		24.3566		19.6427		1.55834e-06		40.934		19.7574		14.1319		23.9539
199		55.8091		6.2397		47.1449		26.3993		20.9221		9.61107e-09		63.6367		21.6624		15.4227		25.4825
200		53.3468		5.86801		44.9798		25.1391		20.1135		3.41035e-06		48.1927		20.5078		14.6398		24.472
201		54.4157		6.03848		45.9317		25.6779		20.4051		3.75473e-07		56.124		21.0382		14.9997		24.8935
202		57.1844		6.55649		48.5007		27.2219		21.316		9.80825e-06		86.8294		22.4892		15.9327		26.0115
203		53.9415		5.98547		45.4727		25.4589		20.2745		6.13594e-07		53.3		20.8329		14.8474		24.6398
204		53.3319		5.91759		44.9838		25.1932		20.0537		2.37838e-06		50.1212		20.6435		14.7259		24.3403
205		54.2567		5.98812		45.757		25.5881		20.3705		6.4806e-07		54.2419		20.9392		14.9511		24.8178
206		53.7058		5.93746		45.3264		25.3419		20.2394		1.02827e-06		49.2885		20.7127		14.7753		24.6137
207		53.34		5.83305		45.0061		25.108		20.1196		9.226e-06		45.1003		20.4521		14.6191		24.554
208		56.0651		6.34015		47.4228		26.6012		20.945		7.22916e-06		71.8393		21.9479		15.6078		25.4749
209		54.4739		6.05922		45.9516		25.7076		20.4584		3.25752e-08		53.6242		21.019		14.9598		24.9326
210		53.6511		5.89668		45.2887		25.2689		20.2399		1.99241e-06		47.9313		20.5914		14.6947		24.6973
211		53.654		5.93496		45.2739		25.3273		20.1891		7.29462e-07		54.1443		20.7223		14.7874		24.5515
212		53.7222		5.93259		45.3353		25.3643		20.2349		3.54697e-05		49.816		20.7501		14.8175		24.5852
213		53.6257		5.90142		45.2262		25.2858		20.1789		6.96944e-07		50.5443		20.6638		14.7623		24.5625
214		52.8721		5.73853		44.5249		24.8294		19.9741		2.01872e-08		43.4312		20.1875		14.449		24.3374
215		53.5017		5.85766		45.134		25.2058		20.1921		8.22336e-07		47.4719		20.5695		14.7118		24.5645
216		53.6719		5.86642		45.3322		25.2889		20.2431		1.08949e-08		48.9321		20.6379		14.7714		24.6943
217		53.8723		5.92604		45.4431		25.3842		20.3077		1.70074e-05		49.285		20.6848		14.7588		24.7583
218		54.6955		6.04372		46.1045		25.7936		20.5325		8.13858e-07		53.5132		21.1096		15.0659		24.9948
219		53.6604		5.88262		45.2413		25.2905		20.18		2.12833e-07		49.263		20.6775		14.7949		24.5638
220		55.3788		6.20414		46.72		26.1724		20.7224		2.8062e-06		58.6488		21.4611		15.257		25.2589
221		52.0126		5.59583		43.7685		24.3487		19.6954		4.67765e-05		40.4952		19.7092		14.1134		24.0592
222		56.4151		6.43657		47.726		26.7851		21.0368		1.38372e-05		70.613		22.0948		15.6582		25.6312
223		52.3957		5.67896		44.1222		24.6159		19.8042		3.88334e-09		42.6237		19.9992		14.3203		24.123
224		53.3596		5.84824		45.0404		25.1361		20.0935		1.37387e-08		48.6076		20.5185		14.6703		24.5219
225		54.3434		6.02119		45.8554		25.6718		20.4478		1.21374e-05		52.8685		21.0374		15.0162		24.818
226		53.0712		5.85883		44.7735		25.0429		20.0276		6.13036e-06		47.7512		20.4519		14.5931		24.3216
227		52.6717		5.71722		44.3925		24.7407		19.9027		8.2643e-07		43.1677		20.1111		14.3939		24.2814
228		53.2759		5.87038		44.9124		25.1349		20.0922		2.4468e-09		47.9395		20.5465		14.6761		24.3658
229		52.8742		5.73311		44.5682		24.8488		19.9666		2.97713e-06		45.7419		20.218		14.4849		24.3502
230		55.5667		6.25649		47.0037		26.3235		20.7495		1.83247e-05		63.9367		21.689		15.4325		25.3147
231		51.2654		5.44212		42.9797		23.9105		19.4401		4.50807e-07		36.9365		19.2741		13.832		23.7056
232		55.1689		6.22999		46.6708		26.1721		20.6519		1.89869e-07		65.3156		21.5579		15.3279		25.1129
233		53.1119		5.7849		44.7659		24.9583		20.0451		1.61404e-07		45.0557		20.3082		14.5233		24.4576
234		56.0527		6.30562		47.3785		26.5447		20.9602		4.38643e-06		66.8264		21.8399		15.5343		25.5386
235		52.6884		5.71884		44.3843		24.7191		19.8997		5.70867e-06		42.1743		20.0833		14.3644		24.301
236		54.0734		5.97499		45.6592		25.534		20.3622		5.39083e-07		53.2704		20.9		14.925		24.7592
237		56.2488		6.37518		47.6327		26.7003		21.0162		4.89458e-05		71.0753		22.0058		15.6307		25.6269
238		53.2836		5.83931		44.8956		25.0422		20.0706		1.70271e-07		44.4719		20.3781		14.5388		24.5176
239		52.5265		5.72978		44.2269		24.6615		19.822		6.24005e-07		42.9026		20.0479		14.3181		24.179
240		51.8864		5.57535		43.6756		24.3096		19.605		2.38634e-06		39.957		19.721		14.1456		23.9546
241		55.3401		6.21677		46.8101		26.2254		20.735		2.29001e-07		64.0264		21.5938		15.377		25.2163
242		53.1904		5.81856		44.8326		25.0084		20.0727		1.22901e-08		45.1178		20.3462		14.5277		24.4863
243		52.9828		5.77227		44.641		24.9077		20.0404		1.11345e-05		42.5393		20.2566		14.4843		24.3845
244		53.2243		5.86472		44.8989		25.1105		20.068		2.1714e-06		48.5614		20.5073		14.6426		24.3916
245		53.8095		5.88474		45.3835		25.3147		20.3158		3.56062e-07		47.2225		20.5972		14.7125		24.7863
246		53.426		5.87055		45.1382		25.1971		20.1455		7.92502e-07		48.9938		20.5748		14.7043		24.5634
247		53.4361		5.86029		45.0069		25.1526		20.154		4.04919e-06		45.1588		20.5013		14.6411		24.5056
248		53.7556		5.91858		45.3497		25.3237		20.279		1.42003e-07		47.4912		20.6236		14.7051		24.7261
249		52.8635		5.7842		44.5947		24.8966		19.9482		6.81032e-08		45.1793		20.2867		14.5025		24.308
250		55.169		6.14689		46.6245		26.0701		20.6817		5.04463e-07		59.1068		21.3758		15.2289		25.2487
251		55.1199		6.17054		46.5794		26.0788		20.639		1.227e-06		63.913		21.4376		15.2671		25.1418
252		52.6854		5.75896		44.3887		24.7779		19.8927		9.8544e-06		45.0518		20.1767		14.4177		24.212
253		53.4398		5.83469		45.0758		25.1681		20.1542		7.39524e-07		46.6884		20.5479		14.7132		24.5278
254		53.2898		5.89562		44.9704		25.1376		20.0754		3.17539e-06		48.3816		20.5498		14.6542		24.4205
255		52.5204		5.7185		44.2278		24.6767		19.8408		4.04804e-07		42.87		20.0773		14.3588		24.1505
256		54.484		6.03665		45.9423		25.7095		20.4826		1.42075e-05		53.0497		21.0423		15.0057		24.9
257		52.4923		5.66173		44.2328		24.6236		19.8278		1.35577e-06		41.914		20.0182		14.3565		24.2145
258		53.8911		5.95406		45.5212		25.4277		20.3002		1.59752e-08		48.9381		20.7732		14.8191		24.748
259		52.8865		5.78837		44.5823		24.8943		19.9792		3.43997e-06		46.0459		20.256		14.4676		24.3263
260		53.5857		5.87707		45.2299		25.2427		20.1855		2.45549e-06		48.2735		20.597		14.7199		24.6329
261		52.6372		5.69477		44.3141		24.6877		19.8885		5.39549e-07		43.4		20.0533		14.3585		24.2608
262		53.2692		5.84005		44.9589		25.0971		20.1219		1.52185e-05		46.2402		20.4498		14.6097		24.5091
263		54.5968		6.07219		46.0125		25.768		20.5305		1.1951e-07		53.2805		21.0893		15.0171		24.9232
264		55.1781		6.19016		46.6194		26.1058		20.6599		9.92515e-06		62.1594		21.4558		15.2656		25.1636
265		55.1514		6.22228		46.6433		26.1566		20.6441		5.89825e-07		63.6348		21.5487		15.3265		25.0946
266		54.927		6.1244		46.4178		25.9886		20.6179		9.60912e-06		57.5241		21.3404		15.216		25.0774
267		54.2477		6.00128		45.7756		25.6131		20.4008		2.58037e-06		54.6955		20.9617		14.9604		24.8139
268		53.2538		5.78697		44.8954		25.0085		20.091		6.1298e-06		43.2489		20.3623		14.5753		24.5331
269		53.9964		6.00552		45.5551		25.4982		20.2891		3.57501e-07		53.2857		20.8731		14.8676		24.682
270		53.077		5.76623		44.6796		24.9196		20.066		1.09872e-06		43.0887		20.2467		14.4805		24.4329
271		53.8741		5.96467		45.4253		25.4155		20.2604		9.93976e-06		51.6264		20.7827		14.8181		24.6426
272		55.5407		6.24537		46.9306		26.3026		20.7851		1.5663e-05		62.2978		21.6435		15.3981		25.2872
273		54.2598		6.00471		45.7249		25.5994		20.3997		6.41769e-07		51.9618		20.9566		14.9519		24.7683
274		53.3061		5.88895		44.9484		25.1486		20.04		1.13873e-07		50.8129		20.5938		14.7049		24.3546
275		53.4882		5.91947		45.031		25.2254		20.1194		5.16506e-06		50.1534		20.6236		14.7041		24.4074
276		52.7844		5.70587		44.451		24.765		19.9323		3.60421e-07		43.3466		20.1315		14.4257		24.3194
277		53.8789		5.95126		45.4633		25.4272		20.3007		2.47096e-06		50.2912		20.7729		14.8216		24.6904
278		53.05		5.76476		44.7058		24.9204		20.0164		1.22254e-07		43.9608		20.2845		14.5198		24.4212
279		54.5139		6.01517		45.9846		25.7245		20.5176		3.41548e-06		52.2615		21.0482		15.033		24.9364
280		55.223		6.17107		46.6192		26.1346		20.7086		2.40733e-06		61.4772		21.4874		15.3164		25.1318
281		54.7306		6.10854		46.2064		25.8736		20.5268		3.71533e-07		55.6642		21.2341		15.1256		24.9723
282		54.2475		6.03705		45.7686		25.6383		20.3534		2.19504e-08		55.1864		21.0311		14.9941		24.7375
283		53.8397		5.96206		45.4387		25.4263		20.2406		5.87055e-06		51.5093		20.8204		14.8583		24.6183
284		54.6723		6.08385		46.1253		25.824		20.5044		2.48885e-08		56.552		21.1873		15.1034		24.938
285		54.0143		5.98741		45.5837		25.5003		20.2491		4.40385e-09		55.2213		20.9157		14.9283		24.668
286		52.2451		5.68804		44.0975		24.5962		19.7615		6.96898e-06		43.7362		20.0426		14.3546		24.0549
287		55.3316		6.21706		46.7814		26.2189		20.7155		3.53498e-07		66.1379		21.5796		15.3625		25.2019
288		52.695		5.76173		44.4238		24.795		19.8891		2.55001e-08		44.6128		20.1993		14.4375		24.2246
289		52.9956		5.7898		44.637		24.8944		19.9945		2.72144e-06		43.7068		20.2478		14.458		24.3892
290		55.8212		6.29623		47.2238		26.4724		20.8712		5.66457e-06		67.2081		21.8091		15.5128		25.4148
291		55.9198		6.34045		47.2982		26.5062		20.9134		1.30284e-05		67.4487		21.7955		15.4551		25.5026
292		52.76		5.72269		44.4243		24.7488		19.9369		5.67916e-09		42.4364		20.0893		14.3667		24.3349
293		55.1251		6.14529		46.5219		26.0596		20.6754		1.11706e-06		57.981		21.4084		15.2631		25.1134
294		53.5154		5.86912		45.0912		25.1897		20.1903		8.57371e-08		47.5757		20.506		14.6369		24.5853
295		53.1518		5.80248		44.7746		24.9912		20.037		7.86479e-07		44.1566		20.3761		14.5736		24.3986
296		54.668		6.07975		46.0815		25.7962		20.5109		8.75106e-07		54.6775		21.1191		15.0393		24.9625
297		52.8003		5.77918		44.5328		24.8631		19.9243		3.74124e-06		46.5057		20.2691		14.49		24.2637
298		52.1706		5.61499		43.8749		24.4236		19.7402		1.80398e-10		39.815		19.7671		14.1521		24.1078
299		52.1984		5.63805		43.9341		24.4881		19.7207		4.1057e-06		42.438		19.9025		14.2644		24.0316
300		56.6797		6.47651		47.9762		26.9271		21.1571		1.17567e-05		77.3355		22.2206		15.7441		25.7555
301		51.8344		5.59492		43.5359		24.2836		19.6198		5.70293e-06		38.7852		19.6706		14.0756		23.8653
302		54.8712		6.16401		46.3197		25.9642		20.5126		8.98234e-07		63.8575		21.3699		15.2059		24.9498
303		54.2101		5.98398		45.6579		25.5709		20.3785		8.50009e-09		53.614		20.9479		14.9639		24.71
304		53.4229		5.81138		45.0454		25.0739		20.1704		4.969e-06		44.0251		20.3375		14.5261		24.7079
305		55.3423		6.23673		46.7674		26.204		20.6686		1.80282e-09		65.3532		21.585		15.3483		25.1824
306		54.3615		6.02726		45.8608		25.6564		20.3851		4.98647e-06		56.2888		21.0261		14.9988		24.8347
307		53.727		5.89525		45.3691		25.3396		20.2697		4.44004e-07		49.7923		20.6896		14.7944		24.6795
308		52.3406		5.64405		44.0659		24.5352		19.766		1.17326e-06		41.3398		19.9053		14.2613		24.1605
309		52.422		5.66938		44.1109		24.5661		19.8181		3.88986e-06		40.7183		19.9341		14.2647		24.1768
310		52.5796		5.739		44.3092		24.6965		19.8201		2.45332e-08		43.9239		20.1018		14.3628		24.2075
311		53.6137		5.90066		45.2294		25.2828		20.1808		2.07845e-06		50.5309		20.6656		14.7649		24.5639
312		53.1454		5.8346		44.8113		25.0459		20.0155		1.68824e-08		49.135		20.4477		14.6131		24.3636
313		53.7896		5.9725		45.3608		25.3876		20.1739		7.54662e-07		57.5644		20.8107		14.8382		24.55
314		53.8336		5.96583		45.4317		25.4126		20.2079		4.04683e-07		52.5508		20.8187		14.8528		24.613
315		53.6592		5.86817		45.2161		25.2482		20.2294		9.23264e-07		46.231		20.593		14.7248		24.6231
316		54.0889		5.97989		45.5599		25.5109		20.3277		1.08098e-06		52.5152		20.8633		14.8835		24.6966
317		52.8994		5.82095		44.6066		24.9245		19.9603		1.67971e-10		44.9094		20.3381		14.5171		24.2685
318		54.5546		6.0896		46.0246		25.7772		20.4511		2.4584e-06		58.8819		21.1539		15.0643		24.8707
319		51.6318		5.51713		43.4101		24.1454		19.5986		3.58499e-10		37.5009		19.5093		13.9922		23.9007
320		50.8783		5.39482		42.7278		23.7454		19.2842		3.00145e-06		35.7184		19.1495		13.7547		23.5783
321		54.0354		5.94434		45.5584		25.469		20.369		1.19384e-07		49.4855		20.7919		14.8476		24.7665
322		53.2063		5.85825		44.9531		25.089		20.0772		6.34181e-06		46.1179		20.4614		14.6031		24.4917
323		54.9486		6.12461		46.3614		25.9854		20.6127		9.27216e-07		57.9702		21.3378		15.2132		25.0235
324		53.2818		5.79134		44.8639		25.0349		20.1274		1.46729e-06		45.4184		20.3645		14.5731		24.4994
325		52.8085		5.75749		44.5005		24.837		19.9509		4.2162e-10		44.7391		20.2266		14.4691		24.2739
326		54.6131		6.10348		46.1236		25.8379		20.462		2.08284e-05		59.0399		21.2376		15.1342		24.886
327		54.3487		6.05806		45.8792		25.6943		20.4096		1.04129e-05		55.8855		21.072		15.0139		24.8072
328		53.0087		5.75101		44.645		24.8881		19.9959		7.78954e-06		45.0257		20.2579		14.5069		24.3871
329		53.9749		5.91138		45.5136		25.4351		20.3434		3.44836e-07		50.3707		20.7783		14.8669		24.7354
330		56.7966		6.44356		48.0404		26.951		21.2026		2.30213e-06		77.2766		22.213		15.7695		25.8274
331		53.4923		5.85478		45.0976		25.1855		20.1524		2.55329e-05		49.0245		20.559		14.7042		24.5386
332		52.5543		5.70499		44.2013		24.6348		19.8392		1.39878e-07		42.0117		19.9993		14.2943		24.2021
333		54.3503		6.02982		45.8337		25.6653		20.4275		1.16265e-05		51.9905		21.0086		14.9788		24.8251
334		55.3789		6.17056		46.74		26.1674		20.7271		1.3876e-08		61.6975		21.5051		15.3346		25.2349
335		51.9467		5.54927		43.6406		24.2969		19.6785		4.05948e-07		38.5458		19.6596		14.1103		23.981
336		53.8095		5.90403		45.3916		25.3566		20.2932		4.1252e-07		48.8085		20.6913		14.7873		24.7002
337		53.3094		5.83334		44.9489		25.0918		20.1298		1.74445e-08		45.6288		20.4553		14.622		24.4936
338		53.894		5.91354		45.4986		25.3829		20.3074		1.93341e-06		48.0781		20.731		14.8174		24.7676
339		52.6915		5.74205		44.3951		24.7713		19.8929		9.00469e-07		45.2974		20.1597		14.4177		24.2354
340		53.311		5.77672		44.8949		25.0109		20.1317		3.80462e-06		45.6285		20.3018		14.5251		24.5931
341		53.9795		5.96073		45.5894		25.4689		20.3008		1.15048e-06		51.4724		20.8306		14.8699		24.7588
342		53.3268		5.8172		44.9337		25.0811		20.1014		5.8002e-06		45.9665		20.4653		14.6481		24.4684
343		55.5464		6.18789		46.8751		26.2696		20.8263		2.56127e-05		60.5631		21.5905		15.4026		25.2846
344		54.887		6.12432		46.3657		25.9672		20.5876		1.13687e-06		57.1807		21.3411		15.2167		25.0247
345		53.7487		5.90379		45.3825		25.3369		20.2861		1.47612e-07		47.4371		20.6714		14.7676		24.7111
346		53.3327		5.87691		45.0568		25.1657		20.0945		8.67251e-07		46.7667		20.5688		14.6919		24.488
347		52.0454		5.62084		43.8072		24.4006		19.6838		1.2831e-06		41.1183		19.8105		14.1897		23.9967
348		52.9551		5.76838		44.6097		24.9012		20.0038		3.60793e-07		44.9264		20.2794		14.511		24.3304
349		53.4459		5.9209		45.1597		25.2426		20.1093		6.49874e-06		49.4886		20.6737		14.7528		24.486
350		54.6505		6.08349		46.0931		25.8252		20.5085		4.86684e-06		56.1314		21.1905		15.107		24.9026
351		53.4419		5.86412		45.0799		25.1848		20.1947		2.1546e-06		46.4862		20.5236		14.6595		24.5563
352		52.8412		5.74999		44.5492		24.8364		19.9615		1.16224e-06		42.8493		20.2178		14.4678		24.3314
353		53.0657		5.7533		44.7203		24.9553		20.0607		2.79966e-08		43.8582		20.3339		14.5805		24.3864
354		53.3079		5.81315		44.9081		25.0579		20.095		1.16262e-06		45.2366		20.4023		14.5892		24.5058
355		55.4885		6.23674		46.9183		26.2772		20.785		5.68441e-05		62.4259		21.5885		15.3518		25.3297
356		52.8491		5.73063		44.5085		24.8122		19.9629		6.51791e-08		43.7259		20.1836		14.453		24.3248
357		55.9052		6.33171		47.2793		26.5234		20.9002		1.39272e-06		66.1718		21.8684		15.5367		25.4109
358		53.325		5.84477		44.985		25.097		20.0989		3.33344e-06		47.1832		20.461		14.6162		24.524
359		51.965		5.64893		43.781		24.3966		19.5897		2.00255e-06		42.2691		19.8576		14.2087		23.9234
360		56.0775		6.39591		47.5075		26.6682		20.9301		9.28717e-06		71.0778		22.0308		15.6349		25.4767
361		55.3442		6.19442		46.7114		26.1985		20.748		1.19125e-05		60.5904		21.5331		15.3387		25.1784
362		53.977		5.97853		45.5446		25.4839		20.3293		2.57564e-06		48.9775		20.8434		14.8649		24.7012
363		55.5711		6.27172		46.9323		26.3423		20.7831		7.71222e-07		65.7265		21.7121		15.4404		25.2202
364		53.1556		5.849		44.8586		25.0749		20.0421		5.39348e-08		46.9359		20.4957		14.6467		24.3629
365		52.9489		5.77393		44.6479		24.9087		19.9705		3.55581e-07		44.1055		20.3		14.5261		24.3478
366		53.7383		5.90023		45.3619		25.3501		20.2587		6.36515e-07		48.3837		20.7278		14.8275		24.6341
367		54.7063		6.13413		46.1497		25.8616		20.4901		2.8758e-08		58.2616		21.2426		15.1085		24.9071
368		53.3407		5.82861		44.9539		25.1133		20.1267		4.46501e-06		46.7763		20.4713		14.6427		24.4826
369		52.5321		5.68489		44.1969		24.6474		19.8749		1.10864e-08		40.9049		20.0046		14.3197		24.1923
370		54.131		5.95035		45.6845		25.5243		20.3764		2.69006e-07		50.1421		20.8794		14.929		24.8051
371		55.0956		6.14003		46.4894		26.0314		20.6604		5.88211e-08		58.1447		21.366		15.226		25.1234
372		53.0102		5.76826		44.6863		24.9215		20.032		7.17612e-06		45.1456		20.2638		14.4956		24.4225
373		53.933		5.94304		45.4577		25.4021		20.2661		5.80616e-06		50.1145		20.7507		14.8077		24.7069
374		52.875		5.74561		44.5734		24.8412		19.985		2.54039e-08		44.0891		20.1936		14.4479		24.3798
375		54.6833		6.06715		46.1114		25.8157		20.5581		1.48181e-09		55.3415		21.1213		15.0542		24.9901
376		55.764		6.30356		47.2174		26.4667		20.8461		1.36022e-06		68.3917		21.8216		15.518		25.3958
377		53.6527		5.90506		45.2268		25.2868		20.2007		2.71556e-06		49.6375		20.669		14.764		24.5578
378		54.6424		6.04654		46.1031		25.7761		20.5425		1.19606e-05		53.2059		21.0629		15.0164		25.0402
379		54.3608		5.98784		45.8174		25.6361		20.4302		1.06863e-07		53.0662		20.9973		15.0095		24.8201
380		54.2525		6.00787		45.7969		25.619		20.4242		7.85213e-08		52.2363		20.9395		14.9316		24.8575
381		53.4743		5.84127		45.0948		25.1515		20.1918		6.4645e-07		46.5063		20.4804		14.6391		24.6145
382		54.2744		5.96022		45.8019		25.5785		20.4201		1.67685e-08		52.3828		20.9051		14.9449		24.8968
383		54.9876		6.08937		46.3812		25.9459		20.6271		7.65416e-07		55.9688		21.2516		15.1623		25.1296
384		55.6246		6.24239		47.022		26.354		20.825		3.35563e-06		64.8257		21.6979		15.4555		25.3242
385		54.2732		6.0132		45.7345		25.6133		20.4194		1.76177e-06		51.4182		20.9579		14.9447		24.7766
386		54.0354		5.96572		45.5688		25.49		20.3175		2.59489e-08		51.9014		20.846		14.8803		24.7228
387		55.3895		6.21326		46.775		26.1966		20.749		9.32023e-06		62.3442		21.501		15.2878		25.274
388		52.8286		5.77987		44.4762		24.8404		19.9336		9.47951e-07		44.5962		20.2367		14.4568		24.2395
389		52.9555		5.75871		44.6142		24.8723		19.9982		2.03659e-06		44.9959		20.2185		14.4598		24.3957
390		53.8095		5.89416		45.4364		25.3587		20.2727		3.01012e-06		49.4411		20.7093		14.8152		24.727
391		53.5058		5.86243		45.1208		25.2132		20.1829		1.23616e-06		47.5931		20.5812		14.7188		24.5395
392		54.3221		5.99183		45.8129		25.6169		20.4218		3.00746e-06		52.953		20.957		14.9652		24.8559
393		53.3652		5.82387		44.9958		25.0922		20.1321		1.61873e-06		45.6065		20.4235		14.5996		24.5724
394		52.8497		5.81378		44.5891		24.9113		19.9089		3.27165e-06		48.138		20.3484		14.5346		24.2407
395		54.5643		6.093		45.9997		25.7833		20.4746		6.75563e-08		55.6933		21.1478		15.0548		24.8518
396		51.7201		5.57931		43.5471		24.251		19.5485		2.1673e-06		40.6106		19.6904		14.1111		23.8567
397		52.9167		5.72825		44.5338		24.8113		19.9818		8.1935e-10		43.5589		20.1568		14.4285		24.3771
398		54.9638		6.12838		46.3962		25.9842		20.5774		1.27931e-05		58.4137		21.3526		15.2243		25.0436
399		53.533		5.81451		45.1494		25.1603		20.2149		6.67015e-06		45.253		20.4861		14.6716		24.6633
400		54.1829		6.03434		45.7179		25.6354		20.4211		1.15809e-08		51.7403		20.9942		14.9599		24.7237
401		54.4531		6.00166		45.8778		25.655		20.4943		1.36346e-07		50.7428		20.9522		14.9506		24.9255
402		53.7986		5.9495		45.3314		25.3781		20.2127		4.09281e-09		51.7409		20.7723		14.8228		24.5591
403		53.9343		5.92119		45.4483		25.4064		20.3171		1.79003e-06		49.2368		20.766		14.8448		24.6823
404		53.8731		5.96246		45.4801		25.4268		20.2989		3.12143e-07		51.2703		20.7851		14.8227		24.695
405		54.898		6.17051		46.4894		26.0486		20.562		8.42641e-07		64.9081		21.4539		15.2834		25.0355
406		54.5791		6.0419		46.069		25.7775		20.5176		9.05961e-08		55.0671		21.127		15.0851		24.942
407		54.0273		5.99716		45.6351		25.5156		20.2976		5.56447e-07		52.4505		20.8764		14.8793		24.7587
408		53.9698		5.92326		45.4852		25.4128		20.3064		7.68536e-06		49.6171		20.7632		14.8399		24.722
409		52.3392		5.68621		44.0996		24.5882		19.7933		8.14675e-06		43.8393		19.9819		14.2957		24.1177
410		52.4915		5.69136		44.1867		24.6288		19.8326		1.5508e-06		42.7313		20.0028		14.3115		24.1838
411		54.608		6.00179		46.0636		25.7333		20.5376		4.05761e-08		53.0688		21.0486		15.0468		25.015
412		53.8185		5.96688		45.4129		25.4158		20.2621		5.05229e-06		50.7744		20.7879		14.821		24.625
413		55.1969		6.21529		46.7057		26.1809		20.6485		2.40244e-08		62.7396		21.5713		15.356		25.1344
414		53.2685		5.81036		44.9076		25.0745		20.0804		7.07776e-06		47.361		20.4548		14.6445		24.4528
415		52.5741		5.69511		44.317		24.6848		19.8636		5.12167e-10		42.4315		20.0705		14.3754		24.2464
416		55.32		6.18693		46.7239		26.1644		20.7337		3.70929e-05		60.6382		21.4847		15.2978		25.2392
417		54.5929		6.07759		46.0896		25.8076		20.4592		4.96725e-06		60.1122		21.1865		15.1089		24.9031
418		54.0645		5.99644		45.6516		25.555		20.3276		3.28101e-07		52.3856		20.9379		14.9414		24.7138
419		52.8333		5.74568		44.5541		24.8394		19.931		1.75824e-06		44.7739		20.2337		14.4881		24.3203
420		54.0454		5.9894		45.5618		25.5095		20.3027		2.18918e-06		52.8285		20.9188		14.9294		24.643
421		53.4253		5.85493		45.042		25.1327		20.1502		2.1289e-06		47.5888		20.4747		14.6198		24.5673
422		54.0462		5.91846		45.5186		25.4414		20.353		3.00393e-07		49.8875		20.7807		14.8622		24.7379
423		53.7858		5.91852		45.2707		25.3441		20.2388		3.32149e-05		49.8272		20.7064		14.7878		24.5643
424		52.1623		5.66581		44.0067		24.5123		19.7073		6.50374e-07		41.4922		19.9251		14.2593		24.0816
425		52.3334		5.64873		44.0591		24.5423		19.7845		1.92209e-06		42.8733		19.9247		14.276		24.1344
426		53.3338		5.91792		45.0768		25.2009		20.073		1.8588e-05		50.0679		20.6231		14.7052		24.4537
427		53.1754		5.81426		44.7965		24.9801		20.0524		1.89669e-06		45.1379		20.3197		14.5054		24.4768
428		55.9153		6.26068		47.2056		26.4499		20.9284		4.73661e-09		62.5158		21.7523		15.4916		25.4534
429		53.8212		5.93577		45.4244		25.3897		20.2541		1.03445e-05		52.6605		20.7737		14.838		24.6507
430		53.7973		5.91817		45.3758		25.3616		20.2734		1.37059e-09		49.078		20.7202		14.802		24.6556
431		50.379		5.34332		42.243		23.4937		19.1533		1.72557e-06		34.9923		18.8993		13.556		23.3437
432		54.7745		6.12087		46.2551		25.9068		20.547		1.06491e-08		58.8534		21.2556		15.1347		24.9995
433		53.2546		5.79537		44.892		25.0443		20.1063		2.15596e-07		45.0289		20.4044		14.6091		24.4876
434		52.9085		5.75115		44.58		24.8642		19.9813		1.48403e-06		45.4093		20.2287		14.4776		24.3513
435		52.4344		5.68453		44.1703		24.6158		19.829		9.55554e-06		42.8676		19.9913		14.3068		24.1789
436		54.8848		6.11709		46.3476		25.9489		20.5731		1.26418e-06		61.1676		21.3153		15.1982		25.0323
437		53.291		5.82833		44.9077		25.0755		20.0937		3.72889e-07		46.2194		20.4365		14.6082		24.4712
438		53.583		5.88899		45.1895		25.2392		20.182		1.02274e-06		48.6399		20.5929		14.7039		24.5967
439		54.1738		5.9894		45.6829		25.5366		20.3979		2.42566e-08		51.5781		20.8328		14.8434		24.85
440		56.7664		6.44757		48.0179		26.9256		21.1842		1.99378e-07		74.0899		22.1843		15.7367		25.8336
441		52.5788		5.71181		44.2788		24.6878		19.7969		3.67057e-06		44.8876		20.1313		14.4194		24.1476
442		53.4153		5.83146		45.0926		25.1776		20.1727		7.15529e-06		46.3751		20.5558		14.7243		24.5369
443		53.2736		5.84785		44.9389		25.1081		20.1002		6.49121e-06		46.1583		20.5025		14.6546		24.4365
444		53.7715		5.91182		45.4072		25.3787		20.2828		1.60951e-08		49.7514		20.7324		14.8206		24.6748
445		55.8165		6.20354		47.1543		26.3928		20.8954		6.81319e-05		62.9508		21.7032		15.4997		25.4511
446		53.1539		5.8404		44.826		25.0443		20.0449		1.8112e-07		45.5017		20.4317		14.5913		24.3943
447		55.5558		6.28184		46.968		26.3559		20.7543		1.18591e-06		67.2788		21.7223		15.4404		25.2458
448		55.0086		6.07557		46.4276		25.9601		20.6482		8.43979e-06		55.1395		21.2837		15.2081		25.1439
449		55.4291		6.23285		46.8204		26.2303		20.7685		1.39603e-06		61.7405		21.5357		15.3028		25.2848
450		54.6143		6.04791		46.0555		25.7681		20.5005		4.57324e-07		54.7508		21.101		15.0531		24.9545
451		54.3474		5.99427		45.8811		25.6498		20.423		4.71921e-06		54.5941		21.0153		15.021		24.8658
452		55.2297		6.19283		46.6596		26.1441		20.7001		4.043e-06		60.0018		21.4921		15.2992		25.1675
453		52.7947		5.79423		44.548		24.8639		19.925		8.0504e-06		45.7268		20.2717		14.4774		24.2763
454		53.4111		5.91734		45.0644		25.2395		20.1078		3.47946e-08		50.8004		20.6763		14.7589		24.3881
455		55.7869		6.2753		47.1445		26.4122		20.8682		1.7039e-07		63.6167		21.7138		15.4385		25.4306
456		54.9081		6.14778		46.4211		25.9927		20.5823		2.80865e-06		61.3949		21.3515		15.2037		25.0696
457		55.7366		6.26259		47.177		26.4159		20.8476		9.73248e-07		66.2568		21.7502		15.4877		25.4267
458		54.5321		6.09464		45.9813		25.7997		20.4876		1.39438e-06		55.5451		21.1785		15.0839		24.8027
459		53.5501		5.85534		45.1312		25.1894		20.1812		1.00683e-09		48.6394		20.5612		14.7059		24.57
460		53.1804		5.84673		44.8522		25.0466		20.0546		1.95642e-07		47.1768		20.4391		14.5924		24.4131
461		53.8963		5.94355		45.4423		25.4141		20.2651		4.04038e-06		51.2606		20.7846		14.8411		24.6577
462		52.3845		5.69249		44.0912		24.5897		19.776		3.21179e-06		42.8085		20.0009		14.3084		24.0903
463		56.1722		6.37618		47.5501		26.6837		20.9817		1.96908e-06		71.1071		22.0237		15.6476		25.5264
464		52.2746		5.63388		43.9922		24.5048		19.7548		5.73437e-06		40.9557		19.9013		14.2674		24.0909
465		53.1389		5.80729		44.8143		25.0117		20.0479		5.71628e-07		46.53		20.4012		14.5939		24.4131
466		54.5741		6.03392		46.0495		25.7681		20.5022		2.40959e-06		53.4869		21.1266		15.0927		24.9229
467		53.3189		5.85221		44.9405		25.1285		20.1215		7.70487e-08		48.1		20.5102		14.658		24.4303
468		54.3256		6.03201		45.8288		25.6769		20.4071		2.24979e-07		54.7321		21.047		15.015		24.7818
469		53.5419		5.8858		45.1488		25.2287		20.1779		1.83292e-06		47.1169		20.6027		14.7169		24.5461
470		51.2629		5.45008		43.0321		23.9466		19.479		8.88559e-07		36.601		19.3095		13.8594		23.7226
471		56.2336		6.42715		47.6158		26.7416		20.964		4.05488e-09		76.1126		22.1111		15.6839		25.5047
472		53.1165		5.83015		44.7311		24.9632		20.0259		2.05691e-12		44.8003		20.3073		14.4771		24.4238
473		52.0868		5.57847		43.8232		24.3964		19.7396		5.95918e-07		39.0816		19.7621		14.1836		24.0611
474		52.6314		5.72544		44.3665		24.7295		19.8837		6.21576e-06		43.7275		20.1033		14.3779		24.2632
475		53.1806		5.81992		44.8801		25.032		20.0489		2.32789e-06		47.0039		20.4108		14.5909		24.4693
476		52.7768		5.72865		44.5274		24.8529		19.9624		7.04744e-06		46.4267		20.2614		14.5327		24.266
477		53.5427		5.85506		45.1716		25.2053		20.1945		4.79163e-07		47.6925		20.5614		14.7063		24.6102
478		52.3796		5.67362		44.093		24.5505		19.7675		1.61158e-06		42.4777		19.9119		14.2382		24.1811
479		52.6592		5.71161		44.3437		24.7061		19.8804		6.6768e-08		43.078		20.065		14.3533		24.2788
480		52.6924		5.75754		44.4051		24.7755		19.8791		1.44175e-05		45.0358		20.1744		14.4169		24.2306
481		55.1364		6.16936		46.5734		26.0865		20.6475		4.70893e-08		61.9306		21.4623		15.293		25.1111
482		53.2618		5.81195		44.8898		25.0322		20.089		7.32516e-08		45.6069		20.3816		14.5696		24.5082
483		53.3432		5.80864		44.9436		25.0792		20.1206		1.36471e-08		44.7035		20.4459		14.6372		24.4978
484		51.0409		5.43632		42.8317		23.8363		19.3577		6.20577e-06		36.1713		19.2428		13.8065		23.5889
485		52.7166		5.73149		44.4838		24.79		19.9213		6.24028e-06		44.3795		20.1861		14.4546		24.2978
486		54.4922		6.01097		45.9641		25.7043		20.4661		1.6233e-06		53.0503		21.0477		15.0367		24.9163
487		52.1909		5.63353		43.9365		24.461		19.7213		5.76452e-06		41.469		19.8437		14.2102		24.0927
488		53.9756		6.00565		45.5475		25.5044		20.2912		3.69467e-08		54.6365		20.8742		14.8685		24.6733
489		51.6352		5.51142		43.4563		24.1552		19.5513		3.69517e-06		39.1155		19.5585		14.0471		23.8979
490		52.9947		5.80977		44.7102		24.9515		20.0176		1.39619e-06		46.6139		20.3216		14.5118		24.3886
491		53.0437		5.80921		44.7734		24.9897		19.9945		2.83339e-08		47.4617		20.3858		14.5766		24.3876
492		52.354		5.68748		44.0879		24.5766		19.7863		3.64802e-08		42.7445		19.9721		14.2847		24.1157
493		55.426		6.2262		46.8385		26.2348		20.7499		2.02543e-07		61.9409		21.5777		15.3515		25.2608
494		53.824		5.93657		45.4925		25.427		20.3044		9.302e-06		49.6771		20.7916		14.855		24.7009
495		53.6226		5.91438		45.2032		25.2887		20.1787		1.23628e-07		51.0893		20.6797		14.7654		24.5235
496		52.7339		5.76917		44.4988		24.8217		19.8819		1.74583e-05		46.3047		20.2313		14.4621		24.2675
497		54.7754		6.16643		46.3662		25.9613		20.5153		4.0289e-06		64.9885		21.3666		15.2001		24.9997
498		53.0129		5.78996		44.7132		24.956		20.0179		3.01289e-06		44.1776		20.3522		14.5623		24.3609
499		53.6388		5.81499		45.2059		25.201		20.2444		2.05168e-05		45.6753		20.5157		14.7007		24.6902
500		54.4177		5.99988		45.8854		25.6545		20.4495		1.62566e-06		52.2404		20.9676		14.9677		24.9178
