1		52.1653		5.63741		43.9531		24.4815		19.7157		1.37309e-06		41.2003		19.8773		14.2399		24.0758
2		50.448		5.34068		42.334		23.5095		19.1347		4.05315e-07		34.4905		18.9199		13.5792		23.4141
3		50.1717		5.31713		42.1406		23.4249		19.0789		1.92475e-06		33.8032		18.859		13.5419		23.2816
4		53.7877		5.99351		45.3891		25.4064		20.1527		1.03669e-06		54.18		20.8532		14.8597		24.5359
5		54.5502		6.05351		46.0606		25.7831		20.4731		1.75241e-06		56.9771		21.1559		15.1024		24.9046
6		54.053		5.94831		45.5868		25.4733		20.3571		1.33667e-05		49.6545		20.8052		14.8569		24.7816
7		52.1719		5.69125		43.951		24.5258		19.7088		1.3061e-06		44.3536		19.9459		14.2547		24.0051
8		54.2423		5.97987		45.7405		25.5538		20.3716		1.36119e-07		54.4436		20.9185		14.9387		24.822
9		52.1388		5.63226		43.8963		24.4424		19.6927		9.03453e-08		41.381		19.8345		14.2023		24.0617
10		54.1569		6.04693		45.6292		25.5774		20.3037		5.78942e-06		57.2795		20.9695		14.9225		24.6598
11		53.0757		5.81252		44.7289		24.9827		20.0126		2.91056e-06		49.1212		20.3509		14.5384		24.378
12		52.9027		5.77144		44.6345		24.8771		19.9659		1.1201e-10		45.8454		20.2482		14.4767		24.3864
13		56.0839		6.34174		47.4045		26.5917		20.9593		1.32773e-06		70.2933		21.9184		15.5766		25.4861
14		51.3661		5.53862		43.2016		24.0625		19.4496		5.19812e-08		37.9261		19.4887		13.9501		23.7129
15		51.4195		5.5131		43.2966		24.0776		19.4525		3.15027e-07		39.9793		19.5066		13.9935		23.79
16		53.6415		5.93918		45.2022		25.3248		20.1688		4.97443e-06		52.5376		20.7529		14.8138		24.4492
17		52.3251		5.63416		44.0327		24.5095		19.7825		4.95564e-06		41.5147		19.8806		14.2465		24.1521
18		52.2186		5.66912		43.9483		24.5026		19.7328		1.69123e-07		41.0995		19.9006		14.2315		24.0477
19		52.1456		5.67818		43.8887		24.4308		19.6818		6.4435e-10		39.5271		19.79		14.1118		24.0987
20		51.9897		5.60838		43.755		24.3596		19.6874		3.65347e-08		39.8705		19.7243		14.1159		24.0308
21		51.8707		5.62959		43.6713		24.3405		19.5665		2.38763e-07		42.4347		19.7774		14.1478		23.8939
22		52.4228		5.64078		44.1322		24.5687		19.8217		1.95301e-07		41.9704		19.9384		14.2976		24.1937
23		52.0154		5.58969		43.7905		24.3554		19.6461		3.84438e-06		40.8345		19.757		14.1673		24.0335
24		54.69		6.07775		46.1281		25.8166		20.5003		3.34095e-08		57.2987		21.1745		15.0967		24.9536
25		53.8209		5.98294		45.5038		25.4334		20.2066		4.47063e-06		52.6044		20.8387		14.8558		24.6651
26		52.4787		5.68478		44.2063		24.6327		19.8305		1.52009e-05		43.8067		20.009		14.3242		24.1973
27		54.2696		6.0269		45.718		25.6014		20.4072		3.69275e-06		51.9644		20.9668		14.9399		24.7513
28		51.6969		5.56205		43.4914		24.2029		19.5644		5.01658e-07		38.6764		19.5984		14.0363		23.893
29		51.1518		5.45114		43.0063		23.8845		19.3828		1.61776e-08		36.9649		19.2419		13.7908		23.7644
30		53.7288		5.90192		45.3386		25.325		20.2492		5.77202e-07		48.2079		20.6819		14.78		24.6568
31		54.4157		6.07232		45.9415		25.7181		20.4164		8.82107e-08		55.8143		21.0831		15.0108		24.8585
32		54.3435		6.05288		45.8575		25.693		20.4041		2.08754e-05		54.2506		21.0766		15.0237		24.7809
33		52.7713		5.76858		44.4854		24.8479		19.9302		4.56851e-06		44.3332		20.2376		14.469		24.2478
34		53.8131		5.95799		45.3858		25.3966		20.2329		2.12314e-06		50.9352		20.786		14.828		24.5998
35		53.0557		5.84108		44.765		25.0204		20.0254		1.41893e-06		46.9899		20.4193		14.5782		24.3457
36		51.7785		5.56209		43.5091		24.2277		19.5936		9.89965e-06		39.3477		19.6158		14.0537		23.8932
37		52.0451		5.5906		43.829		24.3944		19.6956		7.01515e-07		40.5442		19.7728		14.1822		24.0562
38		53.8163		5.95121		45.3444		25.3616		20.2004		1.64206e-05		52.2613		20.7537		14.8025		24.5906
39		50.2715		5.32306		42.1719		23.4321		19.0971		5.25944e-06		34.13		18.8406		13.5175		23.3313
40		53.4729		5.94679		45.0465		25.2362		20.0793		1.85676e-05		51.6638		20.6809		14.7341		24.3655
41		52.4927		5.74273		44.2564		24.6938		19.8361		2.42465e-07		44.5587		20.091		14.3482		24.1655
42		54.4341		6.09313		45.9555		25.7378		20.4127		1.6196e-07		57.8107		21.119		15.0258		24.8366
43		54.6859		6.14367		46.2341		25.9019		20.4687		3.44615e-08		61.6284		21.3197		15.176		24.9145
44		51.5594		5.54535		43.4347		24.1679		19.4823		3.8426e-06		40.3397		19.6171		14.0718		23.8176
45		52.5212		5.73457		44.2881		24.7101		19.8432		6.68906e-06		43.6625		20.1125		14.378		24.1756
46		52.9739		5.78352		44.621		24.9192		20.0167		4.90841e-06		44.432		20.313		14.5295		24.308
47		54.431		6.07724		45.9144		25.7396		20.4138		1.2375e-07		58.2198		21.1312		15.054		24.7832
48		51.3589		5.45509		43.1604		23.9743		19.491		2.06035e-06		36.1758		19.3327		13.8776		23.8277
49		51.6777		5.55734		43.4977		24.2273		19.5707		1.38468e-09		38.9748		19.6358		14.0784		23.8619
50		55.2222		6.19344		46.6389		26.126		20.6959		1.7318e-07		61.1866		21.4762		15.2827		25.1627
51		53.7624		5.9708		45.3376		25.394		20.197		3.49937e-09		52.2131		20.8093		14.8385		24.5283
52		51.6726		5.55173		43.4859		24.1963		19.5582		1.73862e-06		38.5279		19.6084		14.0567		23.8775
53		51.6644		5.59036		43.4944		24.2051		19.5258		8.06744e-07		39.6613		19.6103		14.02		23.8841
54		53.2509		5.8326		44.8983		25.0913		20.0733		3.53498e-08		48.2606		20.4826		14.65		24.4157
55		53.7004		5.91517		45.2396		25.3084		20.1952		1.4051e-07		51.4988		20.7018		14.7866		24.5378
56		52.023		5.60914		43.8228		24.3988		19.6874		6.12038e-10		39.9616		19.7796		14.1705		24.0432
57		52.7816		5.7777		44.5384		24.8541		19.9079		1.29006e-05		46.4416		20.2699		14.4922		24.2685
58		52.1652		5.58008		43.8463		24.3949		19.7451		2.77898e-09		38.6881		19.7341		14.154		24.1121
59		52.6849		5.73983		44.4013		24.7639		19.8669		1.00915e-07		45.4973		20.1756		14.4358		24.2257
60		54.7967		6.1119		46.2521		25.9106		20.5556		4.60525e-09		60.4417		21.2872		15.1753		24.9649
61		54.4775		6.07006		45.9788		25.7684		20.4815		1.88825e-10		56.0527		21.131		15.0609		24.8478
62		52.9503		5.79169		44.6088		24.9137		19.9607		1.56839e-05		47.415		20.3207		14.529		24.2881
63		53.3534		5.89499		45.006		25.1638		20.1085		7.0363e-09		49.2324		20.5523		14.6573		24.4537
64		52.4493		5.68781		44.1704		24.6476		19.867		2.62628e-06		43.0345		20.0328		14.3449		24.1376
65		51.0059		5.4203		42.8322		23.8134		19.3248		4.1191e-06		35.9012		19.1952		13.7749		23.637
66		56.5846		6.49824		48.0412		26.9975		21.13		1.12712e-05		233.195		22.3456		15.8474		25.6957
67		50.8128		5.3907		42.5804		23.7069		19.3269		2.8981e-05		34.9235		19.0459		13.6552		23.5345
68		53.2275		5.81056		44.8477		25.0446		20.0826		2.25869e-06		45.907		20.4282		14.6177		24.4194
69		55.2043		6.26919		46.733		26.1866		20.5911		1.40126e-05		70.3176		21.6058		15.3367		25.1272
70		53.8547		5.91374		45.4254		25.3803		20.2491		1.08935e-05		52.5464		20.7752		14.8615		24.6502
71		50.9596		5.44755		42.8149		23.8197		19.3114		5.74835e-06		36.6627		19.2485		13.8009		23.5665
72		53.6891		5.89637		45.2769		25.287		20.2043		4.38273e-06		49.6414		20.6442		14.7478		24.6328
73		53.0687		5.82497		44.7966		25.008		20.0189		9.96218e-08		46.4642		20.387		14.562		24.4096
74		54.7133		6.08553		46.1936		25.8574		20.5108		1.30436e-07		57.9247		21.2326		15.1471		24.961
75		52.9367		5.77043		44.644		24.8927		19.9952		1.30302e-06		45.9982		20.2624		14.4919		24.3817
76		54.1297		6.00596		45.6394		25.5589		20.334		1.54258e-09		54.4355		20.9518		14.9458		24.6876
77		53.6119		5.90394		45.2086		25.2811		20.1512		3.70581e-08		51.3434		20.6797		14.7758		24.5289
78		52.1077		5.64993		43.8355		24.4504		19.7019		7.09817e-06		40.2601		19.8671		14.2172		23.9684
79		53.6201		5.98979		45.1959		25.3397		20.1348		4.54592e-07		53.7123		20.776		14.7862		24.4198
80		54.4793		6.05595		45.9428		25.7154		20.4565		2.83804e-07		53.9975		21.0555		14.9995		24.8873
81		52.5576		5.71626		44.3437		24.7188		19.8601		7.8042e-09		44.0924		20.1195		14.4033		24.2242
82		53.5265		5.93505		45.0814		25.2405		20.0816		1.5849e-08		52.7931		20.6789		14.7438		24.4025
83		51.318		5.46556		43.074		23.9636		19.4548		4.57854e-06		36.7114		19.3622		13.8966		23.7119
84		53.6893		5.93999		45.2083		25.3287		20.1814		1.52222e-05		53.2546		20.7483		14.8083		24.46
85		54.4237		6.06237		45.9238		25.7146		20.4079		1.39299e-05		57.4429		21.0882		15.0258		24.8357
86		52.61		5.7448		44.4037		24.7709		19.8497		1.73386e-07		44.816		20.191		14.4462		24.2128
87		53.3112		5.88689		45.0278		25.1765		20.0759		6.00395e-09		49.8673		20.6071		14.7202		24.4208
88		53.2451		5.8283		44.8775		25.0284		20.0445		6.81666e-07		47.4413		20.3885		14.5602		24.489
89		53.3264		5.84952		44.9801		25.1188		20.0521		4.45557e-07		49.8278		20.5489		14.6994		24.4312
90		53.2834		5.8648		44.935		25.0999		20.0739		3.57204e-07		47.9684		20.4804		14.6156		24.4546
91		54.3866		6.06175		45.9414		25.7264		20.3963		1.4458e-06		57.1225		21.1274		15.0657		24.814
92		53.7468		5.90923		45.2586		25.3132		20.2219		7.55755e-08		49.6386		20.6737		14.7645		24.5849
93		52.6085		5.72684		44.3154		24.7203		19.856		2.06576e-05		42.6126		20.106		14.3791		24.2094
94		55.3325		6.24309		46.796		26.2222		20.6843		2.16244e-06		64.9987		21.5862		15.3432		25.2097
95		51.7776		5.54378		43.5327		24.2225		19.5834		1.99813e-07		39.2419		19.6226		14.0789		23.91
96		56.3871		6.43943		47.8236		26.8447		21.041		3.20874e-08		77.7484		22.1863		15.7468		25.6374
97		52.3535		5.67006		44.0815		24.5686		19.7815		3.54923e-06		42.211		19.9582		14.2882		24.1233
98		54.9576		6.17963		46.4255		26.0314		20.5544		4.24436e-06		62.7303		21.4409		15.2612		24.9846
99		51.1105		5.43858		42.9072		23.8656		19.3875		5.26378e-08		36.1503		19.2553		13.8167		23.6518
100		53.1765		5.85472		44.8172		25.0609		20.0087		4.4549e-08		48.066		20.4889		14.6342		24.3283
101		52.7883		5.7651		44.5208		24.8685		19.9353		2.38944e-05		45.9742		20.2674		14.5023		24.2534
102		54.3349		5.99209		45.7892		25.5952		20.3991		4.29359e-06		53.8628		20.9487		14.9566		24.8406
103		52.9948		5.78025		44.6723		24.9328		20.0152		2.58877e-05		46.0909		20.2942		14.5139		24.3781
104		53.9546		5.98007		45.495		25.4949		20.2876		7.63592e-06		52.9306		20.902		14.922		24.593
105		51.6213		5.53941		43.4376		24.1541		19.542		3.0782e-06		39.4773		19.5316		13.9922		23.9061
106		51.9505		5.6612		43.7965		24.4293		19.6258		6.09096e-11		42.3295		19.8923		14.2311		23.9042
107		53.7135		5.91784		45.3933		25.3632		20.2196		1.19194e-07		52.3291		20.7655		14.8477		24.6278
108		52.324		5.7039		44.1178		24.6331		19.7652		6.32542e-09		43.8492		20.0744		14.3705		24.0434
109		53.7152		5.96531		45.2597		25.3422		20.169		4.39969e-08		53.6236		20.7436		14.7783		24.5161
110		50.9341		5.4349		42.8155		23.8034		19.3321		1.32393e-07		36.6663		19.1821		13.7472		23.6334
111		54.8025		6.11651		46.2176		25.8887		20.5445		5.28185e-07		59.036		21.2329		15.1164		24.9846
112		54.1173		6.01953		45.6384		25.5688		20.3313		6.52676e-07		54.0688		20.9579		14.9384		24.6805
113		53.4483		5.88082		45.0388		25.1777		20.1105		1.55421e-06		48.3679		20.5479		14.6671		24.4909
114		53.5317		5.92007		45.1602		25.2613		20.1658		7.30603e-09		49.9678		20.6416		14.7215		24.5186
115		54.776		6.11641		46.2623		25.9009		20.5216		1.29552e-06		56.8636		21.2606		15.1442		25.0017
116		53.4186		5.8833		45.0443		25.1741		20.1119		1.07948e-06		48.5147		20.5706		14.6873		24.4737
117		52.2217		5.62284		43.9309		24.4608		19.7517		1.30412e-06		39.1992		19.835		14.2122		24.0959
118		54.579		6.08865		46.0777		25.8157		20.4865		1.26501e-07		57.2774		21.1887		15.1001		24.889
119		53.8913		5.90249		45.4187		25.3887		20.2655		3.41242e-07		51.9898		20.7565		14.854		24.6622
120		53.4052		5.86858		45.0578		25.1695		20.1137		1.92216e-06		48.3701		20.5511		14.6825		24.5067
121		55.437		6.29391		46.8931		26.3304		20.7018		6.06047e-08		70.4159		21.7516		15.4577		25.1415
122		50.2341		5.31287		42.063		23.3801		19.0576		4.33253e-07		33.4695		18.8103		13.4974		23.2527
123		53.3459		5.87872		44.9799		25.1722		20.0602		9.11345e-07		50.7399		20.6341		14.7554		24.3458
124		52.7511		5.71067		44.3964		24.7314		19.927		2.36337e-09		41.3724		20.0743		14.3637		24.3221
125		54.9418		6.12139		46.4107		25.9735		20.5698		3.50337e-10		61.2177		21.3435		15.2221		25.0672
126		54.0846		6.02476		45.6188		25.5455		20.3013		1.13486e-06		55.7772		20.9471		14.9223		24.6717
127		53.9895		5.98671		45.493		25.4861		20.2827		3.84826e-07		53.0007		20.8908		14.904		24.6022
128		53.121		5.87174		44.7874		25.051		19.9875		7.73564e-06		48.5468		20.4751		14.6033		24.3123
129		51.8577		5.61638		43.6848		24.34		19.6244		3.41844e-08		40.0984		19.7586		14.1422		23.9262
130		52.6831		5.77339		44.4562		24.8453		19.8682		6.39023e-06		46.6617		20.3068		14.5335		24.1493
131		52.273		5.61743		43.9584		24.5		19.7772		1.43577e-05		41.4355		19.9021		14.2846		24.0563
132		53.6212		5.92722		45.2066		25.2947		20.1408		7.26148e-10		50.9953		20.7047		14.7775		24.5019
133		53.6872		5.93234		45.2555		25.3256		20.1892		1.66322e-05		53.6696		20.7004		14.768		24.5551
134		52.3967		5.71103		44.1618		24.6286		19.7925		2.81014e-06		44.3546		20.047		14.336		24.1148
135		54.9077		6.1113		46.3446		25.9517		20.5948		1.70708e-05		57.4562		21.2923		15.181		25.0523
136		52.8346		5.78745		44.5508		24.8637		19.9508		8.53167e-07		45.7934		20.2481		14.4607		24.3027
137		55.3759		6.27034		46.8414		26.2799		20.7036		1.00979e-05		67.9552		21.6692		15.3988		25.1722
138		51.9015		5.61437		43.6854		24.3414		19.6281		1.48905e-05		40.4145		19.7512		14.1368		23.9342
139		52.0899		5.6974		43.8907		24.4943		19.677		1.66681e-07		42.0777		19.9164		14.219		23.9742
140		53.5319		5.88586		45.1679		25.2257		20.1625		7.08204e-07		49.1477		20.6182		14.7324		24.5496
141		55.4833		6.25219		46.9662		26.2893		20.7395		2.55898e-05		66.0543		21.6477		15.3955		25.3184
142		54.5126		6.04795		45.9842		25.7381		20.4608		6.48769e-08		55.082		21.0903		15.0424		24.8939
143		51.7842		5.58599		43.5941		24.3007		19.6171		1.39451e-05		40.3283		19.7118		14.1258		23.8823
144		53.6075		5.89803		45.1405		25.2541		20.1694		8.40069e-09		49.8824		20.6227		14.7247		24.5178
145		51.8199		5.54694		43.5788		24.2369		19.5918		1.18333e-06		40.0677		19.6175		14.0706		23.9613
146		52.1854		5.69227		43.9967		24.5311		19.7171		1.85874e-07		42.6746		19.9435		14.2513		24.0532
147		52.4169		5.69341		44.2118		24.6385		19.8199		2.87028e-06		43.3074		20.0419		14.3485		24.1699
148		54.4433		6.07838		46.0029		25.774		20.4373		1.41755e-06		55.5207		21.1746		15.0962		24.8283
149		53.4904		5.92622		45.1619		25.2631		20.1569		1.57028e-05		48.8013		20.643		14.7168		24.5189
150		53.5684		5.93436		45.1722		25.2854		20.1887		6.82918e-08		49.4714		20.6735		14.7392		24.4986
151		55.2907		6.20161		46.718		26.1652		20.6854		6.61073e-06		64.0258		21.5162		15.3146		25.2018
152		52.7544		5.83667		44.5048		24.8927		19.83		4.12854e-06		49.6311		20.3549		14.5182		24.1499
153		54.0234		5.96711		45.5709		25.4892		20.3		1.04495e-05		52.5385		20.866		14.8988		24.705
154		53.2298		5.87648		44.8864		25.1034		20.0408		8.37833e-06		48.0015		20.5142		14.6378		24.3722
155		50.1237		5.27636		42.0321		23.3826		19.0777		8.17794e-07		33.2842		18.8057		13.5294		23.2264
156		53.1441		5.85375		44.7681		25.0251		20.0343		2.32576e-06		48.7099		20.409		14.5552		24.3591
157		54.9249		6.20534		46.4629		26.0576		20.5269		1.38037e-08		66.2431		21.4826		15.2772		24.9804
158		50.6358		5.41996		42.583		23.6831		19.1714		2.34586e-05		37.2771		19.1523		13.7323		23.4307
159		51.9516		5.63769		43.7804		24.4138		19.6467		1.04371e-05		42.4991		19.8518		14.2141		23.9286
160		53.3433		5.8999		45.0033		25.1686		20.0674		3.11515e-09		49.9832		20.5896		14.6897		24.4137
161		53.9137		5.99072		45.428		25.4539		20.2708		2.39068e-05		52.8771		20.8323		14.8416		24.5957
162		52.5956		5.69503		44.3286		24.6873		19.872		6.10786e-06		44.0414		20.0634		14.3683		24.2653
163		51.5468		5.56895		43.4016		24.1775		19.5023		3.39446e-07		40.5208		19.6109		14.0419		23.7907
164		52.0377		5.59976		43.8096		24.3549		19.6852		1.33683e-05		40.3457		19.7146		14.1148		24.095
165		53.8458		5.98708		45.4419		25.4233		20.2178		4.86455e-07		54.1539		20.8179		14.8309		24.6239
166		51.7149		5.58485		43.5449		24.2463		19.5613		9.17172e-07		41.5348		19.6611		14.0763		23.8838
167		53.1361		5.84466		44.7887		25.0417		20.0185		1.70705e-05		47.6181		20.4529		14.6082		24.3359
168		52.2949		5.69436		44.0891		24.5659		19.7284		3.56549e-08		42.4646		19.9717		14.2773		24.1174
169		52.2197		5.59702		43.9625		24.4503		19.7619		2.11731e-07		39.8852		19.7897		14.1927		24.1728
170		53.6725		5.94966		45.2566		25.341		20.1786		1.90981e-07		52.4276		20.7634		14.8137		24.4933
171		53.5009		5.87208		45.1403		25.2093		20.1578		1.95836e-05		48.7809		20.5673		14.6952		24.5731
172		53.2102		5.82996		44.8748		25.0514		20.0835		3.99189e-06		45.9843		20.4257		14.5957		24.4491
173		51.9503		5.64193		43.7233		24.3728		19.6436		1.27551e-07		40.612		19.7779		14.136		23.9454
174		52.8744		5.74732		44.5666		24.8353		19.9627		6.38864e-06		43.5021		20.1741		14.4267		24.3926
175		52.2034		5.66577		43.9944		24.5158		19.7252		1.7129e-05		43.803		19.9279		14.2621		24.0665
176		52.1084		5.6263		43.8912		24.4297		19.6806		1.22442e-07		42.0675		19.8184		14.1921		24.0728
177		54.1334		5.96161		45.6297		25.511		20.3666		1.2402e-08		51.2695		20.8482		14.8866		24.7814
178		52.2613		5.61536		44.0301		24.4972		19.7846		3.88662e-08		41.7933		19.855		14.2397		24.175
179		53.9203		5.97464		45.5015		25.474		20.256		1.39657e-05		55.4756		20.8811		14.9064		24.6204
180		51.1806		5.5149		43.0682		23.988		19.4038		5.51222e-08		38.4006		19.4261		13.9112		23.6422
181		54.3281		6.02847		45.7941		25.6576		20.4225		1.23023e-06		52.6946		21.0236		14.9952		24.7705
182		52.6449		5.71338		44.2973		24.6985		19.8955		2.72975e-05		41.2966		20.0469		14.3336		24.2504
183		51.8478		5.53542		43.62		24.2477		19.6244		6.62514e-07		38.986		19.6116		14.0762		24.0084
184		56.5818		6.47567		48.0068		26.9466		21.108		1.60234e-05		79.1147		22.2842		15.8085		25.7226
185		52.3225		5.71273		44.183		24.6379		19.752		7.70134e-07		44.4509		20.0909		14.3782		24.0921
186		53.7807		5.97951		45.4334		25.4099		20.1951		6.59274e-08		53.4994		20.8233		14.8437		24.6102
187		53.6827		5.90772		45.2227		25.284		20.2053		9.44659e-06		49.6672		20.6643		14.7566		24.5585
188		57.7758		6.71944		49.0185		27.6218		21.4214		3.0811e-07		242.431		22.9654		16.246		26.0531
189		54.0649		5.97956		45.5607		25.5146		20.3112		1.92608e-06		53.2496		20.9133		14.9338		24.6474
190		51.04		5.47769		42.9274		23.9122		19.3502		9.84141e-07		39.313		19.345		13.8673		23.5824
191		53.6759		5.90419		45.2052		25.2663		20.2042		4.63513e-08		48.4486		20.6157		14.7115		24.5895
192		53.1703		5.81226		44.8335		25.0454		20.0554		4.07959e-07		47.7315		20.432		14.6198		24.4015
193		51.9334		5.61754		43.7683		24.366		19.5995		1.84429e-06		41.034		19.7985		14.181		23.9698
194		53.9146		5.97176		45.4258		25.3978		20.2772		4.83597e-06		49.9457		20.718		14.7463		24.7078
195		54.6817		6.11012		46.1904		25.8634		20.5531		1.48341e-06		57.1286		21.2152		15.105		24.9752
196		54.7419		6.08496		46.1816		25.8419		20.5339		3.61624e-08		55.3841		21.1596		15.0747		25.022
197		53.5349		5.92677		45.138		25.2795		20.1477		4.99281e-06		50.413		20.7002		14.7734		24.4378
198		54.6909		6.07484		46.1102		25.8287		20.5481		5.48672e-07		55.8714		21.1796		15.1048		24.9306
199		50.77		5.41257		42.6502		23.7117		19.2502		3.85769e-07		36.0357		19.0922		13.6796		23.558
200		55.2561		6.1353		46.6601		26.104		20.7667		3.96054e-08		59.472		21.3999		15.2646		25.2602
201		54.0077		5.97785		45.4863		25.4652		20.2637		9.94617e-06		52.7221		20.8657		14.8879		24.6206
202		53.946		5.97265		45.4403		25.4634		20.3019		1.12548e-06		51.9802		20.8387		14.866		24.6016
203		52.7736		5.76233		44.5138		24.8386		19.9232		2.00454e-05		43.9779		20.2436		14.4813		24.2701
204		50.8854		5.43295		42.7692		23.789		19.2975		1.09467e-05		37.8675		19.2062		13.7732		23.5631
205		52.5232		5.71472		44.263		24.6718		19.8148		7.89884e-08		43.474		20.0755		14.3608		24.1876
206		52.8387		5.77879		44.5862		24.9081		19.9367		5.41462e-09		47.8549		20.3531		14.5743		24.2331
207		54.3398		6.03865		45.8622		25.666		20.3846		9.0459e-08		57.4806		21.0325		14.9938		24.8297
208		54.2948		6.09165		45.868		25.7156		20.3432		9.46387e-06		60.5793		21.1613		15.0697		24.7067
209		52.8509		5.77345		44.5986		24.875		19.9569		3.60572e-06		44.2737		20.2708		14.4973		24.3278
210		53.7736		5.92558		45.3313		25.3148		20.2363		1.2083e-05		50.6353		20.6277		14.7021		24.7036
211		54.9086		6.1472		46.3966		25.976		20.5656		1.76985e-05		59.7424		21.3296		15.1824		25.0671
212		53.6258		5.89397		45.192		25.2638		20.203		5.93475e-08		49.2197		20.6027		14.7088		24.5893
213		52.6489		5.72274		44.3197		24.7363		19.903		8.77784e-09		43.3701		20.1205		14.3978		24.1992
214		53.6089		5.95774		45.2495		25.3336		20.1768		3.20449e-05		53.4555		20.7356		14.7778		24.5139
215		54.335		6.06563		45.8176		25.6702		20.3861		1.2576e-07		56.4518		21.0585		14.9928		24.7591
216		50.6368		5.42096		42.4947		23.6854		19.2328		5.86915e-07		36.063		19.1024		13.6814		23.3923
217		51.3237		5.50511		43.1801		24.0099		19.4186		8.27321e-07		37.3111		19.417		13.9119		23.763
218		52.7329		5.74886		44.4558		24.7754		19.8998		3.06122e-07		42.7702		20.1441		14.3952		24.3117
219		53.8666		5.99578		45.5067		25.4306		20.2004		7.10556e-07		53.3509		20.8459		14.8502		24.6607
220		51.2192		5.46497		42.9973		23.8988		19.3939		8.97586e-07		36.4091		19.2657		13.8007		23.7316
221		52.6548		5.75292		44.4247		24.7744		19.8769		3.80102e-07		45.0427		20.1639		14.411		24.2608
222		52.4377		5.68147		44.1446		24.5993		19.8311		4.89751e-06		41.8234		19.951		14.2695		24.1936
223		52.4836		5.67557		44.2074		24.6495		19.8691		4.99502e-06		43.0126		20.0296		14.354		24.1778
224		53.3921		5.85615		44.9968		25.1773		20.1615		2.58628e-07		47.102		20.5591		14.7029		24.4378
225		52.599		5.71651		44.3071		24.7189		19.8669		1.77289e-07		45.0235		20.1119		14.3954		24.1951
226		52.5077		5.73185		44.287		24.7185		19.7981		2.42922e-06		46.2437		20.1847		14.4529		24.1022
227		52.8829		5.80036		44.559		24.8904		19.939		2.55769e-06		47.5965		20.2913		14.491		24.2676
228		53.8665		5.96704		45.3699		25.4182		20.2572		1.07835e-06		51.8692		20.8112		14.8442		24.5587
229		53.1438		5.82075		44.8142		25.0102		19.9924		4.57668e-07		49.0903		20.4203		14.5996		24.3939
230		50.5903		5.35957		42.4462		23.5908		19.2187		4.36713e-08		34.2785		18.9611		13.6016		23.485
231		51.89		5.57712		43.6248		24.3028		19.6649		2.40048e-06		39.9287		19.6797		14.1026		23.9451
232		53.2905		5.89747		44.9705		25.1439		20.044		1.1899e-06		49.5866		20.57		14.6725		24.4005
233		54.2142		6.04144		45.7576		25.6174		20.3665		2.72526e-06		55.1403		20.973		14.9316		24.7846
234		53.1959		5.92611		44.8776		25.128		19.9589		4.77326e-06		52.9574		20.5956		14.6695		24.282
235		53.9809		5.95583		45.5208		25.451		20.2797		1.22146e-07		52.3885		20.8521		14.8963		24.6687
236		51.575		5.49282		43.3731		24.1058		19.5518		1.24629e-07		37.3041		19.471		13.9782		23.9022
237		52.3455		5.71203		44.1055		24.6041		19.774		1.15506e-09		43.7624		19.9837		14.2717		24.1219
238		52.0707		5.54898		43.8237		24.3492		19.7347		2.20213e-08		37.9411		19.6962		14.1472		24.1275
239		52.4826		5.75708		44.3289		24.7504		19.8424		1.11254e-05		45.3533		20.1771		14.42		24.1518
240		52.3012		5.68043		43.9908		24.5358		19.7462		8.6672e-06		42.0373		19.9517		14.2712		24.0391
241		53.2713		5.84338		44.8969		25.0965		20.048		3.592e-07		49.4177		20.5135		14.6701		24.3834
242		53.2529		5.80287		44.9198		25.0332		20.0942		3.40912e-06		45.5243		20.3633		14.5604		24.5565
243		53.5653		5.89106		45.138		25.2307		20.1521		4.51104e-06		49.7863		20.6185		14.7275		24.5195
244		53.8307		5.94534		45.3689		25.3972		20.2376		4.99698e-06		51.8039		20.7898		14.8444		24.5791
245		55.2255		6.24724		46.7115		26.2203		20.6637		6.02421e-06		67.2638		21.6222		15.375		25.0892
246		52.5034		5.72499		44.2217		24.6517		19.797		1.28828e-08		43.8657		20.0659		14.3409		24.1559
247		54.0049		5.96921		45.5847		25.4931		20.3289		3.8294e-06		51.6213		20.8408		14.8716		24.7439
248		53.4019		5.91638		45.0282		25.2341		20.1053		2.49618e-06		50.8925		20.6598		14.7434		24.3683
249		51.5947		5.52669		43.3762		24.1448		19.5376		2.47686e-08		39.4556		19.544		14.0173		23.8322
250		53.5924		5.9718		45.244		25.3176		20.1127		3.18799e-06		52.5318		20.7593		14.7875		24.4847
251		53.7795		5.92957		45.354		25.3738		20.2571		9.90341e-07		48.7155		20.7726		14.843		24.5814
252		51.6583		5.57978		43.5143		24.2236		19.517		9.91875e-08		40.5169		19.6615		14.0817		23.8528
253		54.102		6.03018		45.6288		25.5722		20.3194		1.14088e-05		54.5637		20.9758		14.9456		24.653
254		51.3463		5.51903		43.1575		24.0185		19.4175		5.41502e-07		37.7683		19.4179		13.8989		23.7395
255		53.4201		5.87619		45.0132		25.2042		20.1295		2.88358e-06		49.836		20.6106		14.7344		24.4026
256		51.839		5.52336		43.5596		24.219		19.6246		7.79491e-07		38.3073		19.6015		14.0782		23.9581
257		54.1523		5.97104		45.6509		25.5076		20.3943		4.18292e-05		49.4752		20.8037		14.8326		24.8472
258		53.4432		5.86811		44.9954		25.1805		20.1194		2.34784e-07		51.4159		20.5959		14.7278		24.3995
259		53.5102		5.9004		45.1739		25.2469		20.1591		3.11942e-06		51.1683		20.6371		14.7367		24.5368
260		51.5948		5.53714		43.3564		24.1409		19.5462		6.48967e-06		38.1839		19.5249		13.9877		23.8315
261		55.3093		6.24488		46.8064		26.216		20.6441		4.86458e-09		67.0173		21.614		15.3691		25.1924
262		53.1328		5.82858		44.777		24.9967		20.0147		8.92458e-07		46.1097		20.3733		14.5447		24.4037
263		51.6596		5.54747		43.4711		24.2		19.5379		1.23517e-05		41.0821		19.6341		14.0866		23.837
264		52.0322		5.63073		43.8311		24.4117		19.6724		6.89134e-07		41.772		19.8164		14.1857		24.0147
265		52.928		5.75816		44.64		24.875		19.9827		3.93353e-07		43.4804		20.234		14.4759		24.406
266		54.0173		6.03618		45.6358		25.5499		20.2685		2.06409e-07		57.0162		20.9566		14.9205		24.6791
267		52.9466		5.85113		44.7321		24.9682		19.9023		6.57739e-06		49.8446		20.4297		14.5785		24.3024
268		53.4201		5.93441		45.0396		25.1996		20.0591		2.71385e-06		52.7691		20.6322		14.6978		24.4074
269		52.2536		5.65109		43.9915		24.5158		19.7231		7.79675e-07		41.598		19.9505		14.2994		24.041
270		53.8437		5.94887		45.3948		25.4011		20.2682		1.46417e-06		52.1038		20.7844		14.8355		24.6104
271		54.5202		6.09821		46.0505		25.7745		20.41		8.14463e-10		59.1178		21.1747		15.0764		24.8758
272		52.5624		5.70733		44.329		24.6972		19.872		1.01891e-05		43.9716		20.0846		14.3773		24.2444
273		53.3425		5.86427		44.9738		25.1561		20.1179		9.95872e-07		48.2395		20.5658		14.7015		24.408
274		54.0164		6.03717		45.6273		25.5488		20.2654		4.06131e-05		56.8845		20.9736		14.9364		24.6537
275		52.6299		5.68283		44.3388		24.689		19.9032		7.8241e-07		42.3925		20.0537		14.3709		24.285
276		54.2074		5.96907		45.7106		25.5319		20.3993		2.59324e-07		50.288		20.8407		14.8716		24.8699
277		54.2475		5.99591		45.7045		25.5692		20.4301		4.2048e-06		52.8213		20.8753		14.8794		24.8291
278		52.3402		5.73296		44.1517		24.648		19.7832		4.69547e-06		43.1824		20.0868		14.3538		24.0649
279		52.8214		5.80236		44.6109		24.9131		19.9333		1.70126e-08		46.9707		20.3544		14.5521		24.2565
280		51.4224		5.56634		43.278		24.1221		19.4565		6.35597e-06		38.737		19.564		13.9976		23.714
281		52.5441		5.69532		44.238		24.6583		19.8523		6.8737e-09		42.9671		20.0342		14.3388		24.2038
282		51.6776		5.51769		43.4753		24.1891		19.5763		2.68182e-07		39.0078		19.5914		14.0737		23.8839
283		53.3125		5.83836		44.9813		25.1143		20.115		4.37806e-07		46.8764		20.482		14.6436		24.4994
284		53.4759		5.89459		45.0496		25.2067		20.1495		8.29005e-07		49.6999		20.596		14.7014		24.4536
285		53.7067		5.92603		45.3026		25.3594		20.2072		6.47944e-08		51.9534		20.7782		14.8521		24.5244
286		53.6901		5.9452		45.3314		25.349		20.1556		3.57715e-09		53.9366		20.7928		14.8476		24.5386
287		51.1531		5.52135		43.0252		23.9699		19.3642		3.84657e-07		38.2279		19.4146		13.8932		23.6106
288		53.015		5.77748		44.725		24.9412		20.0284		3.78668e-07		45.4488		20.3171		14.5396		24.4079
289		51.3712		5.54434		43.2038		24.0662		19.4659		1.19175e-05		38.3371		19.4781		13.9338		23.7257
290		51.5495		5.58265		43.4261		24.1853		19.4977		4.89484e-07		40.0235		19.615		14.0323		23.8112
291		52.4277		5.73824		44.2122		24.6915		19.7865		3.76023e-05		46.2043		20.1512		14.413		24.061
292		54.9461		6.1567		46.3755		25.9755		20.565		1.23251e-05		60.3768		21.3348		15.1781		25.0407
293		52.8304		5.77014		44.5157		24.8408		19.9191		5.48932e-06		46.023		20.2403		14.4702		24.2754
294		55.3846		6.23624		46.7692		26.243		20.7563		3.08417e-08		61.132		21.58		15.3437		25.1892
295		53.7953		5.95796		45.3148		25.3457		20.2012		4.91316e-07		50.4357		20.7168		14.7589		24.598
296		53.1134		5.86811		44.8683		25.0544		20.0192		3.9421e-06		48.4712		20.4378		14.5697		24.4305
297		53.8291		5.95405		45.3935		25.3951		20.2244		4.11934e-06		53.7543		20.7953		14.8413		24.5982
298		55.7705		6.34687		47.2908		26.5054		20.8304		7.23528e-06		73.3256		21.8484		15.5015		25.4424
299		52.0965		5.56341		43.809		24.3584		19.7343		5.36223e-08		38.8535		19.7037		14.1403		24.1053
300		52.3705		5.68289		44.0812		24.5803		19.8327		7.3537e-08		43.1535		19.9322		14.2493		24.149
301		53.6223		5.9144		45.2866		25.3161		20.1929		9.33899e-06		51.7551		20.7137		14.7993		24.5728
302		54.3225		6.0295		45.7795		25.6654		20.3849		3.82655e-05		54.8002		21.0805		15.051		24.699
303		53.2679		5.87988		44.9247		25.1057		20.034		6.89984e-07		49.188		20.5097		14.6298		24.415
304		53.0509		5.78727		44.7012		24.9266		19.9903		1.32977e-06		45.4659		20.2959		14.5087		24.4053
305		51.9276		5.57958		43.7011		24.3425		19.6589		3.31991e-10		40.8088		19.7452		14.1656		23.9559
306		53.2063		5.89081		44.9325		25.1242		20.0578		3.07492e-07		49.0578		20.5417		14.6509		24.3908
307		57.3079		6.60696		48.5783		27.321		21.351		2.41522e-07		234.923		22.6128		16.0058		25.9655
308		54.5473		6.07073		46.0096		25.7657		20.4493		1.2658e-06		58.9331		21.1224		15.0517		24.8871
309		51.7168		5.53135		43.4067		24.1538		19.5775		2.72163e-06		38.7604		19.5161		13.9847		23.8906
310		51.1944		5.48864		43.0395		23.9537		19.3633		6.0209e-08		38.415		19.4169		13.9283		23.6226
311		52.1085		5.53571		43.8332		24.3633		19.7405		9.5519e-06		40.0269		19.712		14.1763		24.1213
312		55.0422		6.21124		46.5211		26.1056		20.5953		1.14607e-05		63.6773		21.4999		15.2887		25.0212
313		52.6885		5.7951		44.4474		24.8461		19.8612		8.61126e-08		47.0148		20.3023		14.5072		24.1452
314		53.1982		5.86513		44.8914		25.0859		20.0447		1.99491e-06		49.4591		20.4727		14.6076		24.4187
315		54.0437		6.00649		45.5643		25.5047		20.2985		6.26642e-07		54.4078		20.9007		14.8942		24.6636
316		51.3677		5.498		43.1684		24.0187		19.4811		3.37974e-07		37.3847		19.4077		13.9097		23.7606
317		50.6565		5.38731		42.5507		23.665		19.1941		1.28101e-07		36.3207		19.1301		13.7428		23.4206
318		52.1495		5.56716		43.8187		24.3654		19.8082		1.19724e-09		38.3756		19.6615		14.0943		24.1572
319		52.1495		5.56716		43.8187		24.3654		19.8082		1.19724e-09		38.3756		19.6615		14.0943		24.1572
320		52.1495		5.56716		43.8187		24.3654		19.8082		1.19724e-09		38.3756		19.6615		14.0943		24.1572
321		55.7364		6.33174		47.223		26.4887		20.8069		7.78333e-08		73.0872		21.8732		15.5414		25.3498
322		55.0864		6.15741		46.5071		26.0586		20.6514		4.34566e-06		59.2649		21.4108		15.2534		25.0963
323		55.0864		6.15741		46.5071		26.0586		20.6514		4.34566e-06		59.2649		21.4108		15.2534		25.0963
324		55.0864		6.15741		46.5071		26.0586		20.6514		4.34566e-06		59.2649		21.4108		15.2534		25.0963
325		55.0864		6.15741		46.5071		26.0586		20.6514		4.34566e-06		59.2649		21.4108		15.2534		25.0963
326		55.0864		6.15741		46.5071		26.0586		20.6514		4.34566e-06		59.2649		21.4108		15.2534		25.0963
327		55.0864		6.15741		46.5071		26.0586		20.6514		4.34566e-06		59.2649		21.4108		15.2534		25.0963
328		52.8972		5.81454		44.5836		24.9159		19.9208		9.24006e-06		48.4019		20.3334		14.5189		24.2502
329		55.2248		6.2014		46.6365		26.1614		20.6904		2.96439e-10		60.542		21.53		15.3287		25.1065
330		53.9948		5.99038		45.5226		25.4625		20.2931		1.51999e-07		51.8814		20.8266		14.8362		24.696
331		53.4973		5.88539		45.0239		25.1849		20.1337		1.50235e-06		49.2331		20.5588		14.6734		24.4651
332		53.6134		5.94515		45.218		25.3026		20.2149		6.44477e-06		50.2965		20.6691		14.7239		24.549
333		54.2316		6.01276		45.7619		25.619		20.3933		1.92605e-05		52.3722		20.9849		14.9722		24.777
334		52.707		5.73775		44.407		24.7737		19.8955		1.73581e-07		43.6575		20.1766		14.4388		24.2304
335		51.6332		5.55496		43.4347		24.185		19.5432		9.96419e-06		38.7053		19.5869		14.0319		23.8478
336		52.8092		5.7768		44.6005		24.8854		19.9298		1.42335e-06		47.6138		20.315		14.5382		24.2855
337		53.9814		5.97673		45.5234		25.4881		20.263		7.28643e-07		55.3989		20.8962		14.9195		24.6272
338		54.098		5.93443		45.6004		25.4797		20.3198		2.26549e-06		51.4823		20.858		14.9236		24.7424
339		53.406		5.86011		45.0232		25.1535		20.0784		3.95648e-06		50.3366		20.5806		14.7205		24.4426
340		53.6867		5.92042		45.2535		25.3119		20.1731		1.00879e-07		54.2673		20.7206		14.8002		24.5329
341		52.1918		5.68304		44.0006		24.5157		19.6855		2.21542e-06		42.8638		19.9448		14.2617		24.0558
342		53.4159		5.88469		45.0791		25.1906		20.1115		1.57715e-05		49.5052		20.5943		14.7096		24.4848
343		52.3915		5.69056		44.1926		24.6054		19.7474		8.17689e-07		43.14		20.0389		14.3483		24.1538
345		52.4027		5.66956		44.155		24.607		19.8335		1.02011e-07		41.4984		19.976		14.3064		24.1791
347		54.3379		5.99819		45.8118		25.6462		20.4211		2.82062e-05		53.8018		21.0281		15.0299		24.7837
348		52.2299		5.65025		43.9862		24.5027		19.7774		1.44663e-05		42.3014		19.8769		14.2266		24.1093
349		53.7546		5.9529		45.3065		25.367		20.1911		3.86631e-06		53.2653		20.7827		14.8298		24.5238
350		52.3027		5.72883		44.0799		24.6013		19.73		1.749e-05		42.8578		20.0307		14.3019		24.0492
351		54.3775		6.0758		45.8889		25.7362		20.4423		7.58142e-06		54.2812		21.1083		15.0325		24.7806
352		53.1935		5.86506		44.8922		25.1062		20.0495		3.1851e-06		49.572		20.5313		14.6663		24.3608
356		54.6136		6.11605		46.0898		25.8288		20.4628		8.51446e-07		58.0578		21.2302		15.1141		24.8597
357		52.8636		5.77513		44.5687		24.8509		19.9309		5.17463e-08		45.779		20.2275		14.4524		24.3412
358		54.4909		6.06011		45.9859		25.7765		20.4958		1.99459e-05		55.2257		21.1363		15.0762		24.8496
359		52.5048		5.74188		44.2273		24.6923		19.7858		1.67745e-06		45.1915		20.132		14.3901		24.0953
360		52.0759		5.64105		43.8458		24.4584		19.7373		1.42392e-06		42.4755		19.8654		14.2244		23.9803
363		52.6387		5.74892		44.3682		24.7717		19.8602		2.12851e-06		45.3207		20.1857		14.4368		24.1825
364		53.4512		5.93601		45.0629		25.2377		20.1279		7.68414e-08		49.9441		20.6281		14.6921		24.4348
365		52.3856		5.62486		44.1019		24.543		19.8196		1.26319e-05		40.5551		19.8923		14.2674		24.2096
366		51.4804		5.5247		43.3285		24.1076		19.4544		1.33709e-06		39.4694		19.5564		14.0317		23.7721
367		54.0049		6.04226		45.5584		25.5181		20.2307		5.9194e-06		56.0017		20.9296		14.8874		24.6288
370		53.0111		5.80421		44.749		24.9727		19.9822		1.96336e-05		46.2299		20.3816		14.5774		24.3673
371		53.1988		5.84465		44.8354		25.0776		20.0383		2.04603e-05		48.3734		20.5065		14.6619		24.3289
372		52.5993		5.66814		44.2312		24.6404		19.8834		1.36326e-05		41.1777		19.9866		14.3184		24.2446
373		52.2762		5.65096		44.0663		24.5418		19.7472		9.63334e-10		42.5742		19.9316		14.2807		24.1347
374		53.7996		5.9785		45.3712		25.41		20.2246		5.09802e-06		52.1608		20.817		14.8384		24.5543
377		54.5233		6.06873		45.9956		25.771		20.468		1.11588e-05		54.3355		21.1527		15.084		24.843
378		53.6312		5.9253		45.2539		25.3267		20.1812		8.39304e-06		51.0899		20.7413		14.816		24.5126
379		53.5277		5.83474		45.1486		25.2067		20.2046		8.31826e-07		45.9072		20.5723		14.7376		24.5763
380		52.2826		5.69374		44.0549		24.5734		19.7397		1.04465e-07		42.6769		20.0024		14.3086		24.0525
381		53.5636		5.88067		45.1149		25.2378		20.1791		1.27642e-05		51.6342		20.6187		14.738		24.4962
384		55.6829		6.3512		47.1602		26.4879		20.7643		1.29441e-05		77.4096		21.907		15.5558		25.2532
385		53.1582		5.7687		44.839		24.9827		20.0924		7.74885e-09		44.368		20.3164		14.5477		24.5226
386		53.9482		5.99492		45.4999		25.4658		20.2646		3.25619e-05		52.5736		20.8415		14.8466		24.6584
387		54.4685		6.06627		45.926		25.7326		20.4466		2.11278e-05		53.2395		21.0962		15.0299		24.8298
388		53.4021		5.92527		45.0438		25.1932		20.0709		3.91743e-06		51.2355		20.6057		14.6804		24.4381
389		52.0002		5.64229		43.832		24.4314		19.652		1.22043e-05		42.3771		19.8748		14.2326		23.9572
390		54.088		5.96979		45.5508		25.4902		20.3387		2.71952e-06		52.8912		20.8581		14.8883		24.6927
391		53.0595		5.75497		44.7151		24.9233		20.0282		3.64328e-06		44.3295		20.2768		14.5219		24.4383
392		56.056		6.38162		47.5069		26.6378		20.9096		7.06313e-06		73.5812		21.9962		15.6146		25.5107
393		52.7504		5.75981		44.4498		24.8421		19.9274		7.04424e-09		45.6396		20.267		14.5072		24.1828
394		52.0249		5.66684		43.8829		24.4809		19.6587		2.45921e-06		43.748		19.9414		14.2746		23.9414
395		52.1925		5.68857		44.0239		24.5535		19.7065		4.196e-09		45.0476		19.9891		14.3006		24.0347
396		54.1612		5.99155		45.6609		25.5351		20.3208		1.09761e-09		54.3224		20.9001		14.9086		24.7608
397		51.8972		5.62566		43.7074		24.3467		19.5992		4.65718e-06		41.4932		19.7738		14.1481		23.9336
398		55.0138		6.12749		46.5078		26.0462		20.6055		1.71975e-09		59.5938		21.4334		15.3059		25.0744
399		54.0306		5.90186		45.5092		25.4473		20.3323		1.38992e-05		53.6162		20.8126		14.9108		24.6965
400		52.4238		5.7163		44.1934		24.6412		19.8041		1.92385e-08		43.5406		20.0273		14.311		24.166
402		50.9345		5.38882		42.7689		23.7395		19.3162		2.44384e-08		34.7375		19.1054		13.7166		23.6635
403		53.8642		5.92782		45.4559		25.3823		20.2575		1.53136e-05		49.9336		20.7439		14.8161		24.712
404		52.686		5.72991		44.3794		24.7454		19.8962		2.22824e-07		43.8287		20.1221		14.3922		24.2573
405		53.5201		5.8855		45.1021		25.2424		20.1516		1.76218e-06		50.3704		20.6573		14.7718		24.4448
406		53.2382		5.86106		44.9357		25.1116		20.088		4.33552e-07		48.0975		20.5051		14.6441		24.4305
408		52.554		5.68474		44.2657		24.6552		19.8552		1.83127e-07		42.2513		20.0078		14.323		24.258
409		52.2403		5.67245		44.0228		24.565		19.7478		2.25557e-06		42.3244		20.0265		14.354		23.9963
410		51.4098		5.55008		43.3229		24.1229		19.4391		3.21676e-06		40.0528		19.609		14.0589		23.7139
411		52.9273		5.84396		44.6185		24.95		19.9515		1.21256e-06		47.56		20.3643		14.5204		24.2542
412		52.3575		5.66567		44.0974		24.5841		19.7684		7.06793e-08		42.4304		20.0115		14.3459		24.0859
413		52.7575		5.81992		44.496		24.876		19.9105		7.98832e-07		47.6197		20.289		14.4691		24.207
414		53.8854		6.01528		45.5576		25.4974		20.2552		1.1277e-06		53.6596		20.9149		14.8996		24.6427
415		51.909		5.61051		43.7007		24.3293		19.6472		6.07464e-06		40.0856		19.7059		14.0954		23.9948
416		53.7568		5.9639		45.4021		25.3755		20.1794		1.46952e-06		53.8263		20.7585		14.7946		24.6436
417		54.1891		5.98112		45.6524		25.5514		20.3911		3.14495e-06		52.9805		20.8916		14.9104		24.7608
418		52.8777		5.82962		44.612		24.944		19.9121		1.30522e-06		47.1783		20.3837		14.5541		24.2282
420		53.6493		5.93259		45.1836		25.2765		20.1677		1.89686e-10		53.5001		20.6433		14.7107		24.5403
421		56.8872		6.56229		48.3072		27.1694		21.1957		4.52274e-05		86.7086		22.5323		15.97		25.7748
422		53.4712		5.92669		45.1147		25.2249		20.1118		4.02269e-07		49.9395		20.6359		14.7092		24.4788
423		51.9198		5.6112		43.7172		24.3533		19.6334		2.62558e-07		40.8139		19.7484		14.1372		23.9688
424		50.7395		5.40737		42.6609		23.7153		19.2327		1.42738e-05		36.5116		19.1692		13.7618		23.4917
425		54.1929		6.01414		45.7403		25.5867		20.3455		1.81411e-06		54.887		20.9637		14.9496		24.7766
429		54.517		6.06965		45.9976		25.7597		20.4592		2.9266e-06		54.8708		21.1049		15.0353		24.8927
430		53.1607		5.82542		44.8276		25.0112		20.0645		4.8177e-07		45.6272		20.3558		14.5303		24.4718
431		52.8119		5.79034		44.5858		24.8882		19.9157		3.37549e-06		45.8609		20.312		14.5217		24.2737
432		52.2755		5.64643		44.0016		24.5288		19.7526		3.80866e-10		42.7016		19.9352		14.2888		24.0664
433		53.0987		5.8612		44.7968		25.0571		19.9893		5.27329e-07		49.3095		20.5054		14.6442		24.2915
434		52.1962		5.67002		43.9254		24.4775		19.7221		7.01314e-08		41.0247		19.8492		14.1792		24.0761
435		52.2249		5.62105		43.9378		24.4765		19.7389		1.17213e-06		39.7823		19.8658		14.2447		24.072
436		53.4665		5.93929		45.0471		25.2374		20.0867		4.84244e-08		51.0395		20.6627		14.7234		24.3843
437		53.8501		5.95754		45.4513		25.4016		20.237		1.32115e-08		52.0668		20.7868		14.8293		24.6645
444		53.3894		5.88822		45.016		25.188		20.0398		2.19157e-05		51.7914		20.6485		14.7603		24.3675
445		53.3926		5.83067		45.0447		25.1461		20.109		4.32924e-07		48.6965		20.5402		14.7095		24.5045
446		54.7553		6.16347		46.2302		25.9161		20.4953		5.27738e-06		63.1663		21.3033		15.1398		24.9269
447		53.5705		5.95693		45.2187		25.2874		20.1377		3.10553e-06		51.1249		20.675		14.718		24.5437
448		54.7128		6.12153		46.1874		25.8563		20.5077		1.55798e-07		58.7271		21.215		15.0935		24.9724
450		53.3026		5.87615		44.9729		25.1142		20.0815		2.56802e-06		49.1853		20.4758		14.5997		24.4971
451		51.1951		5.46529		43.0244		23.9383		19.4046		8.69641e-07		36.4121		19.3223		13.857		23.7021
452		52.8503		5.79058		44.6017		24.8928		19.8963		3.31521e-06		48.2604		20.3348		14.5442		24.267
453		54.6671		6.13197		46.1659		25.8532		20.4634		4.94071e-06		59.9657		21.2342		15.1023		24.9317
454		52.8924		5.75076		44.5766		24.8525		19.9466		6.79483e-07		43.7861		20.2384		14.4876		24.3383
456		53.3032		5.86022		44.911		25.1132		20.0696		6.76982e-06		48.253		20.5215		14.6613		24.3895
457		51.7297		5.58662		43.5621		24.257		19.5661		1.58782e-05		40.1764		19.6752		14.0886		23.8869
458		51.1422		5.46915		42.9599		23.9034		19.3992		6.3419e-07		35.9526		19.277		13.8078		23.6829
459		54.3725		6.01541		45.8655		25.6677		20.4404		4.79277e-06		53.5014		21.0131		14.9976		24.8524
460		54.9177		6.11166		46.3657		25.9478		20.5545		6.98361e-08		59.1265		21.3321		15.2204		25.0336
461		52.7982		5.80633		44.4797		24.889		19.8781		2.29336e-07		49.4534		20.3243		14.518		24.1554
462		53.6938		5.95635		45.2846		25.318		20.1655		4.87201e-05		52.2739		20.7049		14.7486		24.5797
463		52.6143		5.77122		44.3962		24.7823		19.8723		5.32789e-07		44.5036		20.1878		14.4166		24.2084
464		52.7596		5.75841		44.4698		24.8042		19.9047		2.83373e-06		44.3808		20.1912		14.4328		24.2786
465		53.3493		5.86681		44.9932		25.1438		20.0925		2.01875e-05		48.7309		20.55		14.6832		24.4432
466		52.6259		5.73075		44.3359		24.7469		19.8833		2.65089e-06		43.0762		20.1613		14.4305		24.1747
467		51.0894		5.45791		42.8982		23.8731		19.3962		8.94351e-06		37.4025		19.278		13.8201		23.6202
468		52.9047		5.79404		44.6374		24.9309		19.9727		3.611e-05		45.2169		20.3544		14.5603		24.283
469		53.1821		5.87668		44.8258		25.0723		20.0739		2.22163e-07		49.0403		20.4432		14.5665		24.3826
470		53.93		5.95826		45.4514		25.4211		20.2679		2.62135e-06		53.5298		20.7937		14.8355		24.6577
471		53.2429		5.82621		44.8993		25.0777		20.0817		6.62256e-09		46.9888		20.4651		14.6389		24.4343
472		52.1528		5.64174		43.9026		24.4706		19.7506		1.7573e-05		41.3112		19.8635		14.2217		24.0391
473		53.8349		5.9614		45.4075		25.39		20.2212		7.86192e-06		51.5707		20.7636		14.8022		24.6439
474		52.2389		5.69852		44.0302		24.5791		19.7519		3.99285e-11		43.3937		20.0108		14.3123		24.0194
475		51.7811		5.59374		43.5516		24.2865		19.5772		3.59972e-06		40.7032		19.7134		14.1197		23.8382
476		53.3121		5.90471		44.9665		25.1595		20.0507		2.07748e-06		51.1145		20.581		14.6763		24.3855
478		54.4079		6.0197		45.8958		25.6859		20.4172		8.41003e-07		54.6814		21.0689		15.0492		24.8269
479		52.7682		5.82331		44.4937		24.8981		19.9018		3.46723e-08		48.5532		20.3397		14.5164		24.154
480		52.3465		5.62142		44.0514		24.5149		19.7806		2.89123e-07		40.666		19.8928		14.2713		24.1586
481		52.4411		5.69238		44.2179		24.6528		19.8139		9.17218e-08		45.2702		20.0586		14.3662		24.1594
482		54.8165		6.10957		46.2709		25.9241		20.5437		6.00045e-06		59.6905		21.3132		15.2037		24.9576
484		54.0609		6.01476		45.5946		25.5298		20.3092		4.68736e-07		53.907		20.9116		14.8968		24.683
485		54.0932		5.95001		45.557		25.4684		20.3465		9.09636e-07		48.9232		20.7963		14.8463		24.7607
486		54.4393		6.09519		45.936		25.7484		20.3931		4.38385e-07		58.5778		21.1665		15.0713		24.7694
487		50.7849		5.37041		42.578		23.666		19.282		2.07077e-05		34.3988		19.0404		13.67		23.5376
488		54.0313		5.94136		45.5833		25.447		20.3538		8.95792e-07		48.3463		20.7579		14.8165		24.8254
492		52.5123		5.73144		44.2741		24.712		19.8167		6.06097e-07		44.3925		20.1457		14.4142		24.1284
493		52.8467		5.78607		44.576		24.8791		19.9161		5.01558e-07		46.3689		20.2794		14.4934		24.2966
494		53.3664		5.86456		44.9454		25.1433		20.1428		5.46146e-06		48.2895		20.4996		14.635		24.4458
495		51.4548		5.52964		43.2656		24.1014		19.5056		5.36082e-09		37.9001		19.5027		13.9731		23.7629
496		51.8574		5.58597		43.5979		24.2651		19.6186		3.53295e-05		38.7601		19.6335		14.0475		23.9644
497		52.3001		5.68677		44.0518		24.5746		19.755		1.29118e-08		42.507		20.0151		14.3283		24.0368
499		53.3429		5.82476		45.0538		25.126		20.1147		1.79546e-06		48.8276		20.505		14.6803		24.5488
500		52.3886		5.68575		44.1125		24.5986		19.7997		1.27168e-07		42.4625		19.9726		14.2868		24.14
