1		54.0126		5.99455		45.6141		25.5145		20.3394		4.97387e-07		50.8017		20.8689		14.8744		24.7452
2		51.9969		5.55088		43.7293		24.3198		19.6796		4.95343e-06		38.7407		19.7199		14.169		24.0094
3		53.4987		5.84575		45.1478		25.1722		20.1695		2.39861e-07		46.8246		20.5013		14.6555		24.6465
4		56.3594		6.33489		47.6557		26.685		21.0633		7.92557e-07		68.1541		21.9858		15.6509		25.6699
5		53.1491		5.79578		44.7652		24.9761		20.0856		2.18234e-06		44.8034		20.3012		14.5055		24.464
6		54.5152		6.02358		45.9656		25.7247		20.5426		8.15538e-06		50.7051		21.0188		14.9952		24.9468
7		55.1738		6.15186		46.574		26.082		20.6804		1.03277e-05		58.0517		21.4237		15.2718		25.1503
8		53.4415		5.8981		45.0813		25.206		20.1506		4.40292e-07		49.3235		20.5726		14.6745		24.5088
9		55.9853		6.26212		47.272		26.4767		20.9724		1.19974e-05		62.081		21.7525		15.4904		25.5195
10		52.0344		5.61832		43.7642		24.376		19.7255		3.07494e-07		38.621		19.7122		14.0939		24.052
11		52.4501		5.61509		44.0569		24.5068		19.8363		1.88389e-06		39.7447		19.8125		14.1974		24.2444
12		53.8462		5.90592		45.4182		25.3686		20.272		1.3594e-05		47.3884		20.7222		14.8163		24.696
13		53.2288		5.80618		44.9055		25.0257		20.0995		2.62126e-07		45.0591		20.3656		14.5594		24.5399
14		53.411		5.78777		45.019		25.0978		20.1886		1.6068e-05		43.6871		20.4285		14.6407		24.5905
15		54.4296		6.03081		45.9206		25.6846		20.4289		1.99044e-06		52.9543		21.025		14.9942		24.8956
16		55.7782		6.25569		47.0523		26.3677		20.8728		1.06761e-06		61.2285		21.672		15.4163		25.3803
17		54.6895		6.02244		46.1699		25.7922		20.5357		5.26772e-06		56.5277		21.1239		15.1014		25.046
18		54.0864		5.92462		45.7035		25.5101		20.3677		9.49513e-06		50.3907		20.8666		14.942		24.8369
19		53.7015		5.89119		45.3462		25.316		20.2609		3.40491e-07		48.7008		20.6651		14.7739		24.681
20		54.8077		6.12366		46.2033		25.9085		20.6151		3.84629e-07		55.6421		21.2186		15.0949		24.9847
21		54.8702		6.08498		46.2861		25.893		20.6093		1.89937e-06		54.61		21.2058		15.1208		25.0803
22		54.8424		6.09939		46.2743		25.9328		20.581		6.961e-06		59.4622		21.2792		15.1798		24.9951
23		54.8934		6.10988		46.3178		25.9322		20.594		1.07376e-06		55.647		21.2568		15.1469		25.061
24		55.6553		6.21453		46.992		26.3345		20.8489		3.76932e-06		61.7115		21.655		15.4405		25.337
25		55.3203		6.1572		46.6594		26.1262		20.7445		5.54794e-08		59.1928		21.4208		15.2635		25.2386
26		55.3907		6.19504		46.7817		26.2006		20.7572		6.19633e-07		61.3767		21.5071		15.312		25.2746
27		53.911		5.9089		45.4967		25.4031		20.3718		4.71583e-06		47.7646		20.6978		14.7889		24.7989
28		53.6365		5.86489		45.2392		25.2276		20.2529		2.48803e-06		47.2216		20.5436		14.6787		24.6956
29		53.9831		5.9211		45.5736		25.4508		20.3508		1.17085e-06		50.0359		20.7965		14.8754		24.7772
30		53.0729		5.74671		44.6626		24.8843		20.032		5.63809e-07		42.4968		20.2174		14.4707		24.4452
31		52.689		5.6974		44.3302		24.7031		19.9045		1.2703e-08		41.588		20.0673		14.3699		24.2629
32		53.508		5.87409		45.1684		25.1958		20.1816		3.86195e-06		47.8658		20.5429		14.6688		24.6255
33		51.8793		5.5981		43.6233		24.3003		19.593		1.10494e-07		39.5907		19.7019		14.1038		23.9214
34		54.3748		6.00814		45.9384		25.6827		20.4607		7.76623e-06		52.307		21.0361		15.028		24.9023
35		54.9		6.14224		46.3075		25.9639		20.6132		1.41803e-06		57.4147		21.3129		15.1706		24.9947
36		53.2847		5.8784		45.002		25.1263		20.0884		1.52495e-06		48.1039		20.474		14.5956		24.528
37		53.5101		5.84691		45.101		25.1741		20.1755		3.85639e-08		46.0352		20.5245		14.6776		24.5766
38		54.3589		5.99151		45.8429		25.6451		20.4359		2.5779e-06		53.4045		20.9939		15.0024		24.849
39		54.2134		5.97993		45.7686		25.5634		20.406		2.28664e-06		49.5689		20.8876		14.9077		24.881
40		54.3859		6.03423		45.908		25.6799		20.4469		2.94073e-06		52.6932		21.0155		14.9813		24.8925
41		53.6679		5.84015		45.1848		25.1921		20.263		2.70044e-07		43.9983		20.4773		14.6371		24.7075
42		54.7521		6.15998		46.2832		25.9353		20.5126		1.71987e-07		59.3269		21.3117		15.1517		24.9714
43		53.5451		5.91021		45.2543		25.2686		20.1866		7.57869e-08		48.0331		20.6387		14.7285		24.6156
44		54.0966		5.95162		45.6628		25.5066		20.4001		5.16597e-10		50.072		20.8118		14.8602		24.851
45		55.0541		6.121		46.4395		26.0193		20.6793		1.72996e-05		57.7899		21.3383		15.2173		25.1012
46		52.8331		5.70355		44.4784		24.7897		19.9702		1.44705e-05		43.3818		20.1562		14.4527		24.3221
47		52.8349		5.65941		44.3807		24.7041		20.0047		3.35175e-09		40.4619		19.9815		14.322		24.3992
48		54.8369		6.10863		46.2886		25.914		20.6008		1.027e-07		54.6087		21.2375		15.1289		25.051
49		55.0413		6.16983		46.4672		26.0342		20.6025		5.22834e-06		61.2874		21.4002		15.2304		25.067
50		53.3139		5.88055		44.9139		25.1214		20.0929		6.46808e-06		47.2445		20.5017		14.6211		24.4122
51		52.2232		5.63972		43.9463		24.4639		19.7442		8.36904e-06		41.5092		19.8209		14.1812		24.1254
52		53.0734		5.74178		44.6925		24.9108		20.0392		5.61062e-08		43.3873		20.2568		14.515		24.4357
53		55.1612		6.15032		46.5325		26.0714		20.7075		1.62934e-05		57.7915		21.3684		15.2181		25.1641
54		55.8445		6.2777		47.1656		26.4107		20.8809		1.48816e-08		62.7882		21.7231		15.4454		25.4425
55		55.1988		6.15772		46.4956		26.0738		20.7217		2.58648e-06		57.0479		21.3687		15.2109		25.1269
56		52.7804		5.71445		44.4142		24.769		19.9792		9.4984e-08		41.7446		20.094		14.3796		24.3202
57		53.6764		5.9134		45.3696		25.3297		20.2475		1.33382e-07		48.0779		20.6819		14.7685		24.6877
58		53.7759		5.88952		45.3784		25.3359		20.2841		1.25234e-05		46.2049		20.6711		14.7816		24.7073
59		55.4888		6.24213		46.9085		26.2813		20.7508		3.41768e-05		65.7267		21.6259		15.3838		25.2825
60		55.3998		6.20984		46.7658		26.2138		20.7619		1.92336e-06		61.6441		21.5166		15.3067		25.2492
61		54.3062		6.02348		45.8073		25.6599		20.4213		8.32348e-08		54.5238		21.0382		15.0147		24.7691
62		54.3659		6.00872		45.8366		25.6524		20.4407		3.89601e-07		54.1996		20.9985		14.9898		24.8381
63		55.0988		6.16613		46.4707		26.0636		20.7008		4.45112e-07		58.2679		21.3596		15.1935		25.1111
64		54.5738		6.04076		46.0162		25.7637		20.5075		7.80654e-07		54.263		21.1038		15.0631		24.9124
65		53.7966		5.84321		45.3737		25.2848		20.3268		9.7286e-06		46.5907		20.5425		14.6993		24.8312
66		53.4639		5.84334		45.0659		25.1452		20.142		4.46257e-07		47.5402		20.5262		14.6829		24.5396
67		53.5262		5.84288		45.1568		25.2053		20.1863		1.13308e-07		48.9928		20.5729		14.73		24.5839
68		54.9817		6.11883		46.3581		25.9675		20.5854		1.70811e-07		57.994		21.3381		15.2192		25.02
69		53.6792		5.87375		45.3097		25.2868		20.2612		1.16685e-06		46.2579		20.6291		14.7553		24.6806
70		54.3086		6.00126		45.814		25.6325		20.4426		7.70335e-08		52.9832		20.9864		14.9852		24.8275
71		53.1721		5.76179		44.7936		24.9499		20.0801		4.47899e-06		43.847		20.2892		14.5274		24.5043
72		53.7345		5.8751		45.3225		25.2836		20.2646		1.34352e-07		46.163		20.6		14.7249		24.7225
73		52.3357		5.66325		44.0792		24.5726		19.756		2.02762e-07		42.3106		19.9963		14.333		24.083
74		55.4106		6.16678		46.7747		26.2201		20.8037		3.60626e-07		57.8624		21.555		15.3882		25.2198
75		53.0356		5.78602		44.6784		24.9047		20.029		4.92067e-07		45.0617		20.2278		14.4418		24.4506
76		56.9709		6.49108		48.1845		27.0468		21.2479		9.74337e-07		74.4307		22.3275		15.8364		25.857
77		54.0922		5.96508		45.6522		25.525		20.3702		1.3424e-06		52.4036		20.8792		14.9142		24.7729
78		53.8187		5.93722		45.3842		25.375		20.2509		2.35108e-06		48.4735		20.7569		14.8197		24.6273
79		55.5563		6.20155		46.8687		26.2734		20.8021		7.30534e-06		61.7362		21.6052		15.4036		25.2636
80		55.155		6.18729		46.5693		26.1027		20.6751		2.93175e-06		57.7731		21.4198		15.2325		25.1495
81		55.5133		6.21404		46.8746		26.2685		20.8267		2.11252e-06		61.9101		21.5851		15.371		25.2895
82		52.8042		5.69334		44.3793		24.7225		19.9617		2.27309e-08		42.4467		20.0381		14.3448		24.3412
83		54.2229		5.99411		45.7806		25.5981		20.4417		2.32431e-09		49.5437		20.9198		14.9257		24.8608
84		54.1946		6.00976		45.7429		25.6023		20.3824		2.22998e-07		52.7933		20.9669		14.9571		24.7761
85		51.1841		5.4503		43.0127		23.9282		19.4028		1.10186e-05		36.2511		19.3249		13.8746		23.6877
86		53.1322		5.78882		44.7528		24.9479		20.0475		9.01943e-07		46.4168		20.2777		14.4889		24.4751
87		54.6738		6.08585		46.1156		25.8264		20.5251		1.22696e-06		57.1083		21.1807		15.0949		24.9349
88		53.9991		5.97361		45.5122		25.454		20.3036		2.28594e-06		50.7604		20.8022		14.8286		24.71
89		53.6831		5.91634		45.3364		25.3636		20.213		3.83911e-06		51.7169		20.7987		14.8823		24.5377
90		54.1346		6.00077		45.7468		25.581		20.3904		9.47644e-10		49.1721		20.9318		14.931		24.815
91		55.4691		6.20873		46.782		26.2308		20.7625		2.93975e-05		60.2205		21.5686		15.3599		25.2134
92		52.7069		5.69277		44.3447		24.7133		19.9203		1.20682e-07		42.142		20.0836		14.3908		24.2611
93		55.3061		6.21791		46.7008		26.1798		20.7431		3.53867e-06		58.4568		21.5115		15.2936		25.1892
94		53.357		5.81244		45.0249		25.0966		20.1412		2.17865e-05		44.4562		20.4269		14.6144		24.598
95		54.2458		5.95807		45.7841		25.5705		20.4667		7.96573e-06		48.9921		20.8572		14.8992		24.9269
96		53.7216		5.83198		45.2255		25.2014		20.2777		3.96044e-07		44.4602		20.4738		14.6418		24.7517
97		54.041		5.96158		45.6167		25.5033		20.3431		1.11281e-06		51.1512		20.858		14.8964		24.7587
98		54.9765		6.08403		46.3829		25.953		20.6434		1.18521e-07		56.1597		21.2668		15.1827		25.1161
99		55.1594		6.12999		46.537		26.0727		20.7244		4.56144e-06		56.1115		21.383		15.253		25.154
100		52.1758		5.63507		43.9388		24.4621		19.727		6.44728e-08		41.5322		19.8324		14.1973		24.1065
101		54.4706		6.02513		45.9556		25.705		20.4861		2.24336e-06		53.6409		21.0311		15.0059		24.9245
102		52.7067		5.69454		44.3651		24.7272		19.9004		1.17001e-07		43.7701		20.1077		14.4132		24.2573
103		56.011		6.35503		47.42		26.6015		20.944		2.01617e-05		70.6519		21.9323		15.5773		25.4877
104		53.932		5.994		45.5362		25.4824		20.2317		9.82695e-06		53.4841		20.9153		14.9213		24.6209
105		53.0898		5.82322		44.7528		24.983		20.0266		4.71263e-06		46.8294		20.3453		14.5221		24.4075
106		54.2392		5.98603		45.7781		25.59		20.4046		6.58016e-10		51.2978		20.9324		14.9464		24.8457
107		54.4437		6.05387		45.9147		25.7364		20.4681		1.45534e-06		53.1654		21.1097		15.0558		24.805
108		54.9945		6.14774		46.4074		25.9851		20.5904		2.51082e-07		61.3917		21.3363		15.1885		25.0711
109		51.9155		5.58792		43.7118		24.33		19.6368		6.03088e-06		39.9477		19.7176		14.1297		23.9942
110		53.1063		5.78587		44.7074		24.9329		20.0566		1.88024e-07		44.1578		20.2502		14.4643		24.4572
111		53.7778		5.93103		45.4028		25.3817		20.2713		3.06254e-07		49.7858		20.7593		14.8283		24.6435
112		53.3549		5.82381		45.0359		25.126		20.1323		4.38842e-06		47.6527		20.5056		14.6818		24.5302
113		54.544		6.03637		46.0435		25.7295		20.5445		2.6838e-06		50.7096		21.0185		14.9821		25.025
114		52.9476		5.72241		44.56		24.8368		20.0233		1.48327e-07		42.3441		20.1492		14.4268		24.4107
115		52.2675		5.69926		44.0128		24.5746		19.7355		3.8845e-06		42.4183		20.0061		14.3068		24.0067
116		52.8553		5.75078		44.6354		24.8627		19.9644		1.13765e-06		44.8695		20.2352		14.4844		24.4003
117		55.7016		6.29699		47.1454		26.4493		20.8472		4.38047e-08		66.0169		21.7977		15.5007		25.3477
118		54.9041		6.1261		46.2861		25.9412		20.6254		8.01194e-08		54.0639		21.2465		15.1204		25.0396
119		53.0903		5.81876		44.7372		24.9574		19.9891		4.37048e-07		44.9041		20.3355		14.5167		24.4017
120		52.5772		5.72959		44.3486		24.7193		19.8515		4.22924e-07		44.5597		20.1225		14.3929		24.2261
121		54.3243		5.98309		45.8601		25.6106		20.4782		6.9076e-08		49.4688		20.8983		14.9152		24.9618
122		55.0221		6.14127		46.4717		26.0086		20.6343		4.69777e-05		59.4362		21.3362		15.1949		25.1356
123		54.2684		6.00485		45.7549		25.613		20.4015		7.80161e-07		52.4271		20.9965		14.9916		24.7584
124		55.5302		6.25384		46.955		26.3339		20.7895		2.05937e-05		63.874		21.7006		15.4467		25.2544
125		52.7432		5.69419		44.3228		24.703		19.9225		3.04115e-06		40.5587		20.0395		14.3453		24.2834
126		54.0513		5.96649		45.5933		25.4919		20.3332		8.48837e-06		52.1264		20.8594		14.8929		24.734
127		55.7008		6.25474		47.0429		26.3851		20.8795		7.20025e-07		62.1957		21.7035		15.4488		25.3393
128		54.956		6.09139		46.3606		25.9665		20.6657		2.4661e-07		54.742		21.2845		15.1931		25.076
129		54.219		6.00736		45.7618		25.6066		20.3701		8.68602e-07		53.6442		20.9756		14.9683		24.7861
130		56.4668		6.41409		47.7857		26.8091		21.0897		1.7314e-07		73.8109		22.0941		15.68		25.6916
131		55.1744		6.13284		46.5713		26.0581		20.6961		2.65825e-06		60.5865		21.3771		15.2443		25.1942
132		54.0148		5.92855		45.5993		25.4514		20.3828		6.42024e-07		47.7235		20.756		14.8274		24.8433
133		53.6936		5.88564		45.3285		25.317		20.2675		6.8644e-07		46.9608		20.6798		14.7941		24.6487
134		53.4279		5.86847		45.0602		25.1787		20.1429		6.66982e-06		48.82		20.542		14.6736		24.5182
135		53.4544		5.88462		45.1245		25.2033		20.1434		1.5035e-06		49.2615		20.5677		14.6831		24.5569
136		53.876		5.93738		45.5364		25.4273		20.332		3.30847e-07		50.0716		20.7609		14.8235		24.7755
137		52.9319		5.73643		44.5388		24.8316		20.0082		5.04109e-07		43.2571		20.1567		14.4203		24.3821
138		55.9859		6.29963		47.3298		26.5186		20.931		2.59004e-06		65.2738		21.8193		15.5197		25.5105
139		53.3308		5.86735		44.9652		25.1188		20.0996		1.70986e-07		46.9849		20.4977		14.6304		24.4675
140		54.7658		6.14632		46.315		25.9396		20.5281		2.70192e-07		60.3988		21.3239		15.1776		24.9911
141		55.2194		6.15129		46.6301		26.1116		20.7025		2.77248e-06		59.443		21.4546		15.3033		25.1754
142		54.639		6.05284		46.1218		25.7883		20.5551		5.86468e-07		52.1093		21.1019		15.0491		25.0199
143		52.9383		5.71678		44.5893		24.8386		19.9995		4.11862e-06		43.0926		20.1845		14.4678		24.4048
144		54.9631		6.14926		46.4107		26.0147		20.6266		4.05297e-10		58.3805		21.3694		15.2201		25.0414
145		54.1088		6.00712		45.649		25.5483		20.3242		6.75695e-07		52.8801		20.927		14.9199		24.722
146		53.5366		5.85204		45.1706		25.2054		20.1904		6.05668e-08		46.2263		20.5606		14.7085		24.61
147		53.8689		5.92448		45.4236		25.3972		20.2487		2.74582e-05		51.1529		20.7869		14.8624		24.6367
148		55.445		6.21026		46.7661		26.2162		20.7775		2.8704e-07		62.5715		21.5302		15.3199		25.2359
149		54.4645		5.98059		45.9506		25.6915		20.5534		9.67951e-07		50.2142		20.9801		14.9995		24.9705
150		54.7123		6.07597		46.1637		25.821		20.5842		6.0369e-08		54.0693		21.1099		15.0339		25.0539
151		52.9681		5.85146		44.7224		25.0018		19.958		2.53944e-06		47.7878		20.4308		14.5793		24.2916
152		53.5319		5.89241		45.158		25.2278		20.1491		4.11148e-07		47.4349		20.6119		14.7195		24.546
153		51.9662		5.55293		43.6193		24.2858		19.7079		8.84632e-08		37.535		19.5914		14.0384		24.0279
154		56.5875		6.44304		47.9508		26.9073		21.1044		3.30082e-05		77.2027		22.2447		15.8017		25.7061
155		52.3513		5.57896		44.0077		24.4736		19.8492		1.99906e-06		38.0977		19.7805		14.2016		24.2272
156		53.9361		5.89228		45.4853		25.3843		20.3274		1.40518e-05		47.6868		20.6938		14.8016		24.7915
157		53.3067		5.80349		44.8943		25.0255		20.1156		7.69786e-06		43.7254		20.3518		14.5483		24.5425
158		53.1616		5.81846		44.7836		25.01		20.0584		1.61609e-06		45.4885		20.3783		14.5599		24.4052
159		53.0036		5.75194		44.6795		24.8924		20.0143		4.49369e-09		41.6812		20.2246		14.4727		24.4549
160		54.5512		6.03449		46.0444		25.7454		20.4914		3.44225e-06		53.1724		21.0799		15.0454		24.9645
161		54.7034		6.04884		46.0857		25.8166		20.5811		1.07605e-05		54.392		21.1459		15.0971		24.9398
162		54.8335		6.08383		46.2689		25.8925		20.579		2.84157e-08		55.1383		21.2302		15.1463		25.0387
163		54.5191		6.00984		46.0079		25.7199		20.5137		1.61001e-07		52.6972		21.0479		15.0381		24.96
164		53.3919		5.84431		45.0582		25.1303		20.1426		5.21697e-07		45.5476		20.4552		14.6109		24.603
165		54.869		6.09111		46.2618		25.9102		20.5749		9.09082e-06		55.8189		21.2794		15.1882		24.9824
166		53.4954		5.89843		45.1711		25.2161		20.1476		2.38271e-06		46.9513		20.5938		14.6953		24.5774
167		53.9776		5.90399		45.5352		25.4004		20.3814		2.37874e-07		47.5754		20.6686		14.7647		24.8665
168		56.363		6.36477		47.6842		26.7355		21.043		2.58519e-06		72.2488		22.0607		15.6959		25.6236
169		54.1078		5.9814		45.5951		25.5018		20.3286		4.25133e-06		53.3608		20.8777		14.8963		24.7174
170		53.7996		5.9392		45.4126		25.3414		20.2266		4.14136e-09		49.2849		20.6842		14.745		24.7283
171		54.1847		5.9517		45.7129		25.5516		20.4052		7.94469e-06		52.0438		20.8898		14.9381		24.8231
172		54.4864		6.0415		46.001		25.7322		20.5034		3.94768e-06		51.8999		21.0733		15.0318		24.9276
173		53.4052		5.81509		45.044		25.1271		20.1788		1.37032e-06		46.2867		20.4713		14.6562		24.5727
174		54.4492		6.02056		45.9614		25.697		20.4762		9.98901e-08		52.7475		21.0251		15.0045		24.9363
175		55.1634		6.14674		46.5444		26.0794		20.7012		5.99166e-09		57.5112		21.4124		15.2656		25.1321
176		54.2326		5.99866		45.7521		25.6083		20.4081		9.87988e-11		52.4227		20.9839		14.9852		24.7682
177		55.0415		6.19179		46.4797		26.0792		20.6311		3.23121e-08		59.609		21.4426		15.2508		25.0371
178		54.1532		5.9743		45.7015		25.5755		20.4286		2.08065e-05		50.4207		20.9317		14.9574		24.7698
179		53.0056		5.74941		44.5991		24.8471		20.0044		7.62294e-07		42.5137		20.1824		14.433		24.4168
180		54.3718		6.01741		45.8412		25.661		20.4111		5.02137e-08		55.9293		21.0214		15.004		24.8198
181		50.8602		5.34189		42.6226		23.6642		19.3323		9.06165e-06		34.6839		18.982		13.6401		23.6406
182		54.0419		5.93346		45.5975		25.4947		20.3786		2.05082e-08		50.9792		20.8391		14.9056		24.7585
183		53.2647		5.81431		44.9141		25.0509		20.1022		3.02567e-07		44.1182		20.3904		14.5761		24.5237
184		55.4645		6.17181		46.7718		26.2098		20.8249		1.35709e-07		56.9921		21.5076		15.3358		25.2642
185		53.2615		5.78032		44.8382		25.0079		20.1164		3.0205e-05		43.1559		20.3373		14.557		24.5009
186		53.6459		5.90153		45.2442		25.2383		20.1803		1.01817e-06		46.9593		20.5859		14.6844		24.6582
187		54.6353		5.99182		46.0912		25.7407		20.5319		2.72199e-06		53.0298		21.0456		15.0538		25.0456
188		54.0143		5.95024		45.5627		25.4695		20.3267		2.16234e-05		51.878		20.8372		14.887		24.7254
189		53.0761		5.79109		44.7067		24.9481		20.0249		3.98732e-07		44.4383		20.3185		14.5274		24.3882
190		51.7269		5.56227		43.458		24.2043		19.5808		2.08829e-06		38.6567		19.5807		14.0184		23.8773
191		55.9721		6.37537		47.3429		26.5898		20.8804		3.88954e-07		71.253		21.9565		15.5812		25.3864
192		54.4669		6.0918		45.9575		25.7623		20.422		3.99036e-07		59.1202		21.1434		15.0516		24.8141
193		53.0541		5.80791		44.7409		24.9598		20.0074		8.46152e-07		45.1053		20.338		14.5301		24.403
194		54.6902		6.08997		46.1492		25.8298		20.5119		1.58176e-06		56.7626		21.1594		15.0694		24.9898
195		54.4613		6.01237		45.9697		25.6892		20.4935		6.13747e-08		51.4426		20.995		14.9827		24.9747
196		52.4427		5.70911		44.197		24.6221		19.7874		3.51296e-06		42.4122		20.0194		14.3103		24.1776
197		55.6751		6.18108		46.9826		26.2783		20.8893		1.84367e-06		60.6818		21.5293		15.3482		25.4533
198		50.3512		5.30838		42.219		23.4958		19.1673		6.38921e-09		33.2356		18.9001		13.5917		23.3189
199		52.924		5.8133		44.6681		24.9563		19.9695		1.19377e-06		46.8374		20.3841		14.5708		24.284
200		54.3714		6.01527		45.9163		25.6631		20.4622		7.6154e-07		50.5575		20.9829		14.9677		24.9334
201		53.9512		5.91942		45.4914		25.4113		20.3191		1.12873e-05		49.304		20.75		14.8306		24.7413
202		54.1624		5.96846		45.6827		25.5256		20.3777		1.49863e-06		50.9605		20.8432		14.8748		24.8395
203		54.7369		6.11777		46.2282		25.886		20.5472		3.11378e-06		56.4385		21.2345		15.1167		24.9938
204		54.3676		6.07608		45.8431		25.7199		20.433		8.41669e-09		56.1627		21.1077		15.0316		24.7354
205		51.1596		5.43367		42.9854		23.8828		19.4168		1.85139e-08		35.9705		19.2568		13.8231		23.7286
206		54.9094		6.1021		46.3841		25.9356		20.5921		1.61912e-05		59.4375		21.2515		15.1494		25.1326
207		54.492		6.03527		45.9974		25.7218		20.5076		2.25258e-06		51.0103		21.0299		14.9946		24.9674
208		53.8476		5.91082		45.4456		25.3389		20.3071		5.78869e-06		48.2809		20.6254		14.7146		24.8202
209		52.9987		5.78592		44.7021		24.9218		19.967		2.1672e-07		45.0165		20.3084		14.5225		24.3936
210		56.3898		6.32062		47.6273		26.6829		21.1176		4.51329e-07		67.6265		21.9343		15.6137		25.693
211		55.4378		6.19829		46.8205		26.2131		20.7557		6.94657e-06		59.9381		21.542		15.3437		25.2785
212		52.8584		5.71949		44.5153		24.8097		19.9719		7.47338e-06		43.5675		20.1845		14.465		24.3307
213		52.9694		5.76312		44.6237		24.8783		19.972		2.18972e-09		44.021		20.27		14.5068		24.3538
214		54.0261		5.96592		45.5974		25.495		20.3353		7.57359e-07		51.171		20.8661		14.9002		24.7312
215		53.9205		5.97418		45.382		25.4248		20.2461		2.20906e-05		53.8711		20.8099		14.8357		24.5722
216		54.7383		6.0482		46.1298		25.8326		20.5805		3.47299e-07		53.6539		21.1723		15.1241		24.9576
217		56.9504		6.44074		48.1894		27.0061		21.2705		3.71304e-07		74.3806		22.2353		15.7945		25.9541
218		52.4223		5.64094		44.1151		24.5666		19.8155		4.38353e-08		41.5422		19.9271		14.2861		24.1881
219		54.5278		6.04136		45.9767		25.7323		20.4167		2.56627e-08		55.9741		21.1342		15.0928		24.8425
220		54.4511		6.08464		45.909		25.728		20.4494		1.12159e-05		55.4135		21.0847		15.0001		24.8243
221		54.8965		6.1012		46.3249		25.9588		20.606		1.61069e-06		55.1708		21.3137		15.2125		25.0112
222		54.4037		6.02647		45.8788		25.6881		20.4603		3.41229e-07		53.6509		21.0208		14.9943		24.8581
223		53.9826		5.98505		45.6005		25.5007		20.3386		1.43736e-07		50.7738		20.8571		14.8721		24.7433
224		54.914		6.10301		46.3054		25.928		20.6054		1.84685e-05		54.8991		21.2388		15.1357		25.0667
225		54.0383		5.9089		45.5495		25.4382		20.3919		5.35543e-08		48.425		20.7475		14.8386		24.802
226		52.6378		5.71711		44.3213		24.7058		19.8724		2.24848e-06		43.8839		20.096		14.3789		24.2253
227		54.8424		6.09398		46.2781		25.8998		20.5421		7.3925e-06		57.647		21.2616		15.1676		25.0165
228		53.9486		5.90121		45.4578		25.3966		20.3169		5.54753e-07		48.5519		20.7434		14.8422		24.7144
229		54.9894		6.18764		46.4608		26.0766		20.6266		1.78246e-11		63.7594		21.4595		15.2718		25.0014
230		56.831		6.50166		48.181		27.0602		21.1751		2.91882e-05		87.6336		22.3865		15.8849		25.7945
231		55.0943		6.20759		46.5655		26.1098		20.5912		1.31604e-05		65.0611		21.5142		15.3067		25.0513
232		53.3415		5.86691		45.0165		25.1392		20.1114		1.52425e-06		47.6526		20.5103		14.6434		24.5061
233		53.993		5.93185		45.5353		25.4502		20.3351		4.4738e-06		49.3571		20.8032		14.8713		24.7321
234		56.6095		6.46286		47.9315		26.9102		21.1305		1.61556e-07		77.8109		22.2204		15.7575		25.7111
235		52.4527		5.66888		44.0701		24.5842		19.8612		2.50787e-08		41.5366		19.9473		14.2785		24.1227
236		53.314		5.84315		44.97		25.1061		20.1177		2.56656e-06		46.8156		20.4736		14.6304		24.4964
237		54.5294		6.05923		45.9978		25.7381		20.4874		4.26399e-07		54.2944		21.0603		15.0011		24.9375
238		56.1074		6.3413		47.4832		26.6057		20.9522		5.31699e-06		70.7678		21.9034		15.5621		25.5798
239		54.7059		6.09226		46.1775		25.8347		20.5634		1.5843e-05		51.519		21.1397		15.0474		25.0378
240		52.3306		5.65198		44.0582		24.5152		19.7534		3.40902e-07		41.1289		19.8828		14.2309		24.1753
241		54.7615		6.07277		46.1446		25.8546		20.5593		9.79874e-08		55.462		21.2139		15.1411		24.9307
242		54.1432		5.99656		45.6576		25.5573		20.3806		3.03581e-07		51.0623		20.9103		14.9137		24.7473
243		54.3547		6.08612		45.8607		25.7086		20.4043		2.82384e-07		55.3366		21.0816		14.9954		24.7791
244		53.43		5.84854		45.0268		25.1318		20.1396		2.3644e-09		46.5288		20.4801		14.6316		24.5467
245		54.5204		6.02837		45.9521		25.7128		20.533		6.00816e-09		51.658		21.0019		14.9736		24.9502
246		55.252		6.16614		46.6027		26.1022		20.7363		4.13345e-08		56.87		21.3779		15.2117		25.2249
247		53.4674		5.86401		45.0925		25.1501		20.1554		3.1437e-06		47.2052		20.4786		14.6146		24.6139
248		55.0194		6.08182		46.4109		25.9779		20.7306		2.00698e-06		53.6171		21.2396		15.1577		25.1713
249		54.241		5.93432		45.8451		25.5764		20.4104		2.72449e-07		50.64		20.9098		14.9755		24.9353
250		53.8556		5.90011		45.44		25.3625		20.2913		2.99149e-07		48.6011		20.7068		14.8067		24.7332
251		54.4541		6.02413		45.949		25.7078		20.5007		3.98834e-08		51.9852		21.0409		15.0167		24.9081
252		54.8138		6.1171		46.2163		25.9042		20.5488		4.01447e-07		57.3607		21.2592		15.1421		24.9571
253		54.8953		6.1076		46.3587		25.9604		20.5756		1.17758e-08		58.2964		21.3297		15.2221		25.029
254		55.9782		6.32227		47.3136		26.552		20.9346		4.10398e-06		67.3296		21.8851		15.5629		25.4284
255		54.7644		6.08879		46.1774		25.858		20.5308		7.49106e-07		55.9641		21.2069		15.1181		24.9705
256		53.141		5.81537		44.8346		25.002		20.0676		1.17073e-07		45.7617		20.3532		14.5379		24.4814
257		54.5425		6.00133		45.9723		25.6986		20.495		1.01347e-06		53.8649		21.0265		15.0252		24.9458
258		54.9198		6.1342		46.3495		25.9482		20.5622		1.01895e-06		59.0096		21.303		15.1688		25.0465
259		55.1439		6.14708		46.5725		26.0957		20.678		2.6996e-07		60.2876		21.4631		15.3161		25.1094
260		54.2347		5.94826		45.7452		25.5414		20.4269		1.0086e-07		49.6943		20.8522		14.9039		24.893
261		52.6963		5.72899		44.3778		24.7221		19.8743		1.38855e-06		42.3034		20.0813		14.3523		24.2965
262		54.1989		6.01246		45.7625		25.6176		20.3848		1.31711e-06		53.6338		20.9938		14.9814		24.7686
263		55.5143		6.18521		46.8765		26.2423		20.8232		3.87499e-07		59.4223		21.5283		15.3431		25.3482
264		54.9342		6.12219		46.3551		25.969		20.6223		1.07848e-07		57.54		21.3085		15.1863		25.0466
265		53.2205		5.80101		44.8387		25.0291		20.1062		3.67122e-08		45.1465		20.3568		14.5558		24.4819
266		53.5063		5.86927		45.1472		25.2067		20.1709		1.67673e-07		48.0081		20.5781		14.7088		24.5691
267		53.6866		5.86316		45.2982		25.3042		20.2882		1.63622e-05		48.167		20.6496		14.7864		24.6486
268		55.0682		6.13339		46.4085		26.0225		20.6354		3.02647e-05		58.7284		21.3857		15.2523		25.0228
269		53.5098		5.85886		45.1274		25.1918		20.1851		3.04846e-06		46.0869		20.5117		14.6528		24.6157
270		52.7051		5.74036		44.4028		24.7518		19.8971		1.32226e-06		42.5615		20.1291		14.3887		24.2737
271		54.2945		6.01445		45.7751		25.6224		20.449		6.91687e-06		52.8145		20.9367		14.9222		24.8384
272		54.3076		6.00841		45.8529		25.6502		20.4346		2.46546e-06		53.1568		21.0213		15.0129		24.8315
273		52.5268		5.64213		44.2413		24.6081		19.8462		2.9669e-06		40.4898		19.9474		14.3053		24.2939
274		55.1887		6.16398		46.6155		26.108		20.6702		5.46324e-08		60.5033		21.4689		15.3049		25.1466
275		54.7767		6.08848		46.2416		25.8848		20.5912		2.56222e-07		55.7394		21.2011		15.1126		25.0405
276		55.8555		6.21712		47.2298		26.397		20.9035		2.75262e-06		62.9949		21.6905		15.4734		25.5393
277		53.7054		5.8657		45.3006		25.3113		20.2798		2.24652e-06		47.5972		20.67		14.8043		24.6305
278		54.3115		6.01733		45.8449		25.6672		20.4428		2.6191e-06		54.1209		21.0384		15.021		24.8065
279		52.7475		5.71337		44.4314		24.7659		19.9123		2.92463e-07		43.1938		20.1514		14.438		24.28
280		54.8538		6.11214		46.2688		25.9347		20.5927		5.19408e-06		56.2764		21.273		15.1608		24.9959
281		53.6611		5.86648		45.3205		25.2906		20.2454		3.69508e-09		48.9646		20.6345		14.7681		24.6859
282		53.3617		5.91498		44.9693		25.1676		20.0642		1.93441e-05		51.5271		20.5794		14.6645		24.3899
283		54.8844		6.1266		46.2745		25.9313		20.5777		1.18921e-09		58.8348		21.2645		15.1379		25.0099
284		55.1739		6.12735		46.5398		26.0725		20.7111		1.87163e-06		58.5605		21.4021		15.2747		25.1378
285		54.8115		6.07734		46.2099		25.8901		20.6018		4.42227e-07		55.2599		21.227		15.1497		24.9829
286		54.7169		6.1215		46.1985		25.8864		20.5287		1.18158e-06		56.3942		21.2554		15.1339		24.9431
287		53.8886		5.92346		45.5486		25.4142		20.3167		1.27631e-06		49.3154		20.7518		14.8283		24.7968
288		55.4314		6.17151		46.7835		26.1772		20.7682		3.42245e-07		59.56		21.4799		15.3084		25.3036
289		52.6387		5.68585		44.2352		24.6479		19.8838		5.11076e-08		40.4442		19.9922		14.3064		24.243
290		53.4517		5.85293		45.0816		25.1531		20.1501		5.73375e-07		47.1179		20.501		14.648		24.5807
291		53.6208		5.88466		45.2196		25.2891		20.1958		5.29797e-06		50.9568		20.6856		14.8009		24.534
292		54.3839		6.02186		45.8977		25.6819		20.4477		4.65411e-06		54.1762		21.0343		15.0125		24.8634
293		52.9837		5.78678		44.5727		24.8874		20.0311		8.30464e-06		43.4669		20.2194		14.4326		24.3533
294		52.7003		5.69188		44.3668		24.7259		19.9051		1.76229e-08		42.4247		20.1097		14.4178		24.2572
295		53.8151		5.89105		45.376		25.335		20.2781		9.36945e-06		47.5776		20.6677		14.7766		24.7084
296		53.8721		5.92154		45.4416		25.3745		20.2576		1.71001e-08		49.8942		20.7232		14.8017		24.7184
297		53.2686		5.80127		44.8614		25.0073		20.0665		3.68912e-08		44.2744		20.3323		14.531		24.529
298		52.6192		5.6945		44.3054		24.6657		19.8853		5.51137e-07		41.5712		20.0015		14.307		24.3039
299		53.1679		5.83119		44.8647		25.0518		20.0404		8.94196e-06		48.5728		20.4485		14.6173		24.4162
300		54.0591		5.97797		45.5687		25.4848		20.3354		1.41327e-06		49.026		20.8378		14.8598		24.7309
301		54.8424		6.10328		46.3235		25.9206		20.5495		3.98836e-05		59.4749		21.2962		15.1929		25.0273
302		52.2374		5.65101		43.9693		24.5176		19.7512		9.81819e-06		40.3051		19.9171		14.2661		24.0522
303		52.8776		5.81059		44.5981		24.9118		19.9512		1.22605e-07		46.2801		20.3088		14.4982		24.2893
304		55.1086		6.17961		46.4876		26.0847		20.6823		3.01443e-06		58.1976		21.4199		15.2403		25.0677
305		53.0765		5.77901		44.7662		24.9537		20.0192		7.524e-07		44.3504		20.317		14.538		24.4492
306		54.8468		6.14828		46.2626		25.9506		20.5955		3.0194e-07		59.0746		21.2895		15.1412		24.973
307		55.6081		6.26824		46.9641		26.326		20.7906		1.04609e-07		64.543		21.6578		15.3896		25.3062
308		54.4157		5.9535		45.9123		25.6338		20.516		7.30815e-06		49.7927		20.9357		14.9822		24.9766
309		55.758		6.2572		47.146		26.4094		20.8922		4.46659e-05		64.6824		21.7182		15.461		25.4278
310		55.6998		6.28543		47.0573		26.3906		20.8588		1.04642e-06		65.3385		21.7036		15.4182		25.3537
311		53.5223		5.88584		45.1826		25.2248		20.2099		7.79477e-06		47.8395		20.5675		14.6817		24.6151
312		54.4747		6.06867		45.9741		25.7376		20.4019		1.81677e-06		57.7724		21.133		15.0644		24.8411
313		56.9774		6.46387		48.223		27.0595		21.2968		6.25972e-06		78.395		22.3165		15.8526		25.9065
314		52.9892		5.77689		44.6632		24.9019		19.9871		1.23671e-09		45.116		20.2625		14.4856		24.4007
315		53.483		5.87338		45.1363		25.1975		20.1552		2.12701e-06		48.0745		20.5714		14.698		24.5649
316		56.0403		6.34094		47.402		26.5911		20.9322		3.9294e-06		71.5015		21.9302		15.5893		25.4718
317		53.8876		5.92713		45.5333		25.4126		20.3058		1.78921e-07		48.7986		20.7676		14.8404		24.7658
318		54.8578		6.07144		46.2372		25.8733		20.6059		6.58011e-07		54.8654		21.1792		15.1078		25.058
319		53.1288		5.7833		44.7855		25.0106		20.0496		4.97346e-06		46.9356		20.4025		14.6193		24.3829
320		53.4272		5.88171		45.1041		25.2031		20.1557		2.62013e-06		48.3559		20.558		14.6763		24.5461
321		55.9813		6.35239		47.4139		26.5957		20.8842		9.21204e-06		70.896		21.9756		15.6232		25.4384
322		53.0749		5.78395		44.7675		24.9402		20.044		8.16433e-06		44.452		20.2579		14.4739		24.5096
323		54.5103		6.0447		45.9666		25.7159		20.4521		1.12964e-06		54.6432		21.0635		15.0188		24.903
324		55.7825		6.25857		47.1109		26.4		20.873		1.49295e-06		64.1621		21.6951		15.4365		25.4158
325		54.1216		5.94002		45.6788		25.5238		20.3961		2.7353e-07		50.9181		20.8706		14.9306		24.8082
326		55.2441		6.15238		46.5868		26.1024		20.7069		8.5456e-06		60.7839		21.4298		15.2774		25.157
327		54.4064		5.97971		45.8268		25.6175		20.5045		3.99866e-06		51.0227		20.9179		14.9382		24.9089
328		52.8121		5.7861		44.4979		24.8401		19.9324		2.05067e-06		45.5424		20.2261		14.44		24.2718
329		53.5183		5.87863		45.1607		25.2307		20.2027		1.82985e-07		48.0919		20.5895		14.7109		24.5712
330		53.1532		5.78457		44.8015		24.9903		20.069		1.96975e-08		44.9719		20.3449		14.5603		24.4567
331		53.867		5.96336		45.5163		25.4489		20.2561		1.51128e-07		51.9164		20.8494		14.886		24.6669
332		56.7033		6.46869		48.0142		26.9622		21.126		2.27368e-05		83.6505		22.3064		15.8377		25.7078
333		55.4556		6.22324		46.8695		26.2674		20.7417		2.40969e-06		67.3732		21.6378		15.4146		25.2317
334		52.1205		5.63107		43.8976		24.419		19.6601		2.03822e-08		40.6251		19.8176		14.1865		24.0799
335		54.9578		6.14438		46.4049		25.981		20.5947		1.34482e-05		59.5482		21.3301		15.1857		25.0748
336		53.6542		5.81354		45.1645		25.1746		20.2483		3.47787e-07		44.6965		20.4478		14.6342		24.7167
337		54.345		6.0314		45.9221		25.6801		20.4534		5.7082e-07		52.4441		21.0018		14.9704		24.9203
338		52.5331		5.67324		44.2254		24.6163		19.8149		2.11627e-07		41.0617		19.9916		14.3184		24.2338
339		54.4206		6.04654		45.9292		25.693		20.4136		1.51416e-06		54.1934		21.0496		15.0031		24.8795
340		55.2944		6.13403		46.6656		26.1107		20.7409		1.1617e-06		57.0093		21.4241		15.2901		25.2414
341		54.2289		6.02342		45.7455		25.5943		20.3573		1.26711e-05		53.2451		20.9597		14.9363		24.7858
342		53.7549		5.94498		45.3261		25.3486		20.2011		3.33591e-06		50.6943		20.7345		14.7895		24.5916
343		55.0107		6.12545		46.4314		25.9705		20.6391		3.58025e-07		57.8731		21.2805		15.155		25.1509
344		53.9036		5.95815		45.4783		25.4282		20.3304		1.68048e-06		50.1797		20.7601		14.802		24.7182
345		55.3141		6.15137		46.6496		26.1198		20.7595		2.42119e-06		57.3103		21.401		15.2497		25.2486
346		55.9575		6.31593		47.3087		26.4934		20.9188		5.90306e-08		66.2823		21.7937		15.4778		25.515
347		53.5031		5.84276		45.1238		25.1768		20.1904		1.53365e-07		45.6154		20.5256		14.6828		24.5983
348		54.2146		5.98644		45.7437		25.5678		20.3935		4.50765e-06		51.3311		20.8984		14.912		24.8453
349		54.2114		5.96952		45.7351		25.5376		20.4097		2.78842e-07		51.2576		20.8496		14.8801		24.8855
350		52.5541		5.72784		44.2509		24.6642		19.833		2.74313e-07		42.5116		20.0236		14.2958		24.2273
351		54.9579		6.10483		46.3513		25.939		20.6017		7.46301e-06		56.0359		21.261		15.1562		25.0903
352		54.7623		6.13855		46.2218		25.9201		20.5324		2.38293e-07		57.5505		21.296		15.1574		24.9258
353		54.2276		6.02204		45.76		25.6498		20.3876		7.24969e-06		54.6954		21.0456		15.0235		24.7144
354		53.1846		5.77594		44.8262		24.9493		20.0667		1.40125e-07		44.3488		20.2562		14.4802		24.57
355		53.5884		5.89234		45.2115		25.2417		20.2005		7.89711e-07		46.8374		20.5766		14.6843		24.6349
356		52.6065		5.7238		44.3597		24.6951		19.8634		1.11945e-05		44.1818		20.0552		14.3315		24.3044
357		54.6976		6.06073		46.1106		25.8038		20.5568		3.66755e-06		54.8216		21.1421		15.0814		24.9685
358		54.9308		6.12196		46.3056		25.9627		20.6312		9.35144e-06		55.6991		21.2879		15.1659		25.0177
359		54.9357		6.07703		46.3142		25.9163		20.6362		5.76913e-07		53.3656		21.2243		15.1473		25.0899
360		51.4557		5.5157		43.2089		24.073		19.4805		1.07316e-06		37.4611		19.4719		13.9562		23.737
361		56.1102		6.33875		47.475		26.6112		20.958		9.4039e-08		70.1008		21.9436		15.6049		25.5314
362		54.3391		6.04623		45.8408		25.6575		20.3867		2.69189e-06		54.2111		21.0353		14.989		24.8056
363		54.5808		6.03031		45.9856		25.7405		20.4889		1.76469e-08		53.3788		21.0808		15.0505		24.9048
364		52.5278		5.71225		44.2593		24.6653		19.8169		1.37164e-06		42.8695		20.0487		14.3365		24.2105
365		55.3285		6.17593		46.6421		26.1415		20.7553		1.09441e-06		55.8809		21.4407		15.2648		25.2014
366		55.5626		6.26761		46.9194		26.3326		20.8137		9.57542e-10		62.3189		21.6537		15.3861		25.2657
367		54.1531		6.02576		45.6966		25.588		20.3806		8.35894e-08		52.5751		20.9589		14.9331		24.7377
368		52.5537		5.70959		44.2582		24.664		19.8628		8.11239e-07		42.1188		20.0116		14.302		24.2466
369		55.1289		6.09121		46.5577		26.0124		20.659		9.07022e-06		55.3295		21.3609		15.2697		25.1969
370		54.1873		5.98854		45.7518		25.5846		20.4198		2.56594e-06		52.9937		20.9138		14.9252		24.838
371		54.4149		5.99903		45.9313		25.682		20.5258		8.50284e-08		49.7486		20.9821		14.983		24.9492
372		53.3355		5.85357		44.9961		25.1167		20.1446		6.55971e-07		46.6804		20.4554		14.6018		24.5408
373		53.9956		5.96173		45.5954		25.4634		20.2946		2.74935e-09		48.4662		20.8364		14.8747		24.759
374		54.3971		5.96024		45.9499		25.6484		20.4874		1.89103e-05		52.4937		20.9722		15.012		24.9776
375		54.6909		6.07775		46.1731		25.8616		20.56		4.89988e-07		55.2641		21.2024		15.1246		24.9707
376		54.5582		6.0575		46.0272		25.7727		20.4703		5.84395e-07		53.2685		21.1526		15.0951		24.8745
377		53.7624		5.90813		45.4396		25.3601		20.2888		1.65422e-06		49.3525		20.6911		14.7829		24.7485
378		54.4563		6.01901		45.9193		25.7026		20.4616		1.11178e-05		54.2005		21.0648		15.0458		24.8545
379		53.908		5.90267		45.5263		25.4123		20.381		9.54521e-06		48.8046		20.7164		14.8137		24.8099
380		53.9291		5.9712		45.5144		25.458		20.2774		5.32673e-06		52.9425		20.8465		14.8753		24.6679
381		54.4465		6.05994		45.917		25.7316		20.4606		1.81451e-09		54.4408		21.0944		15.0344		24.8227
382		53.0533		5.7794		44.7037		24.9322		20.0205		2.56428e-06		44.1996		20.275		14.4956		24.4286
383		55.5587		6.26124		46.979		26.3138		20.7732		4.14826e-06		62.9232		21.6557		15.3945		25.3233
384		51.9552		5.57382		43.6662		24.3018		19.6557		6.31369e-08		39.2869		19.6574		14.0836		24.0088
385		54.9018		6.10162		46.2671		25.9339		20.6272		7.61599e-08		54.8652		21.2595		15.1579		25.0076
386		52.5527		5.75856		44.2984		24.7212		19.8364		2.61085e-07		43.5671		20.1308		14.3722		24.1676
387		53.9092		5.92781		45.541		25.3886		20.3382		9.96038e-07		49.3808		20.6703		14.7425		24.8708
388		54.4433		6.05825		46.008		25.7581		20.4461		9.7771e-07		55.5637		21.1394		15.0812		24.8685
389		56.0999		6.32758		47.3891		26.5799		20.9784		4.98144e-07		65.7347		21.8632		15.5357		25.5259
390		52.6671		5.72197		44.4009		24.7332		19.9009		2.86058e-08		42.7025		20.0917		14.3697		24.3092
391		54.5993		6.07025		46.0829		25.7851		20.4462		3.02984e-05		59.0412		21.157		15.0867		24.9259
392		53.2134		5.78562		44.8227		25.002		20.0807		9.50147e-08		46.0773		20.3293		14.5437		24.4934
393		53.6789		5.88177		45.2457		25.2682		20.2241		7.15455e-06		48.7347		20.5975		14.7158		24.6482
394		54.1767		5.96353		45.7555		25.5675		20.4347		8.37686e-07		49.2323		20.8947		14.9312		24.8607
395		54.6233		6.03128		46.1515		25.7956		20.5579		1.82177e-06		53.7957		21.1115		15.0803		25.04
396		53.5253		5.87912		45.1407		25.2269		20.1611		3.61661e-10		48.9027		20.611		14.7318		24.5297
397		54.334		5.99076		45.7818		25.6037		20.4581		4.49399e-07		50.3907		20.9018		14.911		24.88
398		54.5451		6.03389		46.0154		25.7503		20.5302		4.01592e-08		52.3245		21.0739		15.04		24.9415
399		54.0613		5.9372		45.6366		25.4908		20.3692		7.90339e-06		50.3314		20.8364		14.8992		24.8002
400		55.0178		6.10599		46.3836		25.9875		20.653		7.31388e-07		56.2959		21.3176		15.2116		25.066
401		54.6208		6.09603		46.0866		25.8107		20.4731		1.79967e-06		58.2325		21.1802		15.0842		24.9063
402		54.7383		6.10599		46.1615		25.8555		20.5357		8.47269e-06		55.9368		21.1946		15.0887		24.9669
403		55.3685		6.18708		46.7141		26.1964		20.7872		9.84087e-08		57.2989		21.5027		15.3156		25.2114
404		53.7116		5.86555		45.2773		25.286		20.2781		4.20188e-07		47.2406		20.6353		14.7698		24.642
405		51.813		5.53774		43.5649		24.2299		19.611		1.29515e-09		39.0998		19.6044		14.0667		23.9605
406		53.7153		5.93971		45.3576		25.3585		20.2182		7.32888e-07		51.8849		20.7405		14.8008		24.6171
407		53.0403		5.78365		44.752		24.958		20.0116		8.71543e-06		44.7736		20.3342		14.5506		24.4177
408		55.0466		6.17333		46.5481		26.0635		20.6192		8.66714e-07		60.7733		21.4267		15.2533		25.1214
409		55.081		6.14769		46.4852		26.0492		20.6394		5.09312e-07		59.1941		21.4064		15.2587		25.0788
410		55.0521		6.19084		46.5019		26.0902		20.6252		3.14406e-06		62.7195		21.4702		15.2793		25.0317
411		54.9903		6.09693		46.3943		25.9639		20.6202		5.498e-07		55.4901		21.2853		15.1884		25.1091
412		54.5847		6.0405		46.0697		25.7681		20.502		7.07662e-06		56.3465		21.1168		15.0763		24.9529
413		53.4306		5.83439		45.0344		25.1223		20.1397		2.88832e-05		44.7511		20.4677		14.6333		24.5667
414		54.5621		6.01413		46.0241		25.7431		20.4925		1.4496e-06		55.689		21.0772		15.0631		24.9469
415		54.0293		5.96507		45.6202		25.4909		20.3505		3.705e-07		50.6736		20.8379		14.8728		24.7823
416		53.8838		5.94508		45.5181		25.4514		20.3325		5.11776e-07		49.1064		20.8097		14.8646		24.7084
417		55.7878		6.24087		47.1056		26.4074		20.923		1.3915e-10		58.8307		21.6776		15.4367		25.428
418		55.5079		6.24439		46.9372		26.3		20.7691		1.41239e-05		63.3824		21.649		15.4046		25.2883
419		54.2752		5.93313		45.7849		25.5552		20.4799		5.24892e-06		48.3184		20.8311		14.898		24.9538
420		55.5179		6.25985		46.9444		26.3201		20.7625		1.16794e-07		64.5707		21.6801		15.4203		25.2643
421		54.1316		5.94917		45.6854		25.5115		20.373		1.01117e-05		50.4297		20.8579		14.9087		24.8275
422		52.2895		5.69695		44.061		24.5764		19.752		6.41424e-07		42.7524		19.9822		14.2853		24.0788
423		53.487		5.8918		45.1211		25.2308		20.1551		1.19509e-07		50.0429		20.6095		14.7177		24.5116
424		54.8766		6.12305		46.33		25.9604		20.589		5.45493e-07		56.7815		21.3475		15.2244		24.9826
425		54.8249		6.07476		46.2321		25.9031		20.631		5.0498e-07		58.5938		21.215		15.1403		25.0171
426		53.1045		5.76613		44.7763		24.9608		20.0457		5.73576e-07		45.0617		20.3184		14.5523		24.4579
427		52.5643		5.70588		44.2519		24.6497		19.8515		9.11795e-07		42.4335		19.9959		14.29		24.2561
428		53.4827		5.86233		45.113		25.1849		20.1827		4.0239e-08		48.1842		20.5407		14.6784		24.5723
429		51.3212		5.47177		43.0997		23.9997		19.4456		1.91634e-08		37.1583		19.4231		13.9513		23.6766
430		54.7711		6.09041		46.1686		25.8723		20.5792		2.42142e-11		55.1652		21.2141		15.1237		24.9545
431		54.087		5.95316		45.609		25.4963		20.356		2.12615e-06		51.3964		20.8422		14.889		24.7668
432		54.7561		6.08275		46.1628		25.8406		20.524		2.06262e-06		56.3181		21.1769		15.0942		24.9859
433		52.7069		5.74844		44.3814		24.7544		19.9254		2.57354e-06		42.6167		20.1018		14.3534		24.2796
434		55.1025		6.17418		46.5475		26.1007		20.6508		3.32387e-06		60.9232		21.4659		15.2918		25.0816
435		55.0027		6.11009		46.3596		25.9676		20.6288		2.07334e-06		54.4332		21.288		15.178		25.0715
436		52.4473		5.68005		44.1981		24.6022		19.8484		4.3079e-06		40.6217		19.9535		14.2735		24.2446
437		55.9154		6.26886		47.2722		26.5047		20.9481		1.3598e-05		64.112		21.839		15.5701		25.4332
438		52.2515		5.69514		44.0147		24.5645		19.758		2.84427e-06		41.1144		19.9792		14.284		24.0355
439		54.125		5.96368		45.6691		25.5196		20.3805		3.94738e-07		49.6123		20.8425		14.8788		24.8266
440		53.2562		5.79482		44.8141		25.0025		20.1098		2.83195e-07		42.3817		20.325		14.5302		24.4891
441		53.6856		5.93021		45.3193		25.328		20.253		1.49072e-07		48.7279		20.6628		14.7326		24.6565
442		53.3464		5.81457		45.0156		25.1097		20.1503		6.80437e-09		46.4482		20.4618		14.6472		24.5538
443		55.4147		6.18112		46.7436		26.1986		20.763		4.02346e-06		60.1588		21.5341		15.353		25.2095
444		54.406		6.01403		45.9388		25.6901		20.4441		2.52336e-06		52.4449		21.0484		15.0344		24.8904
445		54.9065		6.10948		46.288		25.9174		20.591		3.12018e-08		56.8305		21.2348		15.1254		25.0532
446		54.5459		6.06112		45.9811		25.7555		20.5049		8.91164e-06		53.7585		21.1027		15.0415		24.8784
447		55.0821		6.11455		46.4094		25.996		20.6759		5.49832e-08		56.5332		21.3064		15.1918		25.1031
448		54.2038		5.97315		45.7471		25.5675		20.4323		4.20441e-06		48.0933		20.8967		14.9235		24.8504
449		55.6041		6.24744		46.9343		26.3235		20.8104		6.30413e-07		63.9657		21.6578		15.4103		25.2766
450		54.817		6.09963		46.2369		25.9195		20.565		4.04776e-07		55.4568		21.2855		15.1859		24.9513
451		53.0327		5.77187		44.6829		24.9258		20.0229		1.05521e-08		43.2108		20.2852		14.5133		24.3977
452		55.0185		6.08777		46.3934		25.9558		20.6522		4.46917e-07		59.0044		21.2659		15.1781		25.1275
453		55.209		6.17512		46.6362		26.1153		20.6917		1.71173e-05		60.8544		21.4502		15.2751		25.186
454		54.5491		6.02246		45.9851		25.7119		20.4991		1.91785e-05		54.9713		21.0358		15.0133		24.9493
455		54.8076		6.11213		46.22		25.9035		20.5787		4.53086e-06		56.5449		21.2432		15.1311		24.9768
456		55.155		6.12391		46.5659		26.0562		20.6856		3.61092e-06		57.1116		21.3752		15.2513		25.1908
457		54.8687		6.12722		46.3121		25.9544		20.5706		3.81265e-06		59.0187		21.3153		15.1881		24.9968
458		53.8545		5.88206		45.4854		25.3513		20.323		5.47824e-08		48.4931		20.6371		14.755		24.8483
459		54.3993		6.03107		45.9934		25.7027		20.4799		5.22218e-06		51.108		21.0423		15.0113		24.9511
460		54.4791		6.02353		46.0057		25.7194		20.476		7.61863e-07		50.1613		21.0516		15.0281		24.9541
461		54.0759		6.00604		45.6411		25.561		20.3115		1.19942e-06		55.5514		20.9638		14.9578		24.6773
462		53.3502		5.88877		45.04		25.177		20.121		2.52541e-06		48.7112		20.5441		14.6554		24.4959
463		56.2667		6.38516		47.5726		26.6936		21.0501		4.60904e-07		67.3326		21.9897		15.6045		25.5829
464		54.4998		6.02427		45.9569		25.7099		20.4561		3.24114e-06		53.9715		21.0658		15.0415		24.8911
465		53.5612		5.92645		45.1703		25.276		20.1453		4.41735e-08		51.9435		20.6828		14.7563		24.4876
466		53.1825		5.85866		44.8797		25.0663		20.0297		1.57404e-08		46.0461		20.4602		14.6016		24.4195
467		54.1671		5.98956		45.7408		25.5879		20.4144		6.87382e-07		52.9689		20.9376		14.948		24.8033
468		54.2971		6.00052		45.8102		25.6317		20.4309		5.72951e-06		51.5601		21.0069		15.0064		24.8033
469		55.8839		6.26575		47.2452		26.4692		20.9204		1.00351e-07		65.0646		21.796		15.5303		25.4492
470		54.5141		5.98991		45.9718		25.6968		20.5237		1.79603e-05		52.5727		21.0042		15.0143		24.9676
471		54.8192		6.09023		46.2852		25.9033		20.5889		2.70489e-06		52.9431		21.2359		15.1457		25.0493
472		53.7445		5.9577		45.3379		25.3483		20.2178		6.4836e-07		50.0382		20.7289		14.7712		24.6091
473		54.4465		6.03961		45.9702		25.7243		20.4075		1.10779e-06		55.4571		21.105		15.0654		24.8652
474		53.9837		6.00214		45.6506		25.5115		20.3287		1.12096e-08		49.744		20.8679		14.8658		24.7827
475		56.326		6.30165		47.575		26.6369		21.0903		1.75122e-06		63.0097		21.889		15.5874		25.686
476		53.4141		5.82569		45.0145		25.1063		20.1574		1.4786e-06		45.1156		20.4355		14.6098		24.579
477		54.1687		5.99868		45.7846		25.5979		20.4218		3.96122e-07		51.4914		20.9393		14.9406		24.8453
478		54.0037		5.91171		45.5564		25.4055		20.318		4.66882e-06		47.9668		20.7433		14.8316		24.8131
479		55.1931		6.10948		46.6027		26.073		20.7468		1.16279e-05		56.0649		21.3554		15.246		25.2473
480		52.2826		5.60724		43.9874		24.4638		19.7912		1.92676e-06		39.6219		19.7908		14.1836		24.1965
481		54.538		6.04343		45.9739		25.7738		20.5263		6.22596e-09		54.8239		21.114		15.0706		24.8598
482		56.4078		6.31291		47.6937		26.7345		21.1037		6.45245e-07		66.8502		22.0454		15.7325		25.6483
483		54.1285		5.95489		45.7401		25.5457		20.4012		1.40747e-07		50.282		20.885		14.9301		24.855
484		55.733		6.25441		47.0436		26.3952		20.9001		1.02044e-05		62.2363		21.7004		15.446		25.3432
485		54.3069		6.00862		45.8696		25.6414		20.4667		3.63185e-05		50.2699		20.954		14.9454		24.9156
486		54.3579		5.99194		45.8778		25.6447		20.4827		2.02478e-08		49.4766		20.9689		14.977		24.9089
487		53.0386		5.73061		44.6297		24.8544		20.0086		3.88428e-07		42.3323		20.1684		14.4378		24.4613
488		55.4559		6.18915		46.7984		26.2283		20.8281		4.43547e-08		58.9138		21.5066		15.3174		25.2919
489		52.8429		5.78379		44.5472		24.8604		19.9754		4.15239e-07		44.2309		20.2187		14.4349		24.3286
490		54.9337		6.12194		46.2761		25.9378		20.5869		1.12875e-05		56.907		21.2843		15.1623		24.9918
491		54.5283		6.07872		45.9912		25.756		20.4428		1.70893e-10		57.3598		21.1317		15.053		24.8594
492		54.9558		6.13303		46.3266		25.9897		20.6149		3.85837e-06		56.6744		21.3567		15.2237		24.9699
493		54.3299		6.00204		45.8263		25.6324		20.418		1.09722e-05		53.561		20.9833		14.9812		24.8431
494		54.3697		6.02756		45.9018		25.6713		20.4382		3.19051e-07		52.2315		21.0279		15.0004		24.8739
495		55.9492		6.34387		47.3516		26.5715		20.9102		2.10884e-07		67.9356		21.9372		15.5934		25.4144
496		52.4425		5.68401		44.1183		24.6182		19.8132		2.57602e-07		43.013		20.0439		14.3598		24.0745
497		55.5424		6.24284		46.9546		26.3288		20.8098		8.82483e-07		62.4087		21.6682		15.4254		25.2864
498		52.9308		5.8298		44.6479		24.9465		19.9241		1.20183e-07		48.2451		20.3897		14.5599		24.2582
499		52.0209		5.5767		43.7108		24.3322		19.6992		1.26476e-06		38.5831		19.7052		14.1285		24.0056
500		54.1225		5.99472		45.676		25.5301		20.3562		4.04056e-07		52.9429		20.8662		14.8714		24.8099
