1		35.847		2.89767e-06
2		36.7894		5.63673e-06
3		36.9479		6.6517e-07
4		36.7655		6.84538e-05
5		36.7905		8.16476e-05
6		36.6345		0.00077318
7		37.234		2.247e-07
8		36.2211		1.44499e-07
9		35.3639		2.29495e-05
10		37.0057		1.93019e-05
11		35.5403		3.25885e-09
12		37.3271		3.80811e-05
13		36.7211		3.41557e-07
14		37.3096		0.00646205
15		35.1943		3.18626e-05
16		37.4239		0.0246405
17		35.2483		4.31955e-06
18		37.4949		0.000132397
19		36.2336		1.05412e-05
20		36.6195		7.58918e-05
21		35.0454		2.6128e-06
22		34.6393		2.24281e-07
23		35.3828		2.45421e-07
24		37.5198		0.000333378
25		36.2288		6.36957e-05
26		35.4905		4.70947e-06
27		35.2481		1.78632e-05
28		36.4957		6.00673e-06
29		36.202		1.81497e-06
30		34.8255		8.38015e-08
31		35.5347		5.66967e-09
32		35.5528		7.35484e-08
33		37.8082		0.292298
34		35.226		1.52729e-08
35		39.1837		2.3615
36		35.1914		1.88859e-06
37		37.2512		0.72076
38		36.0345		7.8976e-05
39		36.1732		1.54156e-05
40		35.2255		4.25299e-10
41		36.498		6.48427e-06
42		38.0533		1.11529
43		34.6333		1.45914e-07
44		35.6738		1.18368e-05
45		35.4563		9.5067e-06
46		35.1557		1.35218e-05
47		35.58		4.03759e-08
48		34.0076		5.65223e-07
49		35.2336		7.70424e-08
50		36.091		8.76898e-08
51		36.0039		1.44822e-06
52		36.0231		3.38051e-08
53		36.768		3.1437e-08
54		36.2127		1.97275e-05
55		35.0555		5.76041e-08
56		35.4578		2.67162e-05
57		37.9823		0.914309
58		35.5227		1.09837e-05
59		35.8585		9.19256e-06
60		36.8275		3.72469e-05
60		36.4207		5.43747e-05
61		35.5552		3.64128e-07
62		36.9526		0.000794612
63		34.2904		2.17751e-06
64		35.7551		2.8189e-07
65		36.043		1.46347e-05
66		36.0969		3.34367e-06
67		36.1404		2.46459e-05
68		37.5155		0.460831
69		36.4613		1.47016e-05
70		36.2737		5.28711e-07
71		36.1338		2.49493e-05
72		35.8201		2.95372e-06
73		38.3697		1.16227
74		34.3456		3.38731e-06
75		35.2764		1.56107e-07
76		37.5322		7.8182e-05
77		39.8063		3.11775
78		36.1925		9.43145e-09
79		37.0368		1.3998e-07
80		35.6773		3.70713e-06
81		34.1292		3.12928e-06
82		34.9438		6.2959e-07
83		35.3354		1.41494e-08
84		35.9162		1.70304e-05
85		34.6748		3.01544e-06
86		35.5841		1.49448e-08
87		35.186		2.34161e-07
88		36.1658		8.78434e-07
89		35.1286		2.47726e-07
90		35.0156		4.96382e-05
91		35.2458		6.46119e-06
92		35.1269		7.64088e-09
93		34.5248		4.10777e-06
94		35.4721		1.3344e-06
95		34.1309		3.56937e-06
96		36.1535		2.13209e-05
97		37.0403		6.76506e-06
98		36.7945		9.52083e-07
99		35.8959		1.16406e-06
100		37.2476		5.53042e-05
101		37.3152		0.314501
102		35.6972		1.81754e-06
103		36.2748		6.95335e-06
104		36.8417		0.000148306
105		36.0974		7.68159e-06
106		35.8744		6.16349e-05
107		36.5894		3.39421e-06
108		35.6097		1.48806e-06
109		34.964		3.54739e-05
110		36.5916		5.86191e-06
111		35.8586		3.59875e-05
112		34.5876		2.46395e-07
113		35.5815		4.20647e-05
114		36.3257		4.72482e-05
115		36.6128		3.78164e-07
116		36.5228		4.57757e-06
117		36.0569		3.19457e-07
118		36.1331		7.86341e-08
119		35.6026		5.51969e-05
120		35.5675		3.5548e-07
121		35.0693		4.0511e-06
122		35.6196		1.1043e-07
123		35.9536		5.36802e-05
124		34.9113		3.32574e-07
125		35.7214		2.21928e-05
126		35.8717		1.80893e-05
127		35.5335		3.71196e-06
128		34.6843		9.83712e-06
129		37.3868		0.0559106
130		34.4965		2.43615e-06
131		36.368		7.90153e-05
132		36.0026		1.26463e-06
133		35.6679		6.95037e-06
134		38.4951		1.26157
135		36.1375		6.20176e-06
136		36.1759		2.17945e-08
137		36.9918		2.03707e-11
138		36.8003		1.46124e-06
139		35.5118		1.56858e-10
140		36.8411		3.0933e-06
141		34.9877		1.07377e-05
142		35.3971		6.15516e-05
143		36.2362		1.01291e-08
144		36.3625		9.07928e-06
145		37.0426		1.37068e-06
146		35.5345		1.35638e-08
147		35.7181		1.00373e-07
148		36.8153		1.12353e-05
149		36.9623		3.83255e-05
150		36.167		3.36648e-05
151		35.2887		6.44552e-08
152		36.3877		0.000277873
153		36.6822		3.40243e-06
154		35.8841		6.93254e-07
155		39.3197		1.58811
156		35.3331		1.33483e-11
157		37.792		0.619718
158		35.2164		1.55078e-05
159		34.788		3.3441e-08
160		36.5484		4.50043e-05
161		37.1318		6.62705e-08
162		35.7563		1.95685e-05
163		35.9594		1.34526e-07
164		35.6317		3.13976e-08
165		34.1368		9.30016e-08
166		35.0601		4.10216e-06
167		36.9377		0.000243595
168		36.1296		3.53942e-05
169		36.2143		1.61617e-07
170		36.2216		4.29153e-08
171		35.1106		7.03889e-06
172		35.9437		1.68323e-05
173		35.1631		2.39769e-07
174		35.8806		9.53378e-07
175		36.9848		0.000447105
176		37.1439		0.225266
177		35.8986		2.83179e-08
178		35.3799		4.01758e-08
179		36.8023		2.47927e-11
180		35.3794		6.73914e-07
181		35.8859		3.51754e-05
182		35.3165		2.51168e-06
183		35.781		1.11997e-07
184		36.7229		1.06544e-05
185		36.764		2.62565e-07
186		35.1973		2.02351e-07
187		37.4273		0.000626488
188		36.3306		1.19812e-05
189		35.0944		1.2281e-05
190		36.6345		6.03501e-05
191		34.7027		5.92133e-08
192		36.6826		1.78215e-09
193		35.9812		5.33942e-05
194		34.4949		3.93372e-10
195		35.0429		8.69748e-06
196		36.284		8.12431e-06
197		36.1948		8.5335e-09
198		36.4962		0.000117803
199		36.901		2.89792e-05
200		36.8823		3.54265e-05
201		35.0059		4.48528e-08
202		36.0437		1.62585e-05
203		37.6083		0.19556
204		35.5628		1.12392e-06
205		34.6598		4.07598e-06
206		35.2477		6.55419e-06
207		37.7352		0.889452
208		36.3107		1.71416e-05
209		35.3766		3.75702e-05
210		37.1057		1.14292
211		36.6285		2.09875e-05
212		36.5163		3.9488e-09
213		36.1136		6.04023e-08
214		36.6595		1.36561e-07
215		36.3588		4.27491e-06
216		37.704		0.98608
217		36.963		2.32089e-05
218		37.3279		9.32538e-06
219		35.6388		3.30621e-07
220		35.1981		1.81191e-06
221		35.8293		3.83616e-06
222		36.1247		5.42921e-05
223		35.5707		1.71072e-07
224		34.889		3.68022e-09
225		36.1777		0.000563745
226		36.6103		1.02099e-05
227		37.1025		0.399595
228		37.0534		1.99817e-07
229		35.4701		3.04135e-05
230		37.1334		2.66281e-06
231		35.5498		7.95083e-07
232		36.7395		4.37655e-05
233		37.8657		0.353442
234		37.3481		8.53453e-05
235		35.0184		9.53536e-07
236		37.042		1.00606e-05
237		37.3048		0.323088
238		36.9313		0.000127161
239		37.7584		1.6666e-05
240		34.8147		4.05656e-07
241		35.5856		3.32576e-06
242		36.6052		2.45906e-06
243		36.2908		2.02976e-06
244		34.961		2.60253e-05
245		35.2265		6.98658e-06
246		35.8383		9.26971e-07
247		35.7755		1.91315e-08
248		36.6366		2.32811e-06
248		37.2212		0.405576
249		36.1138		2.36623e-05
250		34.5538		1.20019e-05
251		38.4777		0.710493
252		34.6982		1.25907e-06
253		38.5205		1.63769
254		35.4721		1.96192e-07
255		37.4144		0.000214187
256		34.4073		1.29042e-06
257		37.1645		6.36583e-05
258		35.5929		8.48757e-09
259		35.7735		8.00656e-07
260		35.3901		5.30057e-06
261		35.2861		6.46668e-05
262		36.7206		0.000142468
263		36.0437		1.03888e-05
264		37.105		0.157625
265		35.8986		6.88819e-06
266		37.5228		6.27958e-05
267		35.9392		4.51595e-05
268		36.2277		2.91236e-05
269		36.5379		7.6468e-05
270		36.339		4.61685e-09
271		35.4942		5.41516e-05
272		35.5983		1.32461e-05
273		36.796		4.41901e-05
274		34.8729		6.47901e-06
275		35.9969		5.38492e-06
276		34.9096		8.08517e-07
277		36.6512		0.00012343
278		39.7633		3.71535
279		36.2355		5.54486e-07
280		37.2115		0.556969
281		36.5594		1.17059e-06
282		36.166		2.86816e-05
283		34.7359		4.18571e-07
284		36.6598		4.36593e-06
285		36.5115		3.11834e-05
286		37.1931		0.000864037
287		37.8942		1.17423
288		36.2737		5.22318e-05
289		35.3317		9.58895e-07
290		37.9166		1.16501
291		34.4746		4.46683e-08
292		35.0961		2.30748e-05
293		35.6351		5.51101e-06
294		35.7462		2.59434e-05
295		36.4283		3.72373e-06
296		36.3998		1.71286e-06
297		36.7159		6.765e-05
298		35.4481		5.1298e-05
299		37.6704		0.43475
300		37.9342		1.48318
301		36.7045		1.15171e-06
302		36.0974		2.26397e-05
303		36.2365		0.000122709
304		38.8188		2.0725
305		35.8383		7.14354e-06
306		35.5659		1.70294e-05
307		35.1062		3.36823e-05
308		36.0947		1.37416e-05
309		34.9642		1.68667e-06
310		35.3423		4.65279e-06
311		37.7779		0.994447
312		35.6654		3.77814e-08
313		36.6206		0.000230927
314		37.8896		0.806511
315		35.664		2.2346e-05
316		36.2061		4.54908e-06
317		37.0755		4.78584e-06
318		36.7693		1.29143e-05
319		35.5581		1.40179e-05
320		36.6933		2.10556e-08
321		36.583		9.34272e-06
322		35.8582		1.68305e-08
323		36.5403		0.000219076
324		35.4404		5.16422e-06
325		37.6051		1.14746
326		34.5177		8.29136e-07
327		35.1411		4.09315e-09
328		35.2808		7.46985e-06
329		34.8827		4.527e-10
330		37.4796		0.539897
331		34.4784		1.82382e-06
332		36.4154		3.52014e-07
333		35.8523		0.000156166
334		37.0268		8.40172e-08
335		35.3521		4.46369e-05
336		36.0627		1.29482e-07
337		36.4284		3.826e-05
338		36.1945		0.000144278
339		35.6755		3.93281e-06
340		35.5211		3.63735e-05
341		37.5411		0.534401
342		36.369		1.35874e-06
343		34.8569		4.14349e-06
344		34.9495		5.84408e-06
345		35.2228		2.44739e-05
346		35.0751		1.25592e-07
347		34.8045		1.69044e-05
348		35.842		2.2794e-09
349		35.7638		1.86645e-10
350		35.2148		2.41293e-06
351		37.9821		1.73796
352		35.0573		2.51535e-05
353		34.9965		1.30107e-09
354		36.2493		1.94148e-05
355		35.2748		2.06452e-06
356		36.5408		4.43069e-05
357		34.2161		2.63772e-10
358		35.8116		8.31239e-06
359		35.9608		1.41329e-07
360		35.6104		4.06269e-05
361		35.7388		2.45807e-08
362		35.189		7.20749e-05
363		33.999		3.42763e-06
364		35.8256		1.20529e-06
365		34.2627		4.23869e-07
366		35.7261		1.71366e-08
367		37.3191		0.000534286
368		37.075		0.73629
369		37.7527		0.801015
370		37.7031		1.26104
371		36.0842		4.81996e-08
372		36.8603		1.24268e-06
373		34.7778		6.40626e-08
374		37.5376		8.03554e-05
375		35.8611		5.86934e-05
376		35.4832		5.11304e-06
377		35.598		4.98214e-06
378		34.2004		1.12183e-06
379		35.7368		5.35306e-06
380		35.4782		8.62817e-06
381		35.7173		4.528e-06
382		34.6977		2.19218e-06
383		35.0799		9.90602e-08
384		37.5627		0.631201
385		35.6418		2.04323e-05
386		35.6642		1.47674e-05
387		36.7007		3.59701e-05
388		34.7662		1.68098e-06
389		34.6459		8.24565e-07
390		36.8736		0.263948
391		35.4472		4.05388e-07
392		37.7359		0.424242
393		36.7391		1.13429e-05
394		35.3265		2.07963e-07
395		38.7868		2.49511
396		36.4767		0.000139642
397		36.0124		1.82002e-05
398		36.7724		3.68613e-05
399		37.3787		0.544715
400		34.6637		3.56462e-05
401		36.8525		0.000127231
402		35.3729		2.36506e-07
403		35.4858		7.68012e-06
404		36.539		3.42113e-06
405		37.6043		0.678297
406		34.6183		4.88568e-05
407		33.6367		5.45737e-07
408		35.6714		4.07197e-05
409		35.7395		8.41382e-09
410		35.1758		5.68105e-10
411		36.9995		8.06491e-08
412		34.8228		9.87818e-07
413		35.2257		3.37438e-06
414		36.3369		1.25949e-07
415		34.2423		1.11786e-07
416		35.3578		4.88756e-11
417		35.7285		8.25583e-06
418		35.8528		4.72919e-06
419		35.6142		3.48633e-06
420		34.6327		3.15294e-06
421		35.8578		4.96787e-07
422		34.7759		1.48836e-06
423		37.9746		0.592101
424		36.3973		1.87218e-06
425		37.5759		3.96854e-06
426		35.5984		8.71296e-05
427		35.4374		7.22516e-06
428		35.0671		1.66575e-07
429		35.8199		1.43252e-05
430		37.3028		5.02983e-06
431		36.4211		1.57283e-06
432		37.674		1.04843
433		34.518		2.35639e-05
434		35.9766		1.6795e-06
435		36.1216		2.5331e-07
436		35.5268		3.64594e-05
437		36.4539		4.35582e-09
438		35.6173		1.24956e-05
439		35.7823		2.21668e-06
440		36.8188		2.22752e-08
441		37.196		5.51571e-06
442		35.3434		1.91148e-05
443		35.3467		2.4187e-05
444		35.6078		7.23419e-08
445		35.8947		1.08793e-07
446		35.6405		1.68551e-06
447		37.6998		0.30637
448		34.2371		2.21641e-06
449		34.8579		9.76833e-10
450		36.075		5.7969e-08
451		35.9349		0.000128759
452		35.6095		1.24366e-05
453		36.9845		5.61391e-05
454		36.5245		4.56614e-08
455		35.0548		5.43125e-05
456		35.9343		5.13997e-09
457		37.9232		3.6949e-06
458		36.8496		2.05558e-07
459		35.6997		1.53631e-06
460		35.9473		8.09613e-08
461		34.6148		1.20863e-07
462		34.4591		8.16406e-08
463		37.2887		8.84189e-06
464		37.0773		0.104162
465		35.1272		3.21882e-05
466		34.971		6.65045e-06
467		34.9382		1.43537e-08
468		35.6185		1.22136e-09
469		37.0591		2.31307e-07
470		35.363		5.44541e-06
471		37.1378		0.25782
472		36.6535		3.04153e-08
473		35.0647		1.43739e-07
474		37.0134		1.75199e-05
475		36.6003		3.32406e-05
476		36.1334		1.50475e-08
477		37.3149		9.53434e-06
478		34.4301		2.71424e-08
479		35.0534		8.35007e-06
480		35.3039		5.56622e-09
481		36.0546		4.10141e-05
482		38.3899		0.869772
483		34.4626		2.45035e-08
484		34.7637		3.33846e-07
485		34.2977		5.97943e-07
486		35.186		3.87697e-10
487		36.3997		0.000232231
488		36.7101		1.57215e-07
489		35.4831		1.26587e-07
490		36.672		0.000259144
491		36.1199		2.36112e-08
492		35.7007		5.97624e-06
493		35.5719		5.434e-05
494		36.4877		1.89067e-07
495		36.0086		1.07198e-05
496		36.3635		2.52603e-08
497		35.4655		4.43144e-07
498		36.8957		0.000115608
499		36.3245		0.00010492
500		34.3822		2.7818e-08
