1		28.8363		9.10625e-08
2		28.1391		5.87677e-07
3		33.4359		1.6588e-07
4		30.0917		2.03003e-06
5		29.866		4.07916e-08
6		31.7007		9.76341e-09
7		31.2315		5.22393e-12
8		29.7256		1.93965e-09
9		32.3097		6.01936e-08
10		29.3332		1.72969e-08
11		29.7574		9.25077e-08
12		31.1139		8.92998e-07
13		30.3655		9.50172e-08
14		31.5968		5.12854e-09
15		31.5769		3.35744e-08
16		26.1956		7.9341e-08
17		30.7049		2.60411e-08
18		30.2967		1.37529e-07
19		29.5153		2.87269e-08
20		32.4147		1.34939e-06
21		33.0034		5.71219e-07
22		30.2669		2.3078e-08
23		30.7373		1.51022e-07
24		32.4454		6.17337e-08
25		30.0412		5.34274e-07
26		33.7828		1.46313e-06
27		29.7048		2.25779e-09
28		31.0879		1.70768e-10
29		32.6705		6.11489e-07
30		33.4806		1.66863e-06
31		32.6097		1.01697e-07
32		30.2889		3.44432e-07
33		33.2195		5.11991e-07
34		29.6532		3.57509e-07
35		33.5455		1.00117e-06
36		32.8917		2.41585e-07
37		35.649		4.20843e-07
38		29.1268		7.98541e-08
39		30.2852		1.8119e-07
40		31.404		1.76939e-06
41		31.8847		3.54028e-09
42		32.0656		2.10504e-07
43		30.2247		6.58292e-09
44		28.4664		3.1194e-08
45		31.3911		4.8205e-08
46		30.6269		2.98599e-07
47		28.8318		3.50821e-07
48		36.5732		1.16156e-06
49		30.4728		1.99278e-06
50		31.6167		5.47503e-09
51		30.4696		9.34114e-08
52		30.9834		6.51343e-08
53		30.0649		2.12931e-07
54		30.8245		2.40801e-07
55		31.7816		2.27427e-07
56		29.5495		2.06886e-07
57		29.3744		2.8677e-08
58		29.2544		2.36917e-09
59		30.0735		8.84426e-11
60		29.8786		8.36521e-08
61		30.0545		1.20793e-07
62		31.6452		3.34771e-08
63		28.8133		1.94865e-06
64		29.831		2.41862e-08
65		30.6151		1.35391e-06
66		29.6166		2.13804e-07
67		28.1826		9.3121e-07
68		29.8228		1.44353e-07
69		30.1977		4.43293e-07
70		29.8425		4.23878e-10
71		31.0976		8.40309e-07
72		30.9481		6.14062e-07
73		31.046		5.32091e-07
74		30.3297		1.3599e-07
75		32.3126		3.01532e-07
76		32.154		3.50301e-07
77		30.0561		1.19704e-06
78		30.4421		7.05149e-08
79		32.1769		1.47217e-06
80		34.1932		5.49528e-10
81		31.3416		1.12515e-07
82		35.493		6.50405e-08
83		32.0004		6.8317e-08
84		34.649		2.80315e-07
85		28.7059		4.2277e-08
86		30.1124		6.92181e-07
87		30.5797		0
88		29.1021		2.72614e-09
89		31.6466		3.52038e-07
90		29.7427		5.27876e-07
91		32.7272		1.35876e-07
92		30.6058		2.32387e-06
93		31.5261		1.04871e-07
94		29.8395		1.16924e-06
95		30.5275		1.17496e-07
96		32.2986		5.74671e-08
97		30.7511		2.04875e-06
98		28.6401		2.38122e-09
99		29.3799		9.73961e-10
100		32.8176		8.6341e-08
101		30.7054		9.39908e-08
102		38.4259		2.24147e-06
103		29.7388		3.32999e-09
104		29.7126		8.45093e-08
105		27.4326		1.49044e-07
106		34.1056		7.27439e-07
107		30.4081		6.55097e-06
108		29.9344		4.90904e-07
109		29.1327		7.19521e-09
110		30.3402		3.08391e-07
111		32.2289		1.92245e-08
112		30.7527		5.10886e-10
113		30.8316		4.82402e-10
114		29.0741		2.69668e-07
115		34.2593		2.40358e-07
116		34.0762		6.09372e-07
117		35.1698		6.09383e-09
118		32.0422		3.66294e-08
119		33.2103		1.55854e-07
120		32.8497		9.82841e-07
121		29.8266		7.4452e-07
122		31.5673		2.37116e-07
123		33.5367		1.41864e-08
124		31.1363		7.44186e-09
125		35.2353		1.31111e-09
126		31.1671		7.82903e-07
127		34.8662		4.8326e-07
128		32.0997		3.21923e-08
129		30.1186		4.64687e-07
130		29.2741		1.06434e-06
131		32.6538		2.65583e-07
132		28.2734		6.88231e-09
133		29.4554		4.25775e-09
134		29.503		4.68292e-13
135		29.4683		2.69268e-08
136		28.9522		2.60111e-07
137		31.8537		1.68815e-07
138		31.0544		1.68976e-07
139		32.8646		1.66195e-07
140		30.0933		4.65672e-07
141		31.5421		5.48593e-06
142		35.1814		2.38227e-07
143		31.6275		5.33078e-07
144		35.4341		3.31612e-10
145		29.3247		2.16241e-07
146		31.7188		5.52438e-07
147		30.2234		1.62008e-07
148		29.62		6.2078e-08
149		28.946		1.40355e-06
150		30.8992		4.88206e-08
151		33.4556		2.31922e-05
152		36.5901		1.36936e-06
153		28.349		5.81382e-07
154		33.1618		2.35748e-06
155		33.2832		2.54458e-07
156		31.7661		1.25566e-07
157		29.1873		2.55944e-08
158		34.9289		3.15602e-06
159		30.0142		3.06189e-08
160		32.8903		1.21451e-09
161		31.0511		4.03951e-07
162		30.5199		2.47603e-07
163		33.3174		1.32298e-07
164		29.6116		6.23719e-08
165		29.5836		6.11578e-08
166		32.3694		3.18654e-07
167		29.4685		9.39112e-07
168		30.0045		4.58536e-10
169		32.3865		6.94121e-07
170		31.9568		8.90479e-07
171		31.4495		1.69668e-08
172		29.2355		6.35592e-08
173		29.7019		1.12401e-06
174		28.9938		7.19044e-08
175		31.8885		7.61785e-09
176		29.6997		3.32295e-07
177		34.4743		1.26665e-09
178		31.7175		1.68378e-07
179		30.7191		3.69541e-08
180		32.9431		2.06511e-08
181		31.0749		1.35274e-09
182		30.5185		1.36682e-07
183		31.8085		7.36495e-10
184		29.8192		9.22629e-07
185		32.5221		3.85368e-08
186		28.372		4.70034e-08
187		31.9417		3.43915e-07
188		30.6537		7.18759e-07
189		31.7775		9.17949e-09
190		31.7874		7.85837e-08
191		31.0052		7.1326e-07
192		31.2351		3.66093e-09
193		30.3123		3.90937e-12
194		28.9341		4.68414e-09
195		30.9025		1.59562e-08
196		30.3946		1.09111e-08
197		29.6972		1.15205e-06
198		33.9523		1.45664e-08
199		29.4164		2.62034e-07
200		30.712		5.82109e-07
201		33.3041		2.31005e-07
202		28.9777		5.12194e-09
203		28.8562		3.04055e-07
204		29.9247		5.2993e-07
205		29.5934		1.65642e-06
206		31.9785		6.24398e-09
207		31.3024		6.15395e-07
208		31.2049		1.05171e-08
209		32.0932		6.75238e-08
210		29.3013		8.07929e-08
211		28.2667		1.25241e-07
212		32.2755		3.48641e-08
213		32.8038		1.97021e-08
214		31.1023		2.74988e-07
215		34.2127		3.0409e-11
216		30.8251		1.99506e-08
217		31.1508		3.66025e-07
218		29.6186		4.52194e-09
219		29.9601		2.69046e-07
220		29.5708		3.65143e-07
221		32.1291		1.6179e-07
222		34.1155		4.59683e-07
223		32.2619		5.58972e-07
224		30.6142		2.43667e-07
225		27.7767		2.58867e-08
226		31.6396		1.13466e-07
227		31.9772		5.45345e-08
228		29.7136		2.82172e-07
229		29.7156		7.74004e-07
230		31.3468		7.81157e-07
231		27.3743		8.5186e-09
232		29.9216		7.58638e-07
233		35.705		7.11052e-07
234		28.9741		2.78635e-09
235		30.8458		5.45738e-07
236		30.12		4.39344e-07
237		32.4322		9.93199e-07
238		31.3483		5.57444e-10
239		33.9386		2.8148e-07
240		35.151		4.29676e-07
241		28.2204		1.33618e-07
242		38.6345		3.51279e-10
243		27.7601		5.96802e-07
244		32.4626		2.06492e-07
245		30.6909		2.05859e-07
246		33.6378		2.29619e-06
247		28.3973		2.0382e-07
248		31.5661		3.71138e-07
249		35.7165		2.28135e-06
250		34.2498		3.90929e-08
251		33.0887		3.22746e-06
252		30.2274		8.62656e-10
253		29.409		1.14725e-07
254		32.316		4.83362e-08
255		27.8992		3.12093e-10
256		30.3336		1.26664e-07
257		29.8925		6.3435e-07
258		30.4309		1.85875e-07
259		31.8845		6.9251e-07
260		29.8275		8.4623e-07
261		31.1684		4.2691e-08
262		28.6072		3.62134e-08
263		30.5644		1.30028e-06
264		30.6489		3.661e-09
265		31.3192		2.79155e-06
266		31.5481		2.66421e-07
267		31.649		9.40633e-07
268		30.987		1.87687e-07
269		29.7066		2.2312e-08
270		32.7842		3.35602e-07
271		31.9949		1.76452e-07
272		28.5818		7.22877e-07
273		29.543		1.04076e-07
274		31.0592		3.5652e-08
275		32.8808		5.19126e-09
276		31.2605		5.42479e-08
277		30.6396		1.14662e-08
278		35.2927		8.70855e-07
279		30.075		2.71303e-08
280		29.3882		2.07179e-08
281		35.0431		4.3749e-07
282		29.3684		4.27636e-08
283		30.4822		9.87988e-10
284		27.6499		3.3172e-08
285		29.288		2.26434e-07
286		31.0143		1.64901e-06
287		33.7655		1.35078e-07
288		33.8294		5.83637e-08
289		30.5628		3.50917e-08
290		32.296		5.72697e-07
291		30.0951		4.82645e-07
292		30.5339		1.76751e-07
293		32.2449		4.0093e-07
294		29.2958		7.92717e-07
295		30.0008		2.63279e-10
296		32.4556		2.16395e-07
297		29.3652		2.29449e-08
298		31.7481		3.58665e-07
299		31.9971		1.71462e-07
300		32.6423		6.89601e-10
301		28.0782		4.54186e-07
302		30.6667		6.57634e-07
303		30.8713		1.59812e-06
304		32.2469		1.26987e-06
305		31.8941		3.08085e-07
306		31.7008		9.9524e-07
307		32.8012		1.02343e-06
308		29.1424		6.43812e-08
309		28.2477		3.3411e-07
310		28.6557		1.39436e-06
311		29.1985		1.01516e-08
312		31.3229		1.29413e-06
313		28.3951		3.5573e-07
314		30.8069		7.06242e-08
315		27.9917		2.81326e-08
316		30.9571		2.992e-06
317		31.6031		4.53743e-08
318		30.5968		8.47984e-10
319		30.6855		8.35555e-08
320		29.8716		6.39358e-07
321		30.7062		5.79187e-08
322		34.2029		1.1683e-07
323		30.9947		1.34858e-06
324		29.327		4.92017e-07
325		31.0314		2.85187e-06
326		31.2537		7.81488e-09
327		29.7218		1.70767e-07
328		29.7767		4.16905e-08
329		28.9185		6.95678e-08
330		33.6572		1.15081e-09
331		29.157		2.71836e-08
332		36.1044		4.34853e-08
333		29.416		4.97949e-07
334		31.0353		5.54575e-09
335		28.9073		1.55578e-07
336		30.2823		3.92602e-08
337		34.0922		1.30658e-07
338		29.6254		3.91176e-07
339		31.6393		2.69397e-08
340		29.4898		3.02963e-06
341		27.7289		3.06263e-07
342		30.4317		1.59441e-08
343		29.7635		2.60139e-06
344		33.1075		5.57404e-07
345		28.2773		5.2448e-09
346		26.2969		4.48856e-08
347		31.9382		1.563e-09
348		30.7029		4.50729e-08
349		30.4903		1.72441e-06
350		30.5245		9.72473e-08
351		31.4307		4.3928e-08
352		31.13		3.1452e-08
353		34.727		6.02385e-08
354		35.7701		2.48399e-07
355		29.2869		4.74529e-07
356		33.8386		9.97661e-07
357		31.9889		5.55103e-09
358		27.7625		3.62609e-08
359		29.0304		5.54095e-07
360		32.4522		3.20338e-08
361		32.0955		6.02024e-08
362		31.9035		1.6681e-07
363		28.4454		5.47141e-08
364		32.1162		2.44601e-08
365		31.4666		1.25591e-07
366		33.1463		1.19212e-06
367		29.1905		3.21501e-08
368		32.5141		9.49754e-07
369		32.0713		5.99843e-08
370		30.9506		9.40582e-08
371		32.3988		1.73258e-07
372		29.9212		3.1594e-08
373		34.4618		1.02309e-09
374		30.3667		4.10789e-08
375		28.6196		9.33134e-08
376		28.9443		5.23729e-07
377		32.3751		6.45858e-08
378		32.6907		9.10796e-08
379		29.5544		5.02037e-07
380		28.8111		8.88221e-08
381		33.8759		1.12553e-07
382		29.2592		7.75515e-08
383		31.4159		5.02532e-07
384		34.5992		3.81235e-07
385		29.0846		5.84364e-08
386		31.7633		9.04006e-09
387		29.8538		4.44142e-07
388		30.83		1.68388e-09
389		30.647		1.66007e-07
390		34.0884		3.21694e-09
391		36.3249		2.90413e-07
392		30.1259		1.26106e-08
393		34.45		1.72042e-07
394		32.1791		6.07571e-10
395		29.3432		1.58535e-08
396		35.6775		2.70423e-06
397		29.3964		3.33417e-07
398		29.3633		5.91965e-07
399		30.5989		1.53625e-07
400		35.4316		6.66501e-07
401		33.0751		5.02321e-07
402		34.2781		1.79731e-06
403		29.114		1.22074e-07
404		30.1223		2.86845e-07
405		30.067		5.43956e-07
406		36.1515		3.10974e-06
407		30.4856		1.79413e-08
408		31.824		9.29316e-07
409		32.2951		1.03463e-07
410		28.3876		3.1877e-07
411		30.3091		2.85498e-06
412		32.8506		5.74001e-07
413		31.0678		6.34277e-07
414		31.1522		3.79501e-07
415		29.5111		1.22874e-07
416		30.2018		6.59652e-07
417		35.9642		2.89459e-08
418		33.6433		4.11334e-07
419		29.2905		2.99765e-07
420		34.0165		1.67675e-06
421		29.7067		5.99076e-08
422		29.1778		9.87385e-09
423		29.6749		7.83466e-07
424		31.7176		1.96754e-08
425		32.7636		1.70513e-07
426		32.4087		4.63981e-07
427		29.7336		6.68771e-09
428		31.6823		3.89508e-07
429		29.8447		4.27263e-07
430		29.1439		4.1104e-08
431		27.9973		6.9163e-08
432		30.8954		8.10933e-09
433		32.3599		1.58001e-06
434		28.1869		3.9233e-11
435		30.6647		8.08667e-07
436		32.4289		8.1877e-07
437		29.3478		1.3006e-08
438		31.2321		4.49624e-07
439		34.7113		1.54615e-06
440		33.2585		4.47265e-06
441		35.103		2.86643e-08
442		29.8279		2.30994e-07
443		28.7505		2.0251e-08
444		29.653		6.44709e-09
445		33.2486		5.58366e-08
446		29.6919		2.2914e-07
447		28.0927		5.56224e-07
448		30.9118		6.56577e-09
449		29.8349		3.99022e-08
450		28.125		1.58546e-07
451		29.0932		1.39965e-07
452		31.7852		1.13292e-07
453		31.2188		5.75887e-07
454		29.574		6.95698e-09
455		31.9525		7.11821e-08
456		38.5324		1.14411e-06
457		30.0937		5.14604e-10
458		29.1114		4.44752e-09
459		32.9207		3.66596e-07
460		37.2986		9.55101e-08
461		31.7298		2.43259e-07
462		32.1354		2.78907e-08
463		29.4453		3.55754e-09
464		32.852		9.08292e-08
465		30.2288		6.96434e-08
466		33.4129		1.88504e-07
467		31.7025		6.63742e-07
468		28.1875		2.2234e-07
469		30.8796		3.58224e-07
470		30.0785		7.19118e-07
471		33.0639		2.5844e-09
472		30.4884		6.53489e-08
473		32.3897		1.86587e-07
474		35.3636		7.4462e-08
475		28.5466		2.61857e-07
476		32.5382		1.85788e-08
477		30.9553		2.67038e-07
478		30.293		2.5543e-07
479		29.1215		5.74222e-07
480		34.2128		3.14436e-08
481		29.1403		4.57302e-08
482		30.7421		1.35375e-07
483		30.5138		7.76531e-07
484		31.8066		1.70743e-06
485		29.1509		1.2059e-07
486		32.6621		6.90933e-09
487		30.3381		1.28979e-08
488		32.5414		2.73448e-07
489		34.627		8.79531e-08
490		34.5368		1.36236e-07
491		30.6862		3.52498e-08
492		29.4743		1.58609e-08
493		37.3473		2.60984e-06
494		33.0758		2.89682e-07
495		33.233		3.57906e-07
496		31.8702		4.81914e-06
497		29.5123		1.1699e-09
498		28.1861		1.74623e-07
499		31.5873		1.22347e-06
500		28.8807		4.5267e-07
