1		146.009		17.8523		124.632		70.6835		53.6131		0.623406		958.158		59.6821		41.8298		64.9497
1		146.33		18.0326		125.062		70.9698		53.7131		0.00355128		734.641		59.9911		41.9586		65.0711
2		144.923		17.6723		123.779		70.0696		53.1719		8.92957e-08		588.383		59.1358		41.4634		64.6435
3		144.969		17.5953		123.695		70.0215		53.2146		0.19198		1048.89		59.061		41.4657		64.6338
4		145.824		17.8629		124.27		70.5457		53.4748		0.00276885		643.08		59.6779		41.8149		64.5917
5		147.475		17.9902		125.822		71.2398		54.0731		0.198154		647.557		60.0331		42.043		65.7889
6		146.297		18.1069		125.073		70.9747		53.6969		0.751315		1349.62		60.0745		41.9675		64.9985
7		145.084		17.6265		123.717		70.1188		53.2677		0.000164224		920.941		59.1428		41.5163		64.5737
8		145.673		17.7313		124.238		70.4649		53.4978		0.00508333		512.122		59.4025		41.6713		64.8359
9		148.138		18.0383		126.321		71.6075		54.2756		0.000799334		704.963		60.455		42.4167		65.8662
10		146.066		17.7921		124.724		70.5806		53.6053		3.90729e-05		1143.17		59.4988		41.7066		65.2255
11		146.118		17.8386		124.802		70.684		53.6103		0.00413585		537.256		59.6704		41.8318		65.1313
12		145.309		17.7342		124.008		70.3501		53.2811		0.0119033		862.895		59.4694		41.7352		64.5388
13		144.91		17.7186		123.689		70.1102		53.1175		0.476125		710.64		59.2014		41.4827		64.4879
14		146.058		17.7687		124.649		70.5923		53.5671		0.00155668		732.654		59.6135		41.8448		65.0356
15		146.766		17.9291		125.254		70.9089		53.7585		0.169562		901.04		59.8496		41.9204		65.404
16		145.66		17.7677		124.178		70.3958		53.4113		0.000901676		627.288		59.3857		41.618		64.792
17		146.271		17.9079		124.743		70.7166		53.6298		0.00131325		652.857		59.6787		41.7708		65.0645
18		145.17		17.5735		123.817		70.0931		53.4322		0.00090023		1000.9		58.9792		41.4056		64.838
19		146.517		17.9514		125.028		70.9695		53.7964		0.00226757		590.679		59.9159		41.9645		65.1121
20		145.788		17.8563		124.555		70.6107		53.5021		0.730248		1225.73		59.5994		41.7431		64.9559
21		145.318		17.8021		124.064		70.3482		53.2927		0.0618883		1176.48		59.3858		41.5836		64.6785
22		145.213		17.7598		124.133		70.3286		53.2344		9.75186e-05		563.169		59.5094		41.7496		64.6235
23		145.71		17.8865		124.357		70.5577		53.3694		0.412925		665.362		59.6503		41.7638		64.7071
24		146.022		17.8055		124.418		70.6309		53.5687		0.000487381		130.168		59.6558		41.8504		64.7619
25		146.208		17.8791		124.841		70.8023		53.7192		0.277293		592.649		59.8111		41.932		65.0301
26		145.853		17.7642		124.541		70.4737		53.4524		0.000125095		887.953		59.4531		41.6889		65.0874
27		145.298		17.7753		124.028		70.3162		53.3179		0.346087		503.708		59.3506		41.5753		64.6777
28		145.971		17.8277		124.584		70.596		53.5815		0.000485948		678.025		59.5778		41.7501		65.0067
29		146.81		17.9922		125.364		71.0641		53.884		0.000354103		567.748		60.0097		42.0176		65.3542
30		144.68		17.5202		123.329		69.8006		53.1245		0.000478801		1129.68		58.8761		41.3559		64.4528
31		145.518		17.7065		124.165		70.2966		53.4286		0.000476903		611.228		59.3056		41.5991		64.8597
32		144.896		17.7439		123.523		70.1099		53.1022		0.216956		616.603		59.2701		41.5263		64.2533
33		145.113		17.733		123.817		70.2668		53.2256		0.00711687		567.327		59.4075		41.6745		64.4096
34		146.006		17.8298		124.585		70.5834		53.5741		0.000321123		641.751		59.5462		41.7164		65.0385
35		146.298		17.8999		125.048		70.8024		53.6201		1.39272		920.684		59.7061		41.8063		65.3419
36		145.154		17.6224		123.574		70.0802		53.2934		0.000453011		1031.99		59.1322		41.5098		64.4416
37		145.281		17.766		123.968		70.3176		53.3458		0.00242927		589.038		59.3392		41.5732		64.6289
38		145.7		17.7938		124.335		70.4146		53.3869		0.000303947		1054.84		59.4494		41.6556		64.8855
39		145.541		17.7973		124.376		70.4951		53.4493		0.0002257		852.012		59.4913		41.6939		64.8848
40		146.211		18.0251		125.008		70.9496		53.5933		1.64696		829.332		59.9954		41.9704		65.0127
41		146.776		17.9026		125.398		71.0256		53.7968		0.707296		1076.86		60.0693		42.1667		65.3287
42		145.608		17.7881		124.173		70.3707		53.4359		0.0035673		582.652		59.3265		41.5384		64.8463
43		146.332		17.994		124.91		70.8627		53.6036		1.82137		947.999		59.9252		41.9312		64.9846
44		144.842		17.7624		123.676		70.0861		53.0797		1.23933e-05		670.525		59.3281		41.5657		64.3478
45		145.487		17.6996		124.072		70.3157		53.4416		0.0718448		935.342		59.2545		41.5549		64.8178
46		146.779		17.843		125.122		70.8949		53.7964		0.457755		813.155		59.8114		41.9684		65.3107
47		145.439		17.7742		124.012		70.3656		53.4268		0.00545809		699.028		59.383		41.6089		64.6286
48		145.771		17.8774		124.314		70.6135		53.5079		0.0029144		702.606		59.7696		41.8922		64.5444
49		146.103		17.8684		124.604		70.6439		53.556		0.00236136		1042.05		59.7135		41.8452		64.8909
50		146.358		17.989		124.775		70.7749		53.6499		0.426268		758.793		59.658		41.669		65.1174
51		147.462		18.2449		126.127		71.5931		53.9802		1.59841		1032.71		60.6591		42.4143		65.4676
52		145.719		17.7479		124.199		70.5182		53.5215		0.000331245		595.372		59.5079		41.76		64.6916
53		147.735		18.1214		126.152		71.542		54.1478		0.617597		1129.84		60.4885		42.3671		65.6639
54		145.599		17.7583		124.168		70.3213		53.4165		0.00137582		917.628		59.1891		41.4308		64.9791
55		146.815		17.958		125.194		71.0296		53.8659		0.0272934		700.061		59.9603		42.0024		65.2341
56		145.4		17.7472		124.104		70.3448		53.3823		0.00063335		924.89		59.42		41.6728		64.6841
57		145.661		17.7415		124.398		70.4435		53.4265		0.498621		1137.87		59.433		41.6915		64.9652
58		146.041		18.0166		124.828		70.8588		53.5864		0.794918		1022.92		59.9189		41.9023		64.9094
59		145.968		17.8352		124.571		70.6522		53.6333		0.000512765		1018.22		59.6995		41.8643		64.8718
60		145.339		17.8407		124.057		70.396		53.2993		0.225564		508.121		59.4829		41.6422		64.5739
61		145.868		17.8575		124.546		70.6824		53.6329		0.562162		988.226		59.7206		41.8631		64.8254
62		144.715		17.6424		123.511		69.9543		53.1214		1.09509e-05		610.931		59.017		41.3746		64.4938
63		145.809		17.9204		124.47		70.6183		53.5172		0.74223		1109.74		59.6305		41.7101		64.8392
64		146.261		17.6406		124.57		70.478		53.6896		0.000162282		1078.32		59.436		41.7954		65.1338
65		145.73		17.8785		124.373		70.5267		53.3531		0.250382		872.868		59.5793		41.7008		64.7939
66		146.208		17.8714		124.723		70.7669		53.6681		0.00208488		1070.13		59.8286		41.9573		64.8945
67		146.097		17.9057		124.903		70.8258		53.6577		0.0139477		869.02		59.8304		41.9247		65.0726
68		145.43		17.8614		124.124		70.404		53.357		0.00015301		550.655		59.4811		41.6197		64.6427
69		145.73		17.7945		124.231		70.5246		53.567		0.000208914		576.304		59.5102		41.7157		64.7211
70		145.857		17.7919		124.415		70.5909		53.491		0.00241902		509.188		59.6414		41.8495		64.7738
71		146.427		17.9703		124.989		70.8628		53.652		0.000213749		673.805		59.8094		41.8391		65.1798
72		145.507		17.7473		123.955		70.2308		53.3152		0.00263592		1247.15		59.3175		41.5701		64.6379
73		146.629		17.831		125.068		70.7971		53.747		0.194705		763.92		59.6826		41.8517		65.3851
74		146.627		17.994		125.164		71.0251		53.7242		0.74071		999.172		60.0044		42.0103		65.1598
75		145.806		17.9142		124.422		70.6093		53.4445		0.0366689		955.094		59.6563		41.7421		64.7655
76		147.24		18.1201		125.757		71.3289		53.9585		1.03499		1015		60.2153		42.0952		65.5414
77		146.158		17.866		124.686		70.6794		53.5919		0.213878		552.302		59.7288		41.8628		64.9572
78		144.953		17.7022		123.784		70.2073		53.2314		0.00103157		611.672		59.3649		41.6627		64.4192
79		144.94		17.6015		123.605		70.0762		53.247		1.04884e-05		966.207		59.0932		41.4917		64.5114
80		146.419		17.8066		124.954		70.7297		53.7086		0.0633086		1088.84		59.6595		41.8529		65.2949
81		145.255		17.6379		123.808		70.153		53.3517		0.000728755		1144.43		59.1685		41.5306		64.6393
82		144.646		17.5889		123.264		69.8106		52.994		2.55602e-05		983.625		58.9176		41.3287		64.3461
83		146.604		17.9114		124.996		70.8467		53.7883		0.201716		578.308		59.747		41.8356		65.2488
84		145.371		17.8355		124.297		70.5188		53.373		0.910083		1096.74		59.6912		41.8556		64.6057
85		145.62		17.7762		124.151		70.3788		53.3173		0.379582		700.113		59.4917		41.7155		64.6594
86		146.454		17.8566		124.935		70.7965		53.8048		0.00173782		497.871		59.6101		41.7535		65.3254
87		144.415		17.6137		123.537		69.967		53.0743		0.434655		967.608		59.0741		41.4604		64.4631
88		146.113		17.9476		124.759		70.7195		53.5064		0.438059		880.371		59.7772		41.8296		64.9816
89		145.487		17.7626		123.95		70.3229		53.4346		0.000353573		1077.16		59.295		41.5324		64.6545
90		145.548		17.7438		124.265		70.4276		53.2749		0.227782		538.426		59.6579		41.9141		64.6067
91		146.489		18.0378		125.219		71.0993		53.7029		0.822332		867.859		60.1593		42.1215		65.0596
92		146.104		17.9735		124.786		70.7444		53.543		0.689369		1162.07		59.7602		41.7868		65.0253
93		145.939		17.764		124.498		70.5408		53.5208		0.238986		552.05		59.5794		41.8154		64.919
94		146.302		17.9088		124.944		70.795		53.6113		0.427169		855.607		59.8529		41.9441		65.091
95		146.113		17.8522		124.668		70.656		53.5445		0.800871		1159.34		59.6675		41.8153		65.0009
96		146.24		17.8363		124.873		70.796		53.6595		0.198696		865.461		59.8503		42.014		65.0225
97		146.656		18.0182		125.077		71.0726		53.8343		0.000592717		643.828		60.0285		42.0103		65.0482
98		145.182		17.7266		123.753		70.2724		53.2797		0.000797143		521.506		59.3707		41.6441		64.3827
99		144.776		17.5899		123.431		69.9709		53.2277		4.57034e-05		684.474		59.0167		41.4268		64.4141
100		145.077		17.743		123.773		70.1559		53.2269		0.00166728		718.741		59.181		41.438		64.5918
101		146.583		17.9175		125.155		70.8868		53.6373		0.171347		1054.35		59.9248		42.0073		65.2304
102		145.709		17.7812		124.475		70.4855		53.4486		0.821495		1197.3		59.4897		41.7085		64.9857
103		146.795		18.0191		125.375		71.1827		53.861		1.48221		899.75		60.1485		42.1294		65.2264
104		144.999		17.7693		123.752		70.1103		53.1016		0.180946		618.13		59.2416		41.4723		64.5109
105		144.999		17.6631		123.715		70.0745		53.239		0.000429392		1027.85		59.1909		41.5277		64.5239
106		145.718		17.9059		124.459		70.6306		53.4473		0.590947		989.038		59.7451		41.8392		64.7138
107		145.805		17.8524		124.508		70.6277		53.4668		0.770188		1124.59		59.7664		41.9139		64.7417
108		146.219		17.835		124.673		70.661		53.698		0.00115659		1152.53		59.6164		41.7815		65.0562
109		146.493		18.0429		125.216		71.0115		53.7072		1.39664		875.831		60.0242		41.9812		65.1921
110		146.743		17.9643		125.404		71.1969		53.8854		1.25397		937.642		60.2122		42.2479		65.1922
111		145.69		17.781		124.264		70.4967		53.4164		8.2463e-08		477.001		59.5355		41.7546		64.7281
112		146.177		17.8266		124.72		70.659		53.5383		0.090342		1007.61		59.662		41.8354		65.0578
113		144.818		17.7009		123.806		70.1506		53.1517		0.000376857		1178.15		59.3279		41.627		64.4783
114		145.413		17.7717		124.185		70.4271		53.4141		0.0532642		893.317		59.4949		41.7232		64.6906
115		145.462		17.7443		124.096		70.4031		53.3507		0.000114407		613.656		59.5519		41.8076		64.5441
116		146.902		18.0919		125.418		71.1845		53.8514		0.254009		551.8		60.257		42.1651		65.1613
117		146.025		17.8992		124.64		70.721		53.5675		0.0263386		1050.2		59.7812		41.882		64.8589
118		144.714		17.6048		123.435		69.9003		53.1151		2.04931e-05		1019.99		58.9924		41.3876		64.4426
119		145.859		17.7272		124.339		70.4616		53.5512		0.0397701		1226.41		59.4962		41.769		64.8429
120		147.053		17.9656		125.606		71.2404		53.9564		0.663474		1040.44		60.2776		42.3119		65.328
121		147.638		18.122		126.024		71.4404		54.0638		1.12698		1071.06		60.4465		42.3245		65.5775
122		145.983		17.7897		124.516		70.5686		53.5619		0.000444636		954.121		59.4663		41.6766		65.0495
123		146.029		17.8717		124.665		70.7498		53.6381		0.29702		639.697		59.8526		41.9809		64.8122
124		146.178		17.8506		124.771		70.6815		53.5483		3.38957e-06		662.833		59.7025		41.8519		65.0683
125		144.652		17.6464		123.581		70.0237		53.1096		0.000513234		967.805		59.2134		41.567		64.3672
126		146.002		17.9231		124.748		70.6917		53.4581		0.768328		1186.07		59.7607		41.8377		64.9874
127		145.479		17.7527		124.248		70.3678		53.3578		0.000519201		1032.53		59.34		41.5874		64.908
128		146.071		17.8252		124.712		70.6512		53.5514		0.298985		1084.77		59.7321		41.907		64.9797
129		144.534		17.5407		123.358		69.7867		53.0946		0.000386133		1074.29		58.7682		41.2275		64.5899
130		143.836		17.5317		122.636		69.6277		52.8472		0.0206949		923.353		58.8653		41.3335		63.7709
131		146.579		17.9123		125.048		70.9566		53.7274		0.57465		973.218		59.965		42.0527		65.0825
132		145.675		17.8562		124.35		70.5234		53.4442		0.0507692		1150.95		59.6215		41.7653		64.7287
133		145.804		17.7611		124.579		70.4954		53.4291		0.00442107		614.311		59.49		41.7288		65.089
134		145.653		17.7366		124.399		70.4439		53.4505		0.0198816		1105.35		59.5241		41.7876		64.8746
135		145.837		17.8911		124.489		70.6102		53.4429		1.47703		1091.53		59.7446		41.8535		64.7447
136		145.195		17.7786		123.778		70.2867		53.2792		0.136613		875.697		59.3584		41.5798		64.4198
137		145.924		17.821		124.556		70.5425		53.4902		0.0121045		630.526		59.5927		41.7718		64.9628
138		147.073		17.9998		125.398		71.1217		53.9322		0.444434		794.703		60.0543		42.0545		65.3436
139		146.928		18.0137		125.518		71.1651		53.8656		0.000258218		728.16		60.178		42.1643		65.3403
140		145.117		17.6865		123.829		70.2674		53.3102		0.406028		950.206		59.3425		41.656		64.4867
141		146.009		17.899		124.748		70.7977		53.6242		0.607395		1001.82		59.8676		41.9685		64.8804
142		145.217		17.7436		124.06		70.2613		53.2647		0.268032		571.572		59.3368		41.5932		64.7232
143		145.171		17.7847		123.765		70.2698		53.3033		0.24482		583.412		59.3491		41.5644		64.4159
144		145.707		17.7191		124.181		70.4624		53.5368		2.08981e-05		1033.83		59.471		41.7519		64.7101
145		146.154		17.8497		124.728		70.6887		53.585		0.616211		1224.6		59.7392		41.8895		64.9885
146		145.904		17.7441		124.459		70.5208		53.5929		0.000183505		886.449		59.4353		41.6912		65.0233
147		145.847		17.7309		124.5		70.5422		53.5481		4.39464e-05		958.59		59.495		41.7641		65.0053
148		145.924		17.9103		124.624		70.6204		53.4088		0.413901		922.291		59.709		41.7988		64.9153
149		144.919		17.527		123.476		69.8662		53.2315		0.000458355		1075.67		58.8739		41.3469		64.6017
150		146.09		17.7841		124.49		70.6601		53.7002		0.00123032		648.351		59.5838		41.7997		64.9059
151		145.942		17.8272		124.6		70.6329		53.544		0.5729		1043.93		59.6738		41.8465		64.926
152		146.982		18.1017		125.66		71.3995		53.8625		1.87601		802.35		60.5428		42.4411		65.1173
153		146.073		17.8338		124.629		70.7477		53.5625		4.92725e-05		479.955		59.8226		41.9888		64.8066
154		145.821		17.9159		124.398		70.5657		53.4549		0.383732		482.196		59.542		41.6261		64.8561
155		145.529		17.7269		124.277		70.3653		53.4458		0.153313		668.224		59.4928		41.7659		64.7844
156		145.282		17.7354		123.82		70.1695		53.2743		0.00156058		893.916		59.244		41.5086		64.5759
157		144.9		17.7403		123.565		70.1489		53.1984		0.000204489		757.043		59.2259		41.4856		64.3391
158		146.221		17.8607		124.646		70.6678		53.6482		0.000843362		1067.09		59.751		41.8903		64.8954
159		146.611		17.9631		125.078		71.027		53.8726		4.49641e-05		683.992		60.0146		42.0515		65.0634
160		145.123		17.6453		123.867		70.1174		53.3128		0.000362489		982.226		59.0536		41.4083		64.8131
161		145.972		17.8415		124.554		70.6818		53.5179		0.191449		609.606		59.7355		41.894		64.8182
162		145.175		17.7844		123.892		70.2782		53.2575		0.134627		786.08		59.3443		41.5598		64.5479
163		146.615		17.916		125.033		70.8286		53.7453		0.0359999		924.323		59.7697		41.8538		65.2632
164		146.804		17.8714		125.323		70.9824		53.8742		0.000319049		555.843		59.9817		42.1103		65.3417
165		146.287		17.8116		124.826		70.7491		53.7065		0.0670107		973.553		59.6614		41.8498		65.1647
166		145.918		17.9219		124.518		70.589		53.4316		0.373732		677.923		59.6283		41.7064		64.8897
167		145.346		17.6886		124.138		70.3197		53.3044		1.11465e-06		793.269		59.49		41.8013		64.6479
168		145.478		17.8319		124.281		70.4899		53.4102		0.193964		910.2		59.5559		41.724		64.7246
169		146.757		17.8864		125.163		70.8657		53.7256		0.848354		1272.94		59.9367		42.0503		65.2265
170		145.944		17.8654		124.375		70.6281		53.5008		0.699618		987.657		59.7055		41.8401		64.6696
171		145.889		17.8249		124.522		70.6808		53.5978		5.76736e-05		569.36		59.6856		41.8607		64.8369
172		146.263		17.6603		124.506		70.5767		53.6088		0.00018684		443.908		59.5532		41.8928		64.9532
173		144.899		17.7433		123.59		70.2017		53.2497		0.0114368		538.764		59.3257		41.5824		64.2644
174		146.288		18.0467		124.9		70.8235		53.5179		0.625695		1056.27		59.8618		41.8151		65.0384
175		145.744		17.8493		124.44		70.5989		53.4456		0.810057		1100.3		59.7668		41.9175		64.6729
176		144.954		17.7743		123.691		70.1194		53.1445		0.00997047		858.747		59.188		41.4138		64.5025
177		144.217		17.5204		123.001		69.6966		52.9536		0.0030755		592.449		58.9052		41.3848		64.0957
178		146.127		17.8728		124.674		70.8081		53.6478		0.00534071		529.07		59.8938		42.021		64.7798
179		146.701		17.9565		125.131		70.9894		53.7997		0.556838		908.475		59.9471		41.9906		65.1841
180		146.593		17.8887		124.892		70.744		53.6885		0.00114384		1021.23		59.7026		41.814		65.1891
181		145.248		17.6435		123.817		70.2114		53.3476		0.000253755		631.62		59.199		41.5555		64.6175
182		146.067		17.8757		124.836		70.7931		53.5845		1.23373		939.759		59.8092		41.9335		65.0271
183		145.421		17.6948		123.965		70.1601		53.3547		7.22697e-05		1086.45		59.0792		41.3844		64.8859
184		144.038		17.4934		122.827		69.5844		52.897		4.81253e-05		1032.23		58.6874		41.194		64.1393
185		145.81		17.8279		124.305		70.6014		53.4447		0.45361		684.937		59.6985		41.8706		64.6062
186		146.375		18.0152		125.263		71.052		53.7307		1.1672		1129.4		60.082		42.0668		65.1807
187		145.04		17.7018		123.6		70.097		53.2496		0.000233208		929.514		59.1578		41.456		64.4423
188		144.53		17.5835		123.269		69.8789		53.0742		2.67441e-06		841.402		58.9794		41.3959		64.2891
189		145.649		17.7591		124.173		70.3699		53.4535		4.42949e-07		899.44		59.4539		41.6948		64.7196
190		145.587		17.7631		124.225		70.4423		53.4425		0.475345		785.581		59.4272		41.6641		64.7979
191		145.76		17.7643		124.555		70.5817		53.4577		0.180884		638.036		59.6226		41.8583		64.9323
192		146.307		17.9377		124.844		70.764		53.6248		0.455022		1018.5		59.759		41.8212		65.0848
193		145.856		17.8464		124.546		70.4939		53.4337		0.000360048		638.71		59.4503		41.6039		65.0957
194		145.116		17.6777		123.822		70.3085		53.3318		0.146993		815.244		59.4019		41.7242		64.4203
195		145.721		17.9059		124.432		70.6093		53.4782		0.0167542		928.623		59.6906		41.7847		64.7412
196		146.806		18.0234		125.4		71.0909		53.7895		0.776257		1231.27		60.0987		42.0753		65.3017
197		144.989		17.6728		123.685		70.109		53.1851		0.700179		845.404		59.1667		41.4939		64.518
198		146.539		17.9145		125.05		70.8518		53.7213		0.00143741		649.302		59.8465		41.9321		65.2034
199		145.891		17.877		124.737		70.7101		53.5253		0.407985		896.858		59.8282		41.9512		64.9091
200		144.962		17.7376		123.699		70.0978		53.203		0.00149565		628.923		59.0376		41.3		64.6615
201		145.584		17.8691		124.395		70.5265		53.3685		0.742814		1040.33		59.6035		41.7344		64.7912
202		145.897		17.8813		124.511		70.6946		53.4656		1.41186		959.344		59.7517		41.8704		64.7589
203		145.072		17.6887		123.793		70.1945		53.2126		0.000454994		676.891		59.2841		41.5954		64.5091
204		144.771		17.6913		123.639		70.0872		53.2104		0.000135959		712.174		59.1705		41.4792		64.4682
205		144.756		17.6128		123.505		70.0831		53.1661		0.000551433		887.301		59.1807		41.5678		64.3239
206		145.934		17.7369		124.472		70.5144		53.5452		0.00222643		717.945		59.5422		41.8053		64.9294
207		145.167		17.7252		123.985		70.205		53.2536		0.000141325		635.291		59.3187		41.5935		64.6665
208		146.252		17.9208		124.791		70.7783		53.6321		0.00267426		911.477		59.8546		41.9338		64.9366
209		145.463		17.6794		124.064		70.2702		53.3543		0.00111634		945.071		59.3337		41.6542		64.7302
210		147.81		18.1848		126.229		71.6597		54.1391		1.71429		943.486		60.7258		42.541		65.5035
211		145.111		17.6496		123.966		70.1194		53.1955		0.00773402		585.31		59.1625		41.5129		64.8035
212		145.994		17.7774		124.497		70.5412		53.5381		0.424047		790.543		59.5601		41.7826		64.9374
213		145.773		17.7545		124.485		70.6331		53.6049		5.49223e-05		533.835		59.6991		41.9446		64.7857
214		144.69		17.6691		123.284		69.9946		53.0997		0.0458137		1111.84		59.1268		41.4577		64.1575
215		146.225		17.8368		124.873		70.6482		53.5889		0.00467789		599.412		59.4916		41.6548		65.3811
216		145.238		17.544		123.84		70.0407		53.323		5.66953e-05		1145.29		59.0096		41.4657		64.8305
217		145.428		17.7033		124.181		70.3148		53.3853		0.00480971		593.17		59.3		41.5967		64.8808
218		144.427		17.5089		123.111		69.6471		52.9403		1.61646e-06		1108.55		58.699		41.1901		64.4124
219		146.235		17.8967		124.862		70.7748		53.6295		0.509859		871.942		59.7578		41.8611		65.1039
220		147.132		18.0452		125.487		71.1417		53.906		1.3677		1051.35		60.0368		41.9916		65.4504
221		145.759		17.8962		124.357		70.653		53.5918		0.0151661		579.47		59.7384		41.8422		64.6182
222		144.323		17.544		123.196		69.7157		52.9547		0.00181216		621.701		58.8692		41.3252		64.3265
223		145.549		17.8567		124.432		70.539		53.3739		0.551471		1125.79		59.6021		41.7454		64.8298
224		147.041		17.9859		125.557		71.1398		53.8926		0.189259		712.832		60.1472		42.1613		65.41
225		146.111		17.8653		124.591		70.5965		53.6724		9.98554e-07		918.944		59.382		41.5166		65.2093
226		145.709		17.8059		124.363		70.4846		53.4873		0.0417264		874.623		59.4667		41.6608		64.8964
227		145.251		17.6029		123.971		70.1075		53.3341		2.62003e-09		886		58.9926		41.3897		64.9786
228		145.495		17.9088		124.194		70.55		53.3875		1.16173		1001.67		59.6626		41.7539		64.5311
229		146.182		17.8726		124.844		70.7831		53.6749		0.0296062		785.346		59.7675		41.8949		65.0761
230		144.785		17.774		123.686		70.0607		53.0824		5.47951e-06		645.856		59.081		41.307		64.6054
231		146.971		18.0223		125.564		71.1443		53.8271		0.726815		1307.56		60.3248		42.3026		65.2393
232		146.023		17.8616		124.546		70.7056		53.5989		2.42153e-06		537.317		59.7043		41.8427		64.8419
233		147.501		18.0618		125.694		71.3928		54.0585		1.2435		1134.86		60.4137		42.3519		65.2799
234		144.798		17.5501		123.568		69.9363		53.1185		0.00153133		743.099		59.027		41.4769		64.5406
235		146.47		17.9418		124.977		70.8906		53.7418		0.428117		762.553		59.7975		41.8557		65.1793
236		145.326		17.7355		124.1		70.2733		53.2696		0.112683		1165.42		59.2918		41.5563		64.8082
237		146.769		17.9185		125.265		71.0474		53.8641		0.557047		981.411		60.0107		42.0922		65.254
238		146.741		18.0457		125.3		70.9808		53.6879		0.821488		1159.41		59.9436		41.898		65.3561
239		145.552		17.8792		124.349		70.5676		53.3655		0.782595		1052.36		59.7747		41.8955		64.574
240		144.65		17.6127		123.523		69.9579		53.0572		0.0078605		774.746		59.0518		41.4391		64.4709
241		144.386		17.4881		123.108		69.7131		53.0735		0.000364575		1031.66		58.7612		41.2732		64.347
242		146.269		17.8511		124.892		70.7174		53.592		0.196225		593.267		59.742		41.8908		65.1499
243		145.65		17.771		124.112		70.3854		53.3835		0.000538078		1196.37		59.5158		41.7448		64.5958
244		145.723		17.7856		124.267		70.5042		53.4949		0.0394318		697.206		59.5337		41.7481		64.7335
245		145.436		17.7745		124.164		70.4189		53.3657		1.16041e-05		536.467		59.5761		41.8017		64.588
246		146.24		17.9369		124.89		70.853		53.6303		0.896552		995.805		59.848		41.9111		65.0417
247		144.699		17.5672		123.512		69.9788		53.2006		9.52251e-05		843.914		58.9675		41.4003		64.5444
248		145.882		17.8679		124.368		70.5524		53.5133		0.000376389		735.762		59.6506		41.7827		64.7173
249		146.873		18.0206		125.491		71.1277		53.9097		0.576087		1204.79		60.0784		42.0578		65.4126
250		146.824		18.065		125.375		71.1252		53.8137		1.07841		1145.01		60.0886		42.0237		65.2866
251		146.833		18.0491		125.326		71.0774		53.8124		1.13244		998.927		59.9887		41.9396		65.3373
252		145.091		17.641		123.533		70.0091		53.1933		0.000221351		1164.8		59.0487		41.4077		64.4843
253		145.69		17.884		124.407		70.6602		53.4595		0.767594		1113.34		59.877		41.9931		64.5304
254		145.483		17.9124		124.152		70.4709		53.2974		0.491715		894.719		59.6151		41.7027		64.5367
255		145.771		17.7922		124.277		70.4913		53.4734		0.00034184		563.695		59.542		41.7498		64.7351
256		145.897		17.7852		124.314		70.4717		53.4875		0.000540372		1072.7		59.5082		41.7229		64.806
257		145.548		17.7038		124.13		70.2907		53.4092		0.00206162		829.99		59.1831		41.4793		64.9472
258		146.225		17.9247		124.859		70.7677		53.5727		0.243156		807.84		59.7434		41.8187		65.1158
259		145.547		17.7802		124.222		70.3981		53.3902		0.000170819		720.361		59.4093		41.6292		64.8128
260		145.304		17.7336		123.854		70.299		53.3751		0.00121463		559.528		59.3405		41.6069		64.5138
261		145.046		17.7643		123.911		70.2273		53.1909		0.52252		815.157		59.3757		41.6114		64.5349
262		144.922		17.6052		123.494		69.9555		53.2656		0.00018897		1100.84		58.9523		41.347		64.5416
263		144.695		17.7243		123.514		70.035		53.072		4.71733e-07		665.311		59.1267		41.4024		64.3871
264		145.32		17.7956		124.129		70.2922		53.2413		0.000503551		882.737		59.3938		41.5981		64.735
265		145.275		17.822		124.059		70.3601		53.342		9.37434e-06		472.081		59.3494		41.5274		64.7091
266		146.412		17.8479		124.965		70.8398		53.7611		0.00166057		775.896		59.8287		41.9808		65.136
267		146.168		17.9086		124.602		70.7332		53.5682		0.0935501		1080.87		59.7971		41.8885		64.8047
268		145.255		17.697		123.814		70.0949		53.2398		0.457657		1226.4		59.1984		41.5014		64.6156
269		147.197		18.0605		125.511		71.2909		53.971		1.08911		1013.73		60.2194		42.1589		65.2919
270		145.619		17.7878		124.182		70.43		53.4086		0.393174		842.229		59.5127		41.7249		64.6692
271		146.09		17.9265		124.717		70.7425		53.6266		0.00467876		602.469		59.7121		41.7856		65.0049
272		146.624		18.0396		125.14		71.0123		53.6488		1.05846		1063.86		60.1459		42.1064		64.994
273		145.373		17.8366		124.102		70.4147		53.3495		0.00037116		1113.48		59.5261		41.6895		64.5755
274		144.509		17.6077		123.344		69.8736		53.1222		8.18842e-05		1077.18		58.9022		41.2945		64.4421
275		147.927		18.1788		126.388		71.7022		54.1779		1.73735		790.597		60.6134		42.4346		65.7749
276		146.397		17.9151		124.891		70.7907		53.683		0.000114646		716.223		59.7521		41.8369		65.1387
277		145.503		17.7843		123.936		70.3069		53.3546		0.00175965		573.854		59.306		41.5216		64.6304
278		144.381		17.5696		123.324		69.8054		53.111		3.7286e-06		1189.17		58.8353		41.2657		64.489
279		147.164		17.958		125.658		71.2148		53.8552		1.81052		921.335		60.3066		42.3486		65.3518
280		146.281		17.8037		124.903		70.7246		53.7097		0.000109683		810.299		59.7272		41.9235		65.1757
281		146.353		17.8585		124.866		70.7602		53.7545		0.00313836		601.381		59.6373		41.7788		65.2288
282		145.405		17.7688		124.113		70.3776		53.3284		0.0093128		957.599		59.4945		41.7257		64.6187
283		145.3		17.6848		123.855		70.2731		53.3813		0.0445685		1110.23		59.3296		41.6448		64.5257
284		145.706		17.7814		124.456		70.5849		53.5685		0.00428318		935.664		59.7262		41.9448		64.7303
285		145.889		17.8214		124.469		70.6393		53.5276		0.118865		948.875		59.732		41.9106		64.7369
286		144.58		17.6563		123.686		70.0572		53.1864		1.0144e-05		1102.78		59.2346		41.5783		64.451
287		145.58		17.7627		124.118		70.3206		53.3986		0.000528062		1145.11		59.2802		41.5175		64.8373
288		146.245		18.0001		124.86		70.936		53.6362		0.961449		825.207		59.9635		41.9635		64.8966
289		146.227		17.9185		124.775		70.8282		53.5471		0.751537		1123.49		60.0062		42.0878		64.7685
290		145.805		17.8499		124.475		70.6063		53.4118		0.692761		991.811		59.681		41.831		64.794
291		146.393		17.7799		124.969		70.7018		53.6718		0.00421557		655.036		59.7575		41.9776		65.2116
292		146.718		18.0331		125.402		71.2366		53.9542		0.557363		970.319		60.2551		42.2219		65.1472
293		145.991		17.8465		124.448		70.6242		53.5065		0.351123		647.59		59.6879		41.8414		64.7597
294		145.891		17.8124		124.559		70.6206		53.5985		0.00705757		849.026		59.6021		41.7897		64.9565
295		146.532		17.8575		125.029		70.8199		53.8123		0.00162344		631.024		59.7443		41.8868		65.2847
296		145.069		17.8531		123.917		70.3111		53.2285		0.00161851		704.276		59.4599		41.6068		64.4571
297		146.052		17.9097		124.393		70.5779		53.5128		0.00375977		1114.33		59.5757		41.666		64.8171
298		144.588		17.5504		123.351		69.7946		53.0019		0.00236665		934.848		58.8382		41.2878		64.5129
299		144.78		17.6843		123.735		70.1039		53.1839		0.0556206		1292.53		59.3375		41.6532		64.3973
300		145.389		17.7242		124.053		70.2959		53.3224		0.00118334		728.688		59.4222		41.698		64.6308
301		145.69		17.8453		124.422		70.4239		53.4075		0.00434813		631.769		59.3264		41.4811		65.0959
302		146.03		17.8384		124.519		70.6334		53.5038		0.782045		986.857		59.7354		41.897		64.7832
303		144.927		17.6585		123.768		70.1158		53.1959		0.577395		1071.77		59.2253		41.5667		64.5431
304		145.373		17.7741		124.131		70.3626		53.3238		0.193905		622.691		59.4717		41.6977		64.6596
305		145.531		17.7368		124.175		70.3229		53.4031		0.000108845		597.405		59.2509		41.514		64.9241
306		146.279		17.8356		124.833		70.6875		53.6032		0.00628233		679.757		59.7418		41.9062		65.0908
307		146.956		18.0784		125.582		71.2355		53.8587		1.54291		1113.04		60.3938		42.3155		65.1879
308		145.968		17.7968		124.531		70.5266		53.5905		0.000240226		801.385		59.4265		41.6297		65.1046
309		146.414		17.9737		124.848		70.9211		53.6715		0.690927		1112.29		59.9579		41.9842		64.8901
310		145.535		17.7834		124.332		70.4294		53.4178		0.00105537		743.378		59.4308		41.6474		64.9013
311		144.616		17.6316		123.371		70.0187		53.1458		0.000672187		535.495		59.1152		41.4836		64.2553
312		145.395		17.7381		124.166		70.3283		53.2998		0.00875844		784.933		59.4043		41.6662		64.7613
313		146.797		17.9386		125.146		71.0449		53.8889		0.492168		901.025		59.9819		42.0433		65.1642
314		145.791		17.8691		124.453		70.5295		53.4731		6.32817e-05		591.593		59.4797		41.6106		64.9732
315		147.76		18.1127		126.088		71.5334		54.1703		0.786071		1073.18		60.4933		42.3805		65.5948
316		144.203		17.6172		123.054		69.7884		52.9068		0.00113476		1025.5		59.002		41.3849		64.0524
317		144.446		17.6075		123.34		69.9427		53.1022		0.00249574		883.777		58.9672		41.3598		64.3731
318		145.906		17.8005		124.397		70.561		53.5071		0.000287838		568.392		59.6433		41.8428		64.7539
319		145.484		17.7047		124.077		70.3121		53.4551		1.10528e-05		458.507		59.2654		41.5607		64.8119
320		145.045		17.7547		124.02		70.1106		53.2213		0.003364		885.774		59.1697		41.415		64.8498
321		146.799		17.7921		125.19		70.8953		53.9054		0.000326762		820.67		59.8062		42.0141		65.3843
322		146.206		17.8029		124.824		70.6931		53.6786		0.000166855		620.92		59.6107		41.8078		65.213
323		144.827		17.6881		123.711		70.1022		53.1727		4.4175e-05		880.697		59.2094		41.5213		64.5019
324		145.619		17.8153		124.281		70.4112		53.4096		0.000276254		714.669		59.3926		41.5773		64.8882
325		145.579		17.8807		124.359		70.4765		53.3666		0.00208992		831.84		59.4404		41.5597		64.9188
326		145.886		17.7907		124.486		70.5839		53.5695		0.196808		801.901		59.6201		41.8294		64.8661
327		145.61		17.8107		124.151		70.424		53.3786		0.0020232		620.608		59.4627		41.6519		64.6887
328		145.995		17.8793		124.656		70.7543		53.5538		0.428937		899.734		59.9256		42.0463		64.7306
329		145.462		17.737		123.954		70.3452		53.4393		0.000174199		1090.17		59.3592		41.6222		64.5949
330		144.479		17.6859		123.472		69.988		53.0892		2.69443e-05		978.236		59.1937		41.5078		64.2782
331		145.222		17.7169		123.865		70.2818		53.3983		0.00634851		633.045		59.3346		41.6176		64.53
332		146.395		17.8681		124.927		70.851		53.7068		0.00517981		890.373		59.8918		42.0237		65.0348
333		145.598		17.7916		124.326		70.48		53.4573		0.00150714		575.672		59.528		41.7364		64.798
334		145.479		17.7674		124.085		70.4215		53.3984		0.0301192		739.53		59.4649		41.6975		64.6199
335		146.45		17.8425		124.61		70.6403		53.6465		0.000159513		1332.6		59.6356		41.7931		64.9739
336		145.999		17.8335		124.389		70.5362		53.5253		0.000121073		632.229		59.5518		41.7183		64.8371
337		143.864		17.5798		122.822		69.6419		52.8804		2.64466e-06		1098.99		58.8074		41.2276		64.0147
338		145.035		17.6655		123.694		70.0357		53.108		0.00618177		794.016		59.2184		41.5529		64.4759
339		144.864		17.5797		123.546		70.0037		53.3271		0.000787291		944.655		58.9402		41.3605		64.6055
340		145.945		17.8235		124.581		70.5517		53.4888		0.000327069		601.139		59.582		41.7585		64.9987
341		144.552		17.5876		123.318		69.778		53.015		6.67856e-05		1318.93		58.988		41.4004		64.3303
342		145.458		17.6983		123.896		70.2617		53.3843		0.00186049		1202.83		59.2591		41.5608		64.6365
343		145.881		17.7954		124.414		70.5591		53.5984		0.0008114		964.363		59.484		41.6887		64.9295
344		145.703		17.6767		124.12		70.3548		53.5004		5.16704e-05		957.19		59.2894		41.6127		64.8304
345		145.742		17.8231		124.456		70.5449		53.4915		0.00120581		721.672		59.5577		41.7347		64.8987
346		146.056		17.9233		124.618		70.6834		53.516		0.16368		1143.03		59.7731		41.8498		64.8446
347		145.504		17.7593		124.237		70.343		53.2938		0.00440186		643.74		59.3606		41.6014		64.8763
348		145.416		17.879		124.134		70.5171		53.3942		0.00635868		598.37		59.623		41.744		64.5111
349		146.585		18.0286		125.236		70.9676		53.6329		0.857121		1084.69		60.0705		42.0419		65.1653
350		146.548		17.9201		125.071		70.835		53.7237		0.00654634		720.532		59.7608		41.8407		65.3101
351		145.869		17.7973		124.35		70.4555		53.4723		0.252761		1083.99		59.4173		41.62		64.9325
352		145.7		17.901		124.168		70.5037		53.3919		2.06724e-06		863.316		59.6217		41.7207		64.5468
353		145.593		17.8162		124.315		70.4532		53.4075		0.000956528		631.106		59.4966		41.6804		64.8186
354		145.944		17.7523		124.48		70.4887		53.5711		0.00390672		505.13		59.4046		41.6523		65.0757
355		144.997		17.6504		123.276		69.9704		53.1513		2.4354e-05		1357.72		59.0935		41.4431		64.1829
356		145.364		17.7469		124.137		70.3439		53.3967		0.102456		1068.42		59.3831		41.6363		64.754
357		146.494		18.0376		125.082		71.0172		53.6468		1.38397		1027.32		60.1375		42.0999		64.9442
358		145.332		17.811		123.995		70.2616		53.2772		6.19096e-06		1019.83		59.2357		41.4248		64.7595
359		144.894		17.7332		123.683		70.0855		53.1435		0.000144752		547.343		59.1887		41.4555		64.4947
360		145.177		17.7158		123.843		70.197		53.3094		0.000605191		715.127		59.2294		41.5136		64.6137
361		145.481		17.7184		124.152		70.3699		53.3702		0.589245		1034.19		59.5019		41.7835		64.6501
362		145.266		17.7898		123.971		70.3084		53.3461		0.00380605		930.958		59.3732		41.5834		64.5981
363		145.198		17.8546		123.852		70.3725		53.2576		0.00177553		719.013		59.5061		41.6515		64.3459
364		145.076		17.748		123.836		70.2718		53.2794		0.00159718		570.46		59.3899		41.6419		64.4457
365		145.503		17.7897		124.235		70.3986		53.3883		0.00459741		652.913		59.4126		41.6229		64.8228
366		146.851		18.0124		125.374		71.0617		53.8106		0.252712		500.658		60.026		42.0136		65.3479
367		145.278		17.6621		123.994		70.1799		53.252		0.000801744		651.393		59.2453		41.5832		64.7487
368		144.149		17.5476		122.863		69.6698		52.9549		0.000144823		963.369		58.7891		41.2415		64.0738
369		144.889		17.6014		123.519		69.927		53.1415		0.000254529		952.117		59.0041		41.4026		64.5154
370		146.084		17.9106		124.656		70.8054		53.6541		0.00568369		735.912		59.8322		41.9216		64.8242
371		145.744		17.767		124.475		70.5138		53.4595		0.610566		822.892		59.5224		41.7554		64.9531
372		146.246		17.8569		124.879		70.9088		53.7603		6.27751e-05		745.924		60.0038		42.1468		64.8754
373		145.689		17.8362		124.273		70.4831		53.4046		7.95794e-06		636.535		59.5597		41.7235		64.7133
374		146.214		17.7969		124.768		70.5999		53.5713		0.000159823		1091.48		59.6221		41.8252		65.1459
375		146.636		17.9336		125.175		71.0169		53.8183		0.2802		531.186		60.0337		42.1002		65.1408
376		146.322		17.8944		124.813		70.8391		53.7418		0.0192709		711.887		59.8454		41.9509		64.9681
377		145.767		17.6926		124.331		70.4808		53.5445		0.00206965		957.008		59.4985		41.8059		64.8323
378		145.74		17.8922		124.39		70.6017		53.4122		0.000219122		649.308		59.7255		41.8333		64.6648
379		145.517		17.7999		124.251		70.4078		53.3324		0.143664		731.027		59.5644		41.7645		64.6869
380		144.398		17.6606		123.276		69.8133		52.9314		8.49293e-05		617.586		58.9478		41.2872		64.3283
381		145.683		17.9247		124.453		70.648		53.4389		0.718843		1123.29		59.767		41.8422		64.686
382		146.959		17.8399		125.429		70.9904		53.907		0.00138693		544.76		59.9519		42.1121		65.4767
383		147.312		17.9621		125.738		71.2831		54.0157		0.00188767		586.577		60.2691		42.307		65.4685
384		145.236		17.8735		124.179		70.4106		53.2245		1.15988		1133.53		59.5251		41.6516		64.6541
385		144.807		17.6734		123.43		69.9605		53.112		0.000139263		667.037		59.044		41.3706		64.3862
386		145.643		17.8309		124.226		70.4802		53.4322		0.000628753		1001.08		59.5025		41.6716		64.7232
387		145.493		17.8392		124.251		70.4714		53.3613		0.000574829		752.889		59.4926		41.6535		64.7579
388		146.729		17.9789		124.904		70.9598		53.7865		0.226199		755.972		59.8559		41.877		65.0479
389		145.976		17.8501		124.491		70.6671		53.5155		0.632695		946.06		59.6878		41.8376		64.8032
390		145.54		17.8255		124.224		70.4305		53.3438		0.609825		946.502		59.3991		41.5736		64.825
391		146.671		17.8064		125.155		70.8891		53.865		0.000330563		924.536		59.8487		42.0423		65.3061
392		145.442		17.7079		124.097		70.2767		53.3089		0.0213902		578.749		59.3423		41.6345		64.755
393		146.959		18.021		125.529		71.193		53.9741		0.380152		718.695		60.1435		42.1225		65.3851
394		145.695		17.828		124.505		70.5586		53.4925		0.196156		1182.29		59.597		41.769		64.9075
395		145.669		17.8867		124.426		70.6227		53.4075		0.808031		1116.54		59.8438		41.9571		64.5823
396		145.707		17.7059		124.374		70.3764		53.4963		0.000262347		1087.84		59.3293		41.6234		65.0445
397		145.668		17.889		124.281		70.5162		53.3318		0.000169276		634.79		59.581		41.692		64.6996
398		144.815		17.642		123.565		70.0062		53.0908		0.198292		715.317		59.1097		41.4677		64.4551
399		144.738		17.6529		123.551		70.0261		53.1601		4.11517e-05		950.529		59.0729		41.42		64.4784
400		145.666		17.7625		124.328		70.3725		53.3734		0.005343		1033.11		59.3726		41.6101		64.9551
401		146.133		17.8868		124.689		70.7277		53.538		0.198132		946.297		59.7502		41.8634		64.9387
402		143.893		17.4967		122.862		69.524		52.8553		0.00363709		1083.31		58.6268		41.1301		64.2351
403		147.184		17.9525		125.77		71.2671		54.044		0.0307731		891.362		60.2221		42.2696		65.5478
404		147.16		17.8768		125.514		71.1079		54.0127		7.37939e-07		514.505		59.8785		42.0016		65.6354
405		146.374		17.8881		124.979		70.7748		53.6821		5.57877e-05		682.66		59.6879		41.7998		65.291
406		146.332		17.9427		125.062		70.9659		53.7117		1.80737		845.837		60.048		42.1054		65.0142
407		144.661		17.5151		123.369		69.7783		53.1022		0.000708139		1106.72		58.7867		41.2716		64.5824
408		146.81		17.9357		125.193		71.0612		53.8672		0.199614		1000.68		60.0869		42.1511		65.1066
409		145.655		17.9197		124.386		70.5532		53.3999		0.0602477		618.976		59.657		41.7373		64.7288
410		145.785		17.8302		124.298		70.5074		53.4593		0.000639802		592.762		59.5287		41.6985		64.7694
411		145.265		17.7438		123.942		70.3049		53.2799		0.451735		821.049		59.382		41.6382		64.5602
412		144.774		17.7133		123.464		70.0457		53.1601		0.110653		770.457		59.1388		41.4255		64.3247
413		146.296		17.9119		124.838		70.8344		53.641		0.389286		623.496		59.8952		41.9833		64.9432
414		145.896		17.8324		124.422		70.5448		53.5158		0.230252		523.627		59.525		41.6927		64.8967
415		146.215		17.8363		124.763		70.8181		53.6867		0.511688		782.329		59.9365		42.1002		64.8267
416		146.747		17.8328		125.178		70.7941		53.7787		0.253884		768.805		59.742		41.9092		65.4359
417		145.696		17.8657		124.267		70.5298		53.4939		0.000121193		624.558		59.522		41.6564		64.7454
418		146.38		17.862		124.873		70.8369		53.6204		0.719003		930.981		59.8769		42.0148		64.9964
419		146.966		18.0107		125.6		71.138		53.8265		0.00606409		730.697		60.0551		42.0444		65.5452
420		144.755		17.7321		123.444		69.9931		53.0226		0.0282106		614.539		59.0782		41.346		64.3657
421		146.109		17.8374		124.799		70.7184		53.6319		0.00100698		795.822		59.7305		41.8931		65.0687
422		144.729		17.6957		123.665		70.0439		53.0974		0.00221917		620.363		59.1147		41.419		64.5503
423		145.47		17.8397		123.97		70.3164		53.2146		0.022285		772.687		59.5109		41.6712		64.4589
424		145.012		17.719		123.649		70.1441		53.2173		0.00159551		529.198		59.2017		41.4827		64.4468
425		145.191		17.6374		123.876		70.1277		53.293		0.000761172		987.978		59.1671		41.5297		64.7089
426		145.149		17.7614		123.702		70.0821		53.2242		0.000636141		1247.28		59.1435		41.3821		64.5582
427		144.805		17.611		123.626		69.9755		53.2192		0.000133719		965.642		58.8933		41.2822		64.7325
428		146.502		17.9383		125.043		70.9389		53.7556		0.276924		606.953		59.8919		41.9536		65.1508
429		146.306		17.9382		124.888		70.864		53.6725		0.555985		792.086		59.9404		42.0022		64.9476
430		145.939		17.8801		124.679		70.7391		53.484		1.61852		884.131		59.8372		41.9571		64.8421
431		145.77		17.8606		124.5		70.5318		53.4457		0.444743		653.883		59.5127		41.6522		64.987
432		144.564		17.783		123.62		70.0624		53.0656		0.0666122		712.655		59.1792		41.3962		64.4404
433		145.615		17.7596		124.043		70.355		53.4354		0.0003227		929.876		59.4126		41.653		64.6302
434		145.222		17.7975		123.924		70.2369		53.2001		2.60614e-05		521.678		59.2977		41.5001		64.626
435		144.939		17.7928		123.619		70.1748		53.237		0.0100119		832.599		59.2486		41.4558		64.37
436		145.553		17.6934		123.848		70.2103		53.4249		3.37321e-05		1173.61		59.1683		41.475		64.68
437		145.161		17.7804		123.933		70.2194		53.2085		0.870924		1074.18		59.3756		41.5952		64.5578
438		144.956		17.7602		123.625		70.1387		53.168		0.0675752		602.304		59.2828		41.5226		64.3427
439		146.054		17.8383		124.619		70.6329		53.5698		0.464276		821.623		59.7411		41.9028		64.8783
440		146.242		17.9054		124.743		70.7504		53.5382		0.299048		621.236		59.8568		41.9514		64.8858
441		146.609		17.9233		125.107		70.9396		53.7202		0.00291935		507.023		59.9587		42.0355		65.1483
442		146.077		17.8848		124.679		70.7093		53.5363		0.758587		1070.55		59.8179		41.933		64.8611
443		146.42		17.8473		125		70.8136		53.7595		0.00146799		542.527		59.6975		41.8502		65.3021
444		145.954		17.898		124.564		70.6638		53.5103		0.55879		1012.2		59.7705		41.8726		64.7934
445		146.833		17.9662		125.503		71.0937		53.865		0.269338		700.923		60.0567		42.0904		65.4464
446		145.411		17.7286		124.042		70.2794		53.3447		0.00498421		1134.14		59.2632		41.5345		64.7791
447		146.684		17.9145		125.222		70.8992		53.7372		0.020669		1068.72		59.8841		41.9696		65.3382
448		146.449		17.9852		125.026		70.9107		53.6233		1.39896		1037.67		60.0108		42.0256		65.0147
449		145.812		17.816		124.458		70.4967		53.4471		4.73381e-05		789.599		59.5674		41.7514		64.891
450		144.993		17.6431		123.557		69.9906		53.2024		0.000915855		912.241		59.0968		41.4537		64.4604
451		147.426		18.2799		126.067		71.537		53.9907		1.4095		1084.11		60.5177		42.2377		65.5493
452		144.894		17.7184		123.535		70.1315		53.2022		0.00129091		498.064		59.1651		41.4468		64.37
453		146.368		17.9499		124.989		70.9369		53.7268		0.126454		1050.07		60.0097		42.0599		64.9798
454		145.995		17.7561		124.445		70.5345		53.5971		0.000680913		629.882		59.4299		41.6738		65.0153
455		145.915		17.8986		124.56		70.6851		53.519		0.000468515		678.027		59.6999		41.8013		64.8597
456		145.711		17.9547		124.348		70.5248		53.3674		0.031323		989.41		59.5151		41.5604		64.8328
457		145.39		17.7267		124.044		70.2519		53.3699		0.00078716		973.062		59.1984		41.4717		64.8458
458		146.341		17.9449		124.784		70.8181		53.6166		0.845561		1025.24		59.8415		41.8966		64.9425
459		145.823		17.8008		124.321		70.3903		53.4745		0.00045144		875.162		59.3037		41.5028		65.0171
460		144.879		17.607		123.754		70.0504		53.2415		0.000140192		1106.67		59.0428		41.4358		64.7112
461		146.467		17.8596		125.116		70.9143		53.7566		0.00234518		774.998		59.9761		42.1165		65.1403
462		146.898		18.0172		125.348		71.1181		53.8756		0.25935		1164.92		60.1636		42.1464		65.1841
463		145.662		17.8326		124.398		70.5055		53.3533		0.692576		1177		59.6714		41.8388		64.7264
464		147.365		17.9314		125.548		71.0923		54.0257		0.000533805		787.331		59.9395		42.008		65.6081
465		144.815		17.7243		123.592		70.1309		53.1283		0.845398		858.36		59.2612		41.5369		64.3312
466		145.535		17.8271		124.019		70.4329		53.3443		0.110331		786.979		59.5923		41.7652		64.4268
467		145.881		17.8406		124.39		70.5898		53.4578		0.22753		941.756		59.6793		41.8387		64.7106
468		145.925		17.7734		124.632		70.4903		53.4864		0.000337973		1273.48		59.5247		41.7513		65.1071
469		145.983		17.8719		124.618		70.7234		53.6276		0.456831		929.216		59.7436		41.8717		64.8744
470		146.088		17.874		124.584		70.7415		53.5563		0.265588		634.169		59.7929		41.9189		64.7914
471		146.658		17.9001		125.052		70.9196		53.8002		0.072115		809.154		59.847		41.9469		65.2049
472		146.065		17.8022		124.683		70.6181		53.5524		2.02731e-05		586.075		59.6723		41.8701		65.0102
473		144.585		17.4443		123.321		69.8838		53.1568		4.26224e-05		969.21		58.9661		41.5217		64.3553
474		146.681		17.9472		125.221		70.9273		53.6665		0.365938		758.576		60.066		42.1187		65.1554
475		146.768		17.7714		125.052		70.8658		53.9018		0.00219326		512.504		59.7426		41.9712		65.3096
476		145.833		17.7628		124.301		70.4471		53.5157		6.76749e-06		791.003		59.4907		41.728		64.81
477		145.616		17.7434		124.158		70.3858		53.4968		0.00506127		956.21		59.3922		41.6488		64.7654
478		145.361		17.6372		123.807		70.1902		53.3353		0.00010492		771.374		59.1777		41.5405		64.6297
479		146.289		17.9355		124.833		70.8499		53.639		0.477658		698.948		59.858		41.9225		64.9749
480		146.915		17.9642		125.554		71.1692		53.8887		0.789229		919.838		60.141		42.1768		65.4133
481		146.793		18.0334		125.48		71.2311		53.829		1.42033		825.737		60.2259		42.1925		65.2541
482		145.585		17.8564		124.214		70.4831		53.3203		0.115733		1062.38		59.6377		41.7813		64.5759
483		146.226		17.9872		124.878		70.8272		53.5746		0.559683		886.912		59.7703		41.7831		65.1075
484		146.703		17.9677		125.198		70.9489		53.8172		0.191085		863.204		59.7253		41.7575		65.4731
485		146.359		17.7916		124.696		70.7072		53.7263		0.00557987		621.301		59.6606		41.869		65.0349
486		144.733		17.7272		123.444		70.0327		53.1373		1.11415e-05		1017.48		59.0977		41.3704		64.3463
487		146.608		17.9981		125.117		70.904		53.6094		0.154509		730.811		59.9934		41.9953		65.1239
488		146.419		17.9148		124.921		70.8854		53.7118		0.38635		768.067		59.9305		42.0157		64.9907
489		145.912		17.8366		124.582		70.6609		53.5664		0.0646375		1097.39		59.6662		41.8295		64.9163
490		146.267		17.8466		124.627		70.6693		53.6384		0.000334918		837.767		59.6219		41.7752		65.0055
491		145.4		17.6594		123.982		70.2387		53.3735		0.000493744		938.128		59.2392		41.5798		64.7427
492		146.637		18.0359		125.142		71.0254		53.7405		0.237856		934.705		60.1133		42.0773		65.029
493		147.012		18.0936		125.392		71.1481		53.7519		0.952699		1311.86		60.2637		42.1701		65.1281
494		146.914		17.9833		125.59		71.2247		53.8523		1.30094		943.848		60.2345		42.2513		65.3554
495		147.251		18.1948		125.801		71.5465		53.9653		1.56791		927.444		60.5723		42.3775		65.2285
496		145.731		17.7901		124.328		70.4077		53.4403		0.00073119		1068.68		59.3421		41.552		64.986
497		145.226		17.823		124.037		70.3424		53.1782		0.565234		995.144		59.6218		41.7988		64.4148
498		146.909		17.9141		125.515		71.0857		53.9687		0.173172		973.064		59.907		41.9929		65.6085
499		145.292		17.7931		123.948		70.2981		53.2834		9.84904e-06		1087.79		59.4923		41.6993		64.4561
500		145.065		17.7406		123.841		70.1683		53.1781		0.00225282		932.688		59.2342		41.4935		64.6071
501		145.023		17.7367		123.93		70.1809		53.2237		0.000389958		787.787		59.1608		41.4241		64.7693
502		146.347		17.9406		124.902		70.8206		53.6321		0.275753		594.624		59.842		41.9014		65.0596
503		145.5		17.8293		124.132		70.4418		53.3355		0.002034		940.448		59.5401		41.7108		64.5918
504		146.251		17.854		124.712		70.6606		53.5789		0.0601761		646.471		59.7471		41.8931		64.965
505		145.22		17.6617		123.857		70.1939		53.3188		0.000991869		586.658		59.205		41.5433		64.6517
506		146.76		17.9219		125.165		70.9831		53.8024		0.622213		857.677		59.9366		42.0147		65.2285
507		145.597		17.7271		124.154		70.3685		53.4813		0.000374127		965.281		59.27		41.5429		64.8842
508		145.998		17.8364		124.619		70.629		53.5817		0.0144301		648.237		59.6731		41.8367		64.9456
509		147.142		17.9509		125.55		71.158		53.9496		0.4268		927.047		60.1263		42.1754		65.4232
510		144.291		17.5271		123.11		69.7543		53.0524		0.00379002		873.874		58.7686		41.2416		64.3418
511		145.938		17.8317		124.577		70.5127		53.4986		0.0786047		1150.72		59.4644		41.6328		65.1129
512		146.191		17.8325		124.918		70.7067		53.5985		0.418228		888.753		59.7417		41.9092		65.1765
513		146.403		17.874		124.971		70.8186		53.7525		0.00195955		964.276		59.7791		41.9051		65.1922
514		146.269		17.9235		124.689		70.7988		53.6181		1.14314		996.129		59.8079		41.8844		64.881
515		145.428		17.7835		124.095		70.3167		53.3355		7.40418e-05		1078.75		59.3237		41.5402		64.7715
516		146.327		17.9531		124.99		70.9369		53.6675		0.629174		748.781		59.9146		41.9615		65.0756
517		145.069		17.746		123.839		70.2762		53.2956		0.0159494		705.35		59.2977		41.5516		64.5415
518		146.435		17.8945		125.14		70.8233		53.6459		0.00820852		735.737		59.7956		41.9011		65.3443
519		145.077		17.6488		123.707		69.9938		53.2491		0.000135811		1170.22		58.8857		41.2369		64.821
520		145.692		17.8079		124.381		70.431		53.4006		0.000328383		902.017		59.4336		41.6257		64.9472
521		145.078		17.7889		123.804		70.301		53.2767		0.0245512		710.541		59.3756		41.5868		64.4284
522		144.742		17.6815		123.629		70.0463		53.1664		0.00020293		1003.37		59.0759		41.3944		64.5528
523		144.59		17.5705		123.372		69.8724		52.9921		1.43813e-05		570.366		58.9617		41.3912		64.4101
524		145.731		17.811		124.547		70.598		53.5468		7.06459e-05		586.846		59.665		41.8539		64.8824
525		146.873		17.9241		125.392		71.0073		53.791		0.506026		1035.37		59.985		42.0609		65.4074
526		148.337		18.031		126.475		71.6574		54.4635		0.218194		695.213		60.4535		42.4225		66.0217
527		145.099		17.7393		123.867		70.2118		53.2245		0.000640933		602.496		59.289		41.5498		64.5783
528		144.72		17.6857		123.518		70.1042		53.0886		0.681085		877.587		59.2924		41.6068		64.2252
529		146.354		17.9191		124.874		70.7676		53.6134		0.39619		915.996		59.727		41.8079		65.1471
530		146.067		17.7928		124.478		70.62		53.6543		0.147438		876.029		59.4902		41.6974		64.9877
531		146.865		17.8399		125.13		70.8713		53.8914		0.000301651		1036.48		59.747		41.9071		65.383
532		145.922		17.8		124.653		70.5885		53.4513		0.000568116		507.595		59.5629		41.7629		65.0902
533		146.248		17.9225		124.768		70.8109		53.6557		0.0664389		749.061		59.8614		41.9389		64.9061
534		146.877		18.0252		125.448		71.1239		53.8455		1.31839		1020.85		60.1343		42.1092		65.3137
535		146.178		17.8209		124.684		70.7127		53.5883		0.238657		861.713		59.7342		41.9133		64.9501
536		146.11		17.9775		124.667		70.7344		53.5844		0.0597326		880.614		59.7426		41.7651		64.9241
537		146.565		17.773		125.067		70.8027		53.8671		0.00146485		895.249		59.6528		41.8798		65.4142
538		145.962		17.9074		124.532		70.6534		53.503		0.167524		1059.04		59.7551		41.8477		64.7769
539		145.636		17.7195		124.268		70.3498		53.4428		4.32318e-05		920.448		59.3651		41.6456		64.9027
540		146.986		17.9172		125.456		71.0947		53.9089		6.7425e-05		548.256		60.0806		42.1634		65.3756
541		146.022		17.8913		124.782		70.6804		53.5435		0.400766		689.329		59.8135		41.9222		64.9683
542		146.016		17.8573		124.693		70.6555		53.4913		0.00175669		877.048		59.7522		41.8949		64.9411
543		145.967		17.8635		124.495		70.6406		53.5296		0.676649		990.251		59.6461		41.7826		64.8486
544		144.901		17.77		123.508		70.1312		53.1585		0.000134153		779.959		59.2891		41.5191		64.2191
545		146.156		17.8253		124.71		70.6934		53.5691		0.694219		1046.73		59.795		41.9697		64.9146
546		145.497		17.8095		124.097		70.438		53.3815		0.0824701		1032.78		59.5144		41.7048		64.5829
547		146.256		18.0143		124.946		70.8349		53.5642		0.806199		1165.43		59.9129		41.8986		65.0333
548		146.27		17.903		124.723		70.7002		53.6319		0.00678297		822.875		59.6172		41.7142		65.1056
549		144.268		17.6172		123.32		69.8258		53.0187		0.0010796		711.592		58.8399		41.2227		64.4803
550		145.409		17.7866		124.083		70.283		53.2646		0.00135176		588.686		59.3571		41.5706		64.7257
551		145.767		17.734		124.295		70.4361		53.4766		5.46323e-07		741.577		59.4622		41.7282		64.8333
552		144.594		17.6856		123.562		69.8937		53.0862		0.000563058		1293.05		59.0217		41.3361		64.5399
553		146.314		17.8176		124.65		70.6798		53.6875		2.55002e-05		633.305		59.6672		41.8496		64.9832
554		145.445		17.7246		124.159		70.2757		53.3382		0.891395		1170.79		59.2552		41.5306		64.9038
555		146.644		17.89		125.069		70.9296		53.8093		1.32285		965.874		59.9084		42.0185		65.1611
556		146.094		17.7826		124.551		70.6041		53.6197		0.0900417		967.236		59.526		41.7434		65.0249
557		146.345		17.7785		124.739		70.6871		53.8016		0.00200337		946.448		59.5604		41.7819		65.1786
558		146.197		17.9127		124.835		70.8323		53.6693		0.260697		485.46		59.8183		41.9056		65.0163
559		145.381		17.7579		124.225		70.3651		53.3724		0.00237361		549.1		59.4712		41.7133		64.7537
560		145.05		17.8179		124.058		70.335		53.2734		0.0892132		744.561		59.4478		41.6299		64.6107
561		146.208		17.8188		124.659		70.6532		53.6784		0.00105982		1210.89		59.5496		41.7309		65.1089
562		144.65		17.8082		123.47		70.0312		53.0462		0.0143212		1090.45		59.1933		41.3851		64.2766
563		145.994		17.8836		124.568		70.6912		53.5673		0.000231077		582.064		59.733		41.8494		64.835
564		146.202		17.8809		124.589		70.6879		53.5628		0.00452487		559.013		59.7381		41.8572		64.851
565		145.89		17.7829		124.564		70.5727		53.5289		0.000142856		872.389		59.6419		41.859		64.9223
566		145.514		17.8092		124.069		70.3993		53.3327		0.247239		604.28		59.5122		41.703		64.5564
567		148.287		18.2939		126.644		71.8727		54.2933		1.79095		934.643		60.9362		42.6423		65.7074
568		145.75		17.8016		124.51		70.5546		53.5035		0.127164		622.009		59.6121		41.8105		64.8982
569		145.934		17.7538		124.62		70.5756		53.6026		0.000876651		732.886		59.5937		41.8398		65.0268
570		144.999		17.6854		123.867		70.1212		53.2491		2.79819e-05		971.862		59.0524		41.3669		64.8149
571		146.631		17.9006		125.034		70.9506		53.84		0.50972		955.477		59.882		41.9814		65.1525
572		145.093		17.7938		123.926		70.3482		53.2614		0.0583748		789.327		59.4444		41.6506		64.4813
573		145.015		17.7223		123.718		70.1596		53.172		0.00286631		781.565		59.2719		41.5496		64.4462
574		146.045		17.7551		124.587		70.5369		53.5616		9.16657e-05		1042.12		59.5222		41.7671		65.0652
575		146.437		18.0145		124.791		70.85		53.6912		0.108576		1040.98		59.8589		41.8445		64.932
576		145.234		17.7223		123.747		70.1949		53.2799		7.43355e-05		677.779		59.3142		41.5919		64.4326
577		146.813		18.0356		125.263		71.095		53.8511		0.65698		810.24		59.9431		41.9075		65.32
578		145.692		17.8892		124.547		70.6002		53.4626		0.00442323		1096.56		59.6803		41.7911		64.8668
579		145.789		17.9067		124.35		70.5921		53.5		0.000270626		993.166		59.5986		41.692		64.7513
580		146.61		18.0169		125.03		70.9759		53.7253		0.46407		862.27		59.9642		41.9473		65.0663
581		146.216		17.8987		124.816		70.7756		53.5778		0.000568305		483.751		59.792		41.8933		65.0235
582		145.648		17.8945		124.314		70.565		53.3544		0.695084		1060.21		59.8033		41.9087		64.5108
583		147.867		18.0361		126.136		71.541		54.2825		1.10312		1117.37		60.4037		42.3675		65.732
584		146.844		18.1229		125.464		71.2556		53.8441		0.513841		861.297		60.2481		42.1252		65.2162
585		146.844		18.1229		125.464		71.2556		53.8441		0.513841		861.297		60.2481		42.1252		65.2162
586		146.844		18.1229		125.464		71.2556		53.8441		0.513841		861.297		60.2481		42.1252		65.2162
587		146.844		18.1229		125.464		71.2556		53.8441		0.513841		861.297		60.2481		42.1252		65.2162
588		146.844		18.1229		125.464		71.2556		53.8441		0.513841		861.297		60.2481		42.1252		65.2162
589		146.844		18.1229		125.464		71.2556		53.8441		0.513841		861.297		60.2481		42.1252		65.2162
590		146.844		18.1229		125.464		71.2556		53.8441		0.513841		861.297		60.2481		42.1252		65.2162
591		146.844		18.1229		125.464		71.2556		53.8441		0.513841		861.297		60.2481		42.1252		65.2162
592		146.844		18.1229		125.464		71.2556		53.8441		0.513841		861.297		60.2481		42.1252		65.2162
593		146.844		18.1229		125.464		71.2556		53.8441		0.513841		861.297		60.2481		42.1252		65.2162
594		146.844		18.1229		125.464		71.2556		53.8441		0.513841		861.297		60.2481		42.1252		65.2162
595		146.844		18.1229		125.464		71.2556		53.8441		0.513841		861.297		60.2481		42.1252		65.2162
596		146.844		18.1229		125.464		71.2556		53.8441		0.513841		861.297		60.2481		42.1252		65.2162
597		146.844		18.1229		125.464		71.2556		53.8441		0.513841		861.297		60.2481		42.1252		65.2162
598		145.788		17.7636		124.461		70.5045		53.4742		0.00264958		708.249		59.56		41.7964		64.9006
599		146.759		17.9588		125.331		70.9776		53.7731		0.0881339		1032.54		59.9265		41.9677		65.4041
600		146.901		17.8145		125.334		71.0018		53.9045		0.421032		120.594		60.0091		42.1946		65.3244
601		146.234		17.8295		124.757		70.6793		53.6429		0.00994038		511.098		59.6314		41.8019		65.1252
602		147.827		18.0204		126.2		71.4998		54.1872		1.55727		971.941		60.477		42.4567		65.7229
603		147.5		18.0854		126.008		71.3793		54.0383		1.51565		970.448		60.3375		42.2521		65.6708
604		146.294		17.8589		124.837		70.847		53.6774		0.283886		529.587		59.8766		42.0177		64.9607
605		145.465		17.9323		124.045		70.4694		53.3621		0.704754		918.232		59.4543		41.5219		64.5912
606		144.921		17.7626		123.536		70.1395		53.1392		0.0193677		571.037		59.2508		41.4882		64.285
607		146.243		17.9		124.966		70.8727		53.6951		1.12505		1142.47		59.8854		41.9854		65.0805
608		145.771		17.743		124.51		70.458		53.5911		0.00150438		763.598		59.3005		41.5575		65.2091
609		145.709		17.9058		124.539		70.7076		53.4222		1.43539		943.654		59.8712		41.9654		64.668
610		147.552		18.1105		126.132		71.4596		54.0736		1.3855		1091.67		60.3748		42.2642		65.7572
611		145.872		17.887		124.542		70.5899		53.4172		0.949124		1078		59.6905		41.8035		64.8515
612		144.846		17.7284		123.659		70.113		53.1948		0.00164589		505.526		59.1745		41.4461		64.4846
613		146.659		17.8823		125.037		70.9249		53.7525		9.18918e-05		882.769		59.9444		42.0621		65.0922
614		145.84		17.9398		124.534		70.5616		53.4725		0.0030239		622.899		59.4985		41.5587		65.0355
615		145.474		17.7536		124.23		70.4441		53.3964		2.02205e-05		726.131		59.4304		41.6767		64.7993
616		145.858		17.7958		124.416		70.5011		53.4325		0.00396037		695.277		59.6127		41.817		64.8028
617		146.106		17.7696		124.553		70.5043		53.6155		0.00255969		1152.43		59.3713		41.6017		65.1815
618		144.452		17.5534		123.349		69.8668		53.1001		0.000154546		907.633		58.944		41.3907		64.4053
619		146.429		17.9009		124.981		70.8573		53.6292		0.823683		1087.58		59.9414		42.0405		65.0401
620		146.609		17.8764		125.249		70.8935		53.8011		0.000224249		578.407		59.9202		42.0438		65.3292
621		144.954		17.8171		123.624		70.2244		53.1174		0.0443839		866.227		59.4693		41.6523		64.1543
622		145.812		17.8267		124.494		70.5093		53.4993		4.23641e-05		820.728		59.4389		41.6121		65.0552
623		146.183		17.9331		124.792		70.8099		53.608		1.10121		1105.27		59.938		42.0049		64.8539
624		146.433		17.8806		124.978		70.8282		53.6741		0.00015095		822.284		59.8504		41.9699		65.1273
625		143.973		17.5631		122.671		69.6031		52.8527		3.84501e-07		1053		58.6951		41.132		63.9762
626		144.979		17.7107		123.617		70.0924		53.1941		0.0013622		877.295		59.1116		41.4009		64.5054
627		145.799		17.8178		124.379		70.5113		53.5253		0.000197161		652.715		59.4316		41.6138		64.9478
628		145.739		17.7255		124.398		70.4545		53.4648		0.277652		877.103		59.4381		41.7126		64.9596
629		145.34		17.7275		124.15		70.3788		53.3603		0.132891		833.841		59.4153		41.6878		64.7344
630		145.756		17.752		124.251		70.4266		53.4596		0.000112389		709.186		59.4681		41.7161		64.7828
631		145.43		17.6754		124.088		70.3435		53.4399		0.000498064		532.574		59.3691		41.6937		64.7185
632		146.66		18.0479		125.277		70.9902		53.6724		0.319383		590.231		60.0103		41.9624		65.2667
633		146.224		17.9059		124.744		70.8328		53.6206		0.731334		939.625		59.8921		41.9862		64.8516
634		146.009		17.8253		124.503		70.5846		53.4812		0.00019141		1022.32		59.6632		41.8379		64.84
635		145.701		17.8062		124.296		70.534		53.5265		0.0994837		887.674		59.5626		41.7564		64.7338
636		146.665		17.8915		125.216		70.9393		53.7514		0.719235		907.632		59.9201		42.0286		65.2959
637		145.676		17.8411		124.381		70.545		53.3967		0.240744		515.486		59.6294		41.7883		64.7511
638		144.426		17.7548		123.49		70.0581		53.0834		0.0012864		823.382		59.1929		41.4381		64.2969
639		145.318		17.7558		123.94		70.2936		53.3429		8.71401e-05		984.922		59.3494		41.5936		64.591
640		145.279		17.7846		123.994		70.3366		53.3674		5.67132e-05		703.921		59.3805		41.5959		64.6137
641		144.468		17.6043		123.218		69.8506		53.0503		0.00223852		478.663		58.8682		41.2639		64.3503
642		145.527		17.871		124.209		70.5159		53.4455		0.00256861		795.583		59.5796		41.7085		64.6299
643		145.617		17.7047		124.243		70.4013		53.4388		0.221167		536.98		59.4616		41.7569		64.7815
644		146.97		17.8994		125.243		70.9942		53.9541		0.00874921		684.133		59.845		41.9457		65.3982
645		145.926		17.8588		124.459		70.4628		53.4923		0.00124918		1115.03		59.4617		41.6029		64.9976
646		144.09		17.5127		122.906		69.6176		52.9708		0.000122718		1030.66		58.6507		41.1379		64.2549
647		146.384		17.8708		124.924		70.811		53.6699		0.087036		1083.54		59.8355		41.9648		65.0888
648		145.607		17.831		123.982		70.3704		53.3413		5.60232e-06		848.516		59.5076		41.6765		64.4741
649		146.317		17.7399		124.855		70.6173		53.5998		0.000295198		958.969		59.7152		41.9754		65.1395
650		145.399		17.6781		124.104		70.2863		53.4397		0.000290443		923.915		59.2254		41.5474		64.8784
651		145.563		17.6366		124.335		70.4352		53.5085		1.24368e-05		715.44		59.4585		41.8219		64.8765
652		145.999		17.7495		124.604		70.5582		53.6331		5.82596e-05		649.446		59.5382		41.7887		65.0654
653		144.715		17.6176		123.432		70.013		53.2095		0.115595		969.901		59.0553		41.4378		64.3764
654		145.225		17.7829		124.047		70.3766		53.2793		0.00140524		855.953		59.42		41.637		64.6266
655		144.591		17.7809		123.403		70.0329		53.0694		0.0566339		1039.83		59.1498		41.3689		64.2527
656		145.389		17.8575		124.267		70.4938		53.4164		0.00660639		1154.49		59.5429		41.6853		64.7245
657		146.37		17.9329		125.057		70.9624		53.7783		0.203499		603.332		59.9377		42.0048		65.1198
658		145.914		17.9614		124.514		70.7265		53.4842		1.05873		1013.68		59.7831		41.8217		64.7306
659		145.264		17.8469		123.923		70.3099		53.2513		0.101998		743.44		59.4365		41.5896		64.4862
660		146.402		17.8765		124.933		70.8081		53.6735		0.0439234		878.789		59.7572		41.8807		65.1754
661		144.64		17.6701		123.514		69.9792		53.1021		0.00257822		995.999		59.0809		41.4108		64.4327
662		144.94		17.5633		123.647		69.9674		53.2175		0.000914311		1124.45		59.0196		41.4563		64.6269
663		146.152		17.8569		124.62		70.7668		53.6959		0.125511		1025.47		59.7742		41.9173		64.8455
664		145.274		17.6488		123.928		70.1957		53.3593		2.83794e-05		971.182		59.1351		41.4863		64.7933
665		144.877		17.7969		123.836		70.2651		53.2226		0.00211826		607.124		59.3705		41.5736		64.4657
666		145.706		17.7677		124.328		70.4637		53.3897		0.00332536		558.079		59.5958		41.8281		64.7326
667		144.857		17.681		123.647		70.1049		53.1958		0.000213886		522.092		59.1416		41.4606		64.5049
668		145.47		17.7738		124.238		70.4539		53.3785		0.115146		987.058		59.5294		41.7556		64.7083
669		145.364		17.7877		124.003		70.3762		53.326		0.0757156		1045.29		59.5445		41.7568		64.4582
670		145.878		17.7882		124.494		70.5666		53.5276		0.000791207		549.827		59.5725		41.7843		64.9213
671		145.887		17.9223		124.917		70.7438		53.5605		0.480475		1249.29		59.9279		42.0056		64.9894
672		146.942		18.1287		125.368		71.1589		53.8257		0.933299		1022.49		60.0722		41.9436		65.2962
673		145.908		17.8766		124.492		70.5556		53.5248		0.155829		788.867		59.3875		41.5109		65.1046
674		146.675		17.9631		125.358		70.9195		53.703		0.130829		732.846		59.7955		41.8324		65.5628
675		146.362		17.9472		124.875		70.8621		53.6694		0.277765		548.01		59.8205		41.8732		65.055
676		146.245		17.8157		124.674		70.7016		53.5736		0.00880695		618.933		59.6725		41.8568		65.0017
677		146.027		17.7742		124.789		70.6875		53.5461		0.489558		827.915		59.6795		41.9053		65.1092
678		145.967		17.8721		124.54		70.5907		53.5454		0.304401		543.464		59.553		41.6809		64.9868
679		146.098		17.7495		124.608		70.6278		53.6798		0.00194176		997.506		59.6134		41.8639		64.9949
680		146.283		17.8983		124.874		70.8831		53.674		0.00303803		836.653		59.9264		42.0281		64.9477
681		145.232		17.7993		123.909		70.1984		53.2507		0.00054321		678.473		59.354		41.5547		64.5553
682		144.738		17.6605		123.493		69.9974		53.2472		9.0718e-05		967.999		58.9219		41.2613		64.5715
683		146.73		17.9988		125.146		71.039		53.8204		0.0559453		934.028		59.956		41.9572		65.1899
684		145.146		17.8352		123.91		70.2641		53.2061		0.00150097		983.073		59.4381		41.6029		64.472
685		146.519		17.979		125.008		70.9003		53.6696		0.932371		1020.42		59.8834		41.9044		65.1242
686		145.818		17.9305		124.478		70.5652		53.418		0.866686		1250.64		59.6655		41.735		64.8122
687		146.818		17.962		125.227		71.1122		53.9217		0.32988		849.803		60.0677		42.1058		65.1597
688		146.323		17.9095		124.877		70.7751		53.7119		0.00181954		570.671		59.7322		41.8227		65.145
689		145.557		17.7032		124.249		70.3462		53.3705		9.31617e-05		895.315		59.4077		41.7045		64.8412
690		145.441		17.6697		124.2		70.4328		53.4435		0.00113755		464.129		59.4657		41.796		64.7341
691		146.638		17.9786		125.139		70.9849		53.7813		0.218783		541.96		60.0311		42.0524		65.1076
692		145.62		17.7352		124.172		70.4087		53.3991		0.000233425		858.852		59.4814		41.7462		64.6903
693		146.094		17.9452		124.573		70.755		53.5586		0.0838056		1134.52		59.8376		41.8924		64.7357
694		146.591		17.9606		124.965		70.979		53.8134		0.00149792		843.673		59.9493		41.9887		65.0154
695		144.859		17.6739		123.708		70.1927		53.2222		0.00199624		585.161		59.4015		41.7276		64.3067
696		145.643		17.7543		124.447		70.5122		53.6091		0.0122493		457.033		59.3702		41.6159		65.0773
697		146.599		17.9422		125.142		71.0071		53.8618		0.359826		808.673		59.9803		42.0381		65.162
698		146.869		17.8433		125.386		70.9685		53.8799		6.23241e-05		640.317		59.8924		42.0492		65.4934
699		144.562		17.5832		123.458		69.8294		52.9948		1.19545e-05		704.568		58.9791		41.3959		64.4789
700		145.254		17.8022		123.889		70.2164		53.2094		0.00309116		596.81		59.2588		41.4566		64.6299
701		146		17.7437		124.452		70.5279		53.5288		1.39977e-05		755.819		59.4429		41.6992		65.0089
702		146.302		17.9516		124.835		70.9076		53.6598		0.0247247		616.492		59.9569		42.0053		64.8781
703		145.132		17.6373		123.696		70.1653		53.3058		0.000273824		774.51		59.2439		41.6066		64.4524
704		146.895		18.0449		125.297		71.0992		53.8116		0.565237		971.161		60.024		41.9791		65.2734
705		144.909		17.7898		123.836		70.2865		53.174		0.0359435		1094.12		59.484		41.6943		64.3519
706		146.322		17.9045		124.977		70.8553		53.7718		0.117647		1070.9		59.8472		41.9427		65.1297
707		145.648		17.6678		124.313		70.4787		53.5275		0.00198279		449.841		59.5114		41.8436		64.8019
708		144.957		17.7083		123.791		70.1246		53.1806		1.66662e-05		764.085		59.1938		41.4855		64.5973
709		145.125		17.8498		123.728		70.3124		53.2317		0.317159		706.19		59.481		41.6312		64.2468
710		145.077		17.7011		123.762		70.1146		53.2083		0.0365605		965.305		59.229		41.5279		64.5332
711		146.237		17.8467		124.806		70.7295		53.7044		0.0038502		895.649		59.6927		41.846		65.1129
712		147.548		18.1625		125.963		71.4718		54.0191		1.29813		1020.95		60.5136		42.3511		65.4496
713		146.472		18.0015		125.104		70.9814		53.6596		1.16118		1089.39		60.1004		42.0989		65.0036
714		146.809		18.034		125.305		71.1539		53.8051		1.52332		1008.38		60.262		42.228		65.0431
715		145.053		17.5794		123.605		69.9545		53.2377		0.00127919		979.87		58.9847		41.4053		64.6202
716		145.689		17.8629		124.551		70.5974		53.4636		0.877302		908.706		59.6547		41.7918		64.8961
717		145.725		17.7613		124.417		70.522		53.5165		0.000676842		666.866		59.5902		41.8289		64.8266
718		146.992		18.0192		125.452		71.125		53.8701		6.28137e-05		539.471		60.1441		42.1249		65.3079
719		146.017		17.884		124.564		70.7397		53.6487		0.509222		663.614		59.7085		41.8245		64.8558
720		146.354		17.9207		124.81		70.8234		53.6589		0.25449		589.747		59.8306		41.9099		64.9797
721		145.18		17.8161		123.813		70.3127		53.2973		5.35243e-05		565.522		59.3893		41.5732		64.4236
722		146.16		17.9289		124.83		70.7149		53.5321		1.0028		1133.38		59.7341		41.8052		65.0955
723		145.338		17.7597		124.048		70.2724		53.3409		0.000432518		932.162		59.2958		41.536		64.7526
724		144.76		17.6896		123.754		70.0934		53.2131		3.28151e-06		1198.51		59.1353		41.4457		64.6183
725		146.038		17.7955		124.491		70.5715		53.5604		0.00119213		699.546		59.5484		41.753		64.9427
726		144.561		17.5397		123.318		69.8708		53.0847		0.000659501		981.822		58.9254		41.3857		64.3922
727		145.058		17.7714		123.89		70.2888		53.2463		0.341455		527.848		59.43		41.6586		64.4599
728		146.77		17.9195		125.187		71.087		53.8896		0.391511		615.616		60.0972		42.1778		65.0896
729		146.419		17.865		124.913		70.8465		53.7157		5.10553e-05		817.444		59.8389		41.9738		65.0746
730		145.9		17.7317		124.393		70.5477		53.578		0.00071119		665.282		59.526		41.7943		64.8671
731		145.152		17.7593		124.102		70.345		53.2946		0.00230135		1004.06		59.5078		41.7484		64.594
732		145.992		17.8312		124.461		70.6297		53.5741		0.000928387		569.03		59.6738		41.8427		64.7868
733		145.705		18.0025		124.48		70.6247		53.3752		0.105442		932.835		59.6508		41.6483		64.8291
734		146.604		18.0435		125.214		71.0641		53.764		0.788482		1118.98		60.1506		42.1071		65.0636
735		145.156		17.746		123.959		70.2572		53.3215		0.000669548		583.388		59.3602		41.6142		64.5992
736		146.465		18.0131		124.888		70.9886		53.714		0.285979		497.268		60.072		42.0589		64.8164
737		145.653		17.7993		124.355		70.4774		53.4568		0.00129074		891.937		59.493		41.6938		64.8619
738		147.686		18.1096		126.088		71.5337		54.105		0.5584		902.85		60.4127		42.303		65.6752
739		145.364		17.7243		124.256		70.3077		53.3877		6.2619e-05		494.002		59.2618		41.5376		64.9945
740		145.669		17.7903		124.336		70.4598		53.4571		0.00224578		677.035		59.4595		41.6693		64.8765
741		146.45		17.8735		125		70.8565		53.7958		0.00299951		946.705		59.7822		41.9087		65.2177
742		146.321		17.9789		124.908		70.9215		53.6871		0.000322196		687.837		59.975		41.9962		64.9332
743		145.655		17.6704		124.12		70.2945		53.3675		2.85001e-05		873.236		59.3668		41.6964		64.753
744		145.255		17.7047		124.196		70.2346		53.3286		0.000333327		655.073		59.3387		41.634		64.857
745		146.626		17.9905		124.982		70.8842		53.6509		1.19667		1078.47		59.9275		41.9369		65.0544
746		145.69		17.8324		124.381		70.5267		53.4677		0.000394176		528.435		59.5963		41.7638		64.7843
747		145.201		17.6764		124.151		70.2991		53.385		0.0705339		717.117		59.3951		41.7187		64.7561
748		144.964		17.6532		123.527		70.048		53.1869		1.13615e-05		1016.05		59.1382		41.485		64.3892
749		145.642		17.7331		124.182		70.4605		53.4947		0.00274286		872.574		59.4938		41.7606		64.6879
750		145.973		17.7842		124.308		70.4832		53.4922		0.226504		679.683		59.5179		41.7337		64.7903
751		143.132		17.3765		122.188		69.1829		52.5873		2.0262e-05		963.457		58.2981		40.9215		63.8904
752		144.897		17.583		123.533		69.9209		53.2234		1.99165e-05		1114.69		58.8788		41.2958		64.6539
753		145.294		17.7117		124.022		70.234		53.2559		0.00107826		617.898		59.39		41.6783		64.6319
754		147.14		17.9781		125.499		71.1882		53.9299		0.31739		459.615		60.1119		42.1338		65.387
755		147.234		18.161		125.722		71.4355		54.0298		0.721613		1130.83		60.4798		42.3189		65.2419
756		144.683		17.6355		123.558		69.944		53.1183		0.00120543		702.887		58.9467		41.3112		64.6117
757		146.286		17.8944		124.782		70.7989		53.7183		0.308883		566.888		59.7052		41.8108		65.0771
758		146.143		17.7342		124.724		70.5453		53.6136		0.000381953		1156		59.3983		41.6641		65.3253
759		144.698		17.6779		123.44		70.0025		53.0575		0.290993		1129.79		59.1623		41.4844		64.2772
760		146.431		17.955		124.938		70.8792		53.6004		0.0254797		583.918		59.9613		42.0063		64.9769
761		145.327		17.815		124.08		70.4175		53.3678		0.718377		1121.44		59.5259		41.7109		64.5545
762		146.645		17.9382		125.071		70.863		53.7028		8.55603e-05		711.232		59.987		42.0488		65.0844
763		146.135		17.831		124.771		70.8205		53.6422		0.00183664		560.092		59.9092		42.0783		64.862
764		146.653		18.0808		125.424		71.1076		53.7281		1.30892		1109.15		60.0427		41.9618		65.3818
765		145.636		17.8334		124.187		70.5067		53.4605		0.00889486		432.908		59.5338		41.7004		64.6536
766		146.388		17.9867		124.882		70.8255		53.6372		0.809175		1101.55		59.809		41.8224		65.0734
767		146.063		17.9234		124.661		70.6751		53.5539		0.00888656		703.448		59.6733		41.7499		64.9881
768		145.255		17.7772		123.898		70.2024		53.2287		0.000984014		620.481		59.2184		41.4413		64.6796
769		145.783		17.8345		124.743		70.5392		53.4262		0.0014778		1145.73		59.6527		41.8182		65.0902
770		144.567		17.5984		123.37		69.8831		53.0638		0.000340095		958.001		58.9739		41.3755		64.396
771		144.447		17.5987		123.175		69.7795		53.008		0.000771582		1018.96		58.8821		41.2834		64.2931
772		145.71		17.8235		124.436		70.5671		53.4675		0.00104695		859.394		59.5924		41.7689		64.8436
773		145.813		17.8995		124.117		70.4846		53.4055		0.193204		980.261		59.5734		41.674		64.5434
774		146.387		17.9475		124.791		70.8595		53.6641		0.703191		1247.24		59.8704		41.9229		64.9207
775		145.137		17.6634		123.81		70.1367		53.2497		0.000821944		958.409		59.1924		41.529		64.6174
776		144.903		17.7091		123.793		70.0951		53.1599		0.279985		520.144		59.1101		41.401		64.6834
777		145.362		17.6605		123.942		70.2674		53.3124		0.742536		1003.53		59.3245		41.664		64.6176
778		144.787		17.6515		123.614		70.0301		53.153		1.80915e-06		1019.95		59.1838		41.5323		64.43
779		146.913		18.1277		125.397		71.3152		53.8958		0.491154		1024.52		60.3726		42.2449		65.0246
780		147.365		17.967		125.865		71.3073		54.0844		0.537021		740.35		60.2131		42.2461		65.6521
781		146.08		17.865		124.605		70.7509		53.6543		0.182731		644.211		59.7901		41.925		64.815
782		145.856		17.775		124.233		70.4781		53.4345		0.403212		1051.71		59.522		41.747		64.7113
783		146.025		17.8346		124.748		70.694		53.6176		0.0167885		968.933		59.7646		41.93		64.9835
784		145.337		17.6451		123.776		70.0824		53.3669		5.81542e-06		1202.07		59.0843		41.4391		64.6919
785		145.772		18.037		124.671		70.8329		53.4214		1.50547		848.28		60.0379		42.001		64.6334
786		145.892		17.9284		124.819		70.7673		53.6172		0.200266		736.004		59.7526		41.8242		65.0662
787		147.259		18.0598		125.671		71.268		53.9248		0.757853		1023.09		60.2457		42.186		65.425
788		145.58		17.8121		124.071		70.4862		53.4015		0.000289135		566.448		59.6465		41.8344		64.4243
789		146.33		17.8414		124.956		70.7694		53.674		0.00401115		725.186		59.7714		41.93		65.1849
790		146.26		17.8901		124.941		70.7853		53.5643		0.759556		1074.21		59.8845		41.9944		65.0561
791		145.91		17.9437		124.666		70.6828		53.387		1.04655		1121.78		59.8892		41.9456		64.7771
792		146.539		17.9572		125.068		70.8138		53.6718		0.111795		824.24		59.6703		41.7131		65.3977
793		145.971		17.8886		124.602		70.8008		53.6449		0.223751		529.615		59.9123		42.0238		64.6892
794		145.098		17.8006		124.17		70.3041		53.2961		0.0194523		1092.24		59.2774		41.4768		64.8931
795		145.081		17.5811		123.58		70.1291		53.294		0.000265788		1004.66		59.1764		41.5953		64.4037
796		146.084		17.8032		124.676		70.6309		53.6342		0.00168969		598.901		59.6106		41.8073		65.0657
797		145.481		17.7075		124.32		70.3884		53.4128		0.00248451		870.357		59.3299		41.6224		64.9904
798		145.902		17.8584		124.743		70.5962		53.5299		0.298315		945.038		59.6784		41.82		65.0645
799		145.387		17.7549		123.976		70.2682		53.3128		0.00221247		558.209		59.3209		41.566		64.6555
800		145.683		17.7973		124.334		70.459		53.4536		0.00140698		526.086		59.4062		41.6089		64.9277
801		146.953		17.9811		125.511		71.1537		53.858		0.920627		1054.11		60.2428		42.2616		65.2682
802		145.908		17.7856		124.6		70.5624		53.4895		0.352492		565.184		59.6818		41.8963		64.9185
803		145.442		17.6899		124.022		70.3004		53.3912		0.000183659		773.926		59.3415		41.6516		64.6801
804		145.55		17.6081		124.023		70.1835		53.4656		0.00132249		1160.36		59.1138		41.5058		64.9094
805		145.897		17.8813		124.863		70.6553		53.5696		0.201186		776.186		59.7601		41.8787		65.1033
806		145.277		17.7623		123.787		70.3162		53.2437		7.37949e-05		662.77		59.5196		41.7573		64.2674
807		145.308		17.7651		124.248		70.3019		53.2699		0.175742		784.441		59.5015		41.7364		64.7463
808		145.097		17.7704		123.66		70.193		53.2306		0.0028238		909.568		59.2307		41.4603		64.4298
809		145.002		17.6113		123.765		70.068		53.2173		0.000419932		862.593		59.1192		41.5079		64.6458
810		145.015		17.7029		123.724		70.1176		53.0882		0.000484514		651.535		59.2638		41.5609		64.4598
811		145.621		17.8437		124.233		70.4111		53.4018		0.23736		607.586		59.3517		41.508		64.8811
812		147.04		17.965		125.687		71.1828		53.9085		1.01727		1078.39		60.1802		42.2152		65.5072
813		146.13		17.884		124.633		70.6706		53.6236		0.000321862		575.105		59.6392		41.7552		64.9943
814		145.11		17.8046		123.847		70.3033		53.1564		1.50532		925.191		59.4719		41.6673		64.3751
815		145.512		17.9327		124.243		70.4517		53.3354		0.255621		498.885		59.4562		41.5235		64.7864
816		147.022		17.9672		125.363		71.1503		53.8314		0.162045		696.725		60.1187		42.1515		65.2444
817		146.369		17.8522		124.988		70.743		53.5928		0.312503		886.874		59.9286		42.0764		65.0594
818		147.176		18.0173		125.671		71.2666		53.9228		1.46294		1023.47		60.2964		42.2791		65.3743
819		146.625		17.8505		125.098		70.8994		53.8014		0.00393991		532.545		59.8099		41.9594		65.2883
820		145.784		17.754		124.521		70.5804		53.5239		0.619541		780.722		59.5385		41.7845		64.9821
821		146.183		17.8922		124.74		70.6818		53.6061		0.000139389		1155.51		59.8072		41.915		64.933
822		144.418		17.7181		123.303		69.8595		52.947		0.0121678		730.4		58.9768		41.2587		64.3258
823		145.067		17.7672		123.858		70.1967		53.21		0.168472		685.346		59.2877		41.5206		64.5699
824		145.634		17.8575		124.388		70.5078		53.4379		0.258466		583.515		59.5602		41.7026		64.8278
825		145.406		17.7777		124.096		70.4533		53.3894		0.19394		604.408		59.4994		41.7218		64.5969
826		145.881		17.7705		124.514		70.5419		53.5502		0.00497729		564.703		59.5146		41.7441		64.9994
827		146.714		17.9675		125.221		70.9487		53.7345		0.608363		1154.79		59.8947		41.9272		65.3262
828		145.881		17.9682		124.577		70.6582		53.3802		0.747446		997.033		59.6911		41.7229		64.8861
829		144.954		17.6299		123.771		70.1053		53.2598		0.000358262		762.822		59.1662		41.5364		64.6044
830		144.817		17.689		123.521		70.0472		53.1494		0.00179952		513.792		59.0752		41.3862		64.4454
831		145.576		17.7299		123.976		70.302		53.408		0.00367838		1009.12		59.2646		41.5347		64.7112
832		145.4		17.6841		123.968		70.3045		53.442		0.00339357		1072.2		59.2883		41.6042		64.6799
833		147.137		18.0527		125.399		71.2269		53.8811		1.43939		949.138		60.2262		42.1735		65.1728
834		145.732		17.8142		124.284		70.4584		53.4759		0.00235144		737.522		59.4168		41.6026		64.8673
835		145.129		17.7531		123.757		70.2538		53.1902		0.362616		554.211		59.3523		41.5992		64.4048
836		145.254		17.7276		123.912		70.2155		53.2463		0.0162876		557.982		59.3595		41.632		64.5523
837		146.037		17.8375		124.592		70.6759		53.6451		0.00426458		523.837		59.6086		41.7711		64.9835
838		146.902		18.0604		125.432		71.1227		53.8134		1.10957		1026.63		60.1025		42.042		65.33
839		146.325		17.8332		124.676		70.7075		53.5746		0.726817		1252.64		59.7874		41.9543		64.8882
840		146.328		17.8418		124.926		70.7271		53.5972		0.580653		1128.64		59.746		41.9042		65.18
841		145.706		17.9371		124.294		70.6555		53.4112		1.97726		919.935		59.8339		41.8968		64.4598
842		145.522		17.6517		124.282		70.2821		53.3994		6.12667e-05		1051.83		59.2513		41.5996		65.0311
843		145.355		17.7461		124.023		70.3845		53.4066		0.260176		574.3		59.514		41.7679		64.5085
844		146.066		17.8745		124.692		70.6988		53.4617		0.762854		1157.55		59.7912		41.9166		64.9013
845		146.712		18.007		125.266		71.0565		53.753		0.802616		1007.51		60.048		42.0409		65.218
846		145.782		17.8624		124.501		70.5525		53.4806		0.000141731		774.947		59.5752		41.7128		64.9257
847		145.877		17.728		124.129		70.4293		53.5333		0.000316946		938.447		59.508		41.7799		64.6206
848		145.858		17.7046		124.45		70.465		53.5298		5.82597e-06		1133.61		59.466		41.7613		64.9837
849		145.669		17.8463		124.442		70.5647		53.4251		0.0086166		518.687		59.6192		41.7729		64.823
850		145.225		17.7571		123.95		70.3243		53.2859		0.180671		634.032		59.4948		41.7378		64.4549
851		145.266		17.8378		124.008		70.3407		53.2808		6.40105e-06		788.482		59.4337		41.5959		64.5745
852		146.916		18.0077		125.464		71.1419		53.844		0.111286		983.786		60.0801		42.0724		65.3839
853		146.22		17.8999		124.7		70.7647		53.6828		0.0259772		1131.47		59.7004		41.8004		64.9995
854		146.123		17.8827		124.679		70.722		53.6762		0.084363		864.876		59.6045		41.7218		65.0748
855		146.968		18.057		125.552		71.1842		53.8495		1.39509		1013.05		60.2521		42.1951		65.2998
856		145.038		17.6663		123.769		70.1953		53.2649		0.000104697		561.449		59.328		41.6618		64.4411
857		146.221		17.9297		124.93		70.8105		53.539		0.426861		877.831		59.9771		42.0473		64.9532
858		144.958		17.7092		123.682		70.0277		53.1088		0.00463328		901.065		59.1792		41.47		64.5033
859		146.518		18.0306		125.12		71.0149		53.7224		0.846255		882.688		60.0079		41.9774		65.1122
860		145.505		17.7677		124.172		70.2704		53.3197		0.00166945		881.765		59.3056		41.5379		64.8664
861		145.32		17.7032		123.938		70.2221		53.2977		1.70643e-05		785.881		59.3313		41.6281		64.6066
862		145.879		17.7615		124.445		70.5392		53.5516		0.156642		1126.9		59.5431		41.7816		64.9014
863		144.804		17.6853		123.455		70.036		53.1013		0.000260811		962.723		59.2138		41.5285		64.241
864		147.226		18.0557		125.698		71.2767		53.9878		0.000258968		730.501		60.2939		42.2383		65.4039
865		146.566		17.9611		125.086		70.9058		53.6719		0.2426		545.658		60.0454		42.0843		65.0406
866		145.454		17.8195		124.165		70.3626		53.3936		0.000383771		547.702		59.3276		41.5081		64.8371
867		144.902		17.5967		123.512		69.9917		53.1647		0.00010271		852.412		59.0549		41.4582		64.4574
868		143.748		17.5779		122.731		69.6016		52.8095		4.08171e-05		679.133		58.7133		41.1355		64.0178
869		146.329		17.7884		124.75		70.6584		53.7799		7.28351e-05		1042.36		59.4657		41.6773		65.2844
870		146.733		17.9431		125.155		70.9887		53.8449		0.449001		881.814		59.9198		41.9767		65.2349
871		146.239		17.977		124.545		70.7435		53.5624		0.133508		1144.1		59.7765		41.7994		64.7686
872		147.396		18.0414		125.834		71.3012		53.9752		0.937394		1078.24		60.3577		42.3163		65.4758
873		147.064		17.984		125.655		71.2905		53.9666		0.561667		821.603		60.236		42.2521		65.4194
874		144.321		17.5047		122.992		69.7141		53.0605		0.00116441		1114.61		58.7506		41.2459		64.2413
875		145.207		17.6504		123.862		70.2116		53.2914		0.0640754		962.658		59.2677		41.6173		64.5943
876		145.435		17.8081		124.075		70.4078		53.3507		0.000315848		671.233		59.4503		41.6422		64.6249
877		144.891		17.6069		123.612		70.0548		53.2406		0.000169207		974.393		59.1223		41.5154		64.4899
878		146.512		17.8128		125.007		70.7151		53.7322		0.000269139		1069.9		59.6274		41.8146		65.38
879		144.926		17.6105		123.641		70.1287		53.3126		0.000447941		802.565		59.2227		41.6122		64.4182
880		146.161		17.9295		124.681		70.7392		53.6062		0.682088		1008.37		59.7177		41.7881		64.9637
881		145.285		17.7577		124.047		70.2779		53.288		0.00237786		963.646		59.3849		41.6272		64.6619
882		145.564		17.8268		124.315		70.544		53.495		0.000480559		618.276		59.6267		41.7999		64.6881
883		145.411		17.7766		124.081		70.4588		53.4904		0.00583076		1014.16		59.4937		41.7171		64.5877
884		147.036		17.914		125.411		71.1748		53.9447		0.000291125		511.804		60.1328		42.2188		65.2784
885		146.104		17.7873		124.773		70.7149		53.5896		0.000156795		862.023		59.7701		41.9828		65.0033
886		145.377		17.8041		123.961		70.3561		53.2592		0.642899		1142.86		59.494		41.6899		64.4673
887		146.111		17.8087		124.704		70.6709		53.683		0.00167534		511.107		59.581		41.7723		65.1235
888		146.776		18.1317		125.263		71.1391		53.7438		1.79615		1016.49		60.199		42.0673		65.064
889		146.05		17.8215		124.784		70.6766		53.5938		0.00640252		626.123		59.6772		41.8557		65.1071
890		143.925		17.5023		122.934		69.5924		52.9291		0.000318992		1189.64		58.6208		41.1185		64.313
891		145.298		17.8503		124.115		70.3541		53.2362		0.683581		1198.61		59.4558		41.6055		64.6588
892		146.487		17.9429		125.25		70.9429		53.7701		0.101258		1316.81		60.0084		42.0655		65.2412
893		145.035		17.6602		123.647		70.1256		53.2544		1.14731e-05		677.028		59.1613		41.5012		64.4861
894		146.58		17.9759		125.01		70.8823		53.7468		0.0901579		717.918		59.8671		41.8911		65.1425
895		144.854		17.6185		123.531		69.9622		53.2539		3.82203e-06		1164.62		58.9139		41.2954		64.6168
896		146.576		17.9776		125.066		71.0245		53.7286		0.596183		974.228		60.0437		42.066		65.0219
897		146.531		17.9795		125.092		70.9652		53.8021		0.0645486		680.883		59.9081		41.9285		65.1835
898		144.551		17.6795		123.403		69.9161		52.9958		0.000672196		644.644		59.1527		41.4732		64.25
899		146.057		17.8021		124.617		70.5501		53.5802		0.207781		549.385		59.5172		41.7151		65.1
900		145.373		17.9308		124.155		70.5173		53.3031		0.000842791		687.089		59.6345		41.7036		64.5205
901		144.819		17.6989		123.628		70.0886		53.0932		5.57763e-05		809.134		59.3018		41.603		64.3264
902		146.656		17.9579		125.117		70.9597		53.7215		0.0910664		981.027		59.9658		42.0079		65.1507
903		144.771		17.7492		123.631		70.0363		53.1172		0.00042482		1034.16		59.0452		41.296		64.5856
904		146.821		18.1132		125.331		71.1586		53.7648		0.617528		1140.84		60.2542		42.1411		65.0769
905		146.484		17.8522		124.942		70.8091		53.7342		0.000234698		988.043		59.863		42.0108		65.0786
906		145.347		17.8678		123.907		70.3443		53.3029		0.32834		705.793		59.4147		41.5469		64.4918
907		145.179		17.7144		123.861		70.2023		53.2469		0.00125161		497.328		59.2159		41.5016		64.6452
908		145.634		17.8073		124.508		70.5344		53.4644		0.464094		1083.59		59.5921		41.7848		64.9159
909		145.833		17.8064		124.458		70.5156		53.4289		0.0491326		994.988		59.5879		41.7816		64.8705
910		146		17.7695		124.62		70.5248		53.5771		5.42374e-05		607.031		59.4351		41.6656		65.1846
911		144.841		17.7629		123.593		70.1094		53.084		0.00123452		634.677		59.2024		41.4395		64.3901
912		146.738		17.9199		125.198		70.9033		53.7484		0.848749		1172.09		59.7777		41.8578		65.4204
913		146.768		17.9893		125.044		71.0061		53.7926		0.844755		1249.92		60.0632		42.0738		64.9813
914		146.989		18.1537		125.641		71.3196		53.8212		1.37202		926.529		60.3755		42.2218		65.2651
915		144.791		17.5881		123.527		69.9351		53.1861		0.000509069		705.37		58.9125		41.3244		64.6148
916		146.246		17.8401		124.751		70.6699		53.6212		0.639176		1045.95		59.6715		41.8314		65.0794
917		145.824		17.8742		124.381		70.5828		53.478		0.000357489		776.626		59.6054		41.7312		64.776
918		146.144		17.8106		124.834		70.7448		53.6009		0.0073286		913.71		59.7856		41.975		65.0482
919		146.685		17.8816		125.067		70.8558		53.806		0.000417992		727.976		59.7358		41.8542		65.3309
920		144.35		17.6794		123.482		69.9747		53.0935		0.000735383		1028.18		59.0013		41.3219		64.4807
921		145.467		17.693		124.151		70.3718		53.3961		0.000412404		951.321		59.4432		41.7502		64.7075
922		144.861		17.7125		123.404		69.9614		53.0883		8.99563e-05		1229.13		59.0907		41.3782		64.3135
923		146.364		17.7998		124.877		70.6847		53.6402		2.6194e-08		633.865		59.6196		41.8197		65.2572
924		146.009		17.7959		124.602		70.6141		53.5596		3.10246e-05		579.457		59.5657		41.7697		65.036
925		145.209		17.6948		123.978		70.183		53.2903		0.000208177		1085.73		59.1329		41.4381		64.8451
926		145.653		17.7396		124.424		70.4131		53.4532		7.97443e-05		1147.16		59.4809		41.7413		64.9431
927		145.656		17.7249		124.129		70.3726		53.414		0.207281		627.928		59.4632		41.7383		64.6661
928		145.739		17.9567		124.413		70.5861		53.4407		0.0301608		944.442		59.6832		41.7265		64.7294
929		147.034		18.0444		125.463		71.1815		53.8757		0.966059		995.342		60.0836		42.0392		65.3795
930		145.536		17.6342		123.955		70.1506		53.3606		5.70699e-05		1249.61		59.1087		41.4745		64.8466
931		145.232		17.6519		123.812		70.1374		53.3245		0.000200934		708.82		59.1904		41.5385		64.6215
932		144.023		17.5108		122.889		69.5791		52.8526		1.78386e-05		946.876		58.6814		41.1706		64.208
933		145.446		17.8133		124.175		70.5081		53.3475		0.814582		918.28		59.6968		41.8834		64.4784
934		146.122		17.9718		124.84		70.8152		53.5088		1.69862		933.043		59.9811		42.0092		64.8589
935		145.04		17.5633		123.586		69.955		53.2671		0.000239581		1088.83		58.9297		41.3664		64.6565
936		145.08		17.6494		123.628		70.1601		53.3249		6.69651e-06		563.696		59.2442		41.5948		64.3833
937		145.092		17.7093		124.051		70.2585		53.2849		0.112342		754.924		59.321		41.6117		64.7297
938		145.782		17.7249		124.262		70.5097		53.4601		0.68041		830.996		59.5636		41.8387		64.6987
939		146.708		17.9193		125.192		70.9379		53.7849		0.07864		1057.97		59.9793		42.06		65.2127
940		145.739		17.8557		124.514		70.5779		53.4358		0.461984		971.598		59.732		41.8763		64.7816
941		146.207		18.1023		125.049		71.0276		53.5643		1.66061		911.73		60.1764		42.0741		64.8726
942		146.769		17.9343		125.232		70.9647		53.86		0.783191		1114.23		59.8973		41.963		65.335
943		145.779		17.9447		124.463		70.7496		53.4977		0.711917		916.569		59.8473		41.9025		64.6157
944		145.155		17.6019		123.905		70.2021		53.3516		1.8159e-08		1034.95		59.2429		41.6409		64.6622
945		146.011		17.8438		124.581		70.7059		53.5488		0.952062		1114.68		59.7897		41.9459		64.7915
946		146.546		17.9497		124.962		70.8733		53.7203		0.427138		912.323		59.8731		41.9233		65.0886
947		147.174		18.075		125.721		71.3309		54.0767		0.414726		894.89		60.2766		42.2016		65.444
948		146.153		17.8791		124.838		70.8271		53.625		0.012329		584.537		59.8663		41.9872		64.9715
949		145.691		17.7294		124.282		70.4053		53.4232		0.000300462		716.093		59.4085		41.6791		64.8739
950		146.375		17.9723		124.942		70.8535		53.5918		0.803672		1069.62		59.9149		41.9426		65.027
951		145.37		17.7105		124.352		70.3323		53.4226		3.39979e-05		1209.23		59.2589		41.5484		65.0932
952		146.961		17.9796		125.486		71.1091		53.9118		0.000290687		802.888		60.1018		42.1222		65.3837
953		146.43		17.8357		124.918		70.8082		53.75		0.00266053		596.022		59.7638		41.9281		65.1544
954		145.933		17.8466		124.531		70.6165		53.5048		0.163325		663.505		59.6673		41.8207		64.8639
955		145.971		17.8411		124.592		70.6177		53.5656		0.00144685		570.931		59.5882		41.7472		65.0042
956		146.878		18.129		125.302		71.1376		53.7203		1.42936		1039.59		60.2309		42.1018		65.0707
957		146.267		17.7952		124.791		70.714		53.6347		0.100979		823.416		59.7268		41.9317		65.0646
958		145.759		17.8909		124.468		70.6562		53.5204		1.15797		996.854		59.7241		41.8332		64.7437
959		144.919		17.7607		123.811		70.2187		53.299		0.000793661		570.147		59.2231		41.4624		64.5884
960		146.651		18.0202		125.274		71.0988		53.8097		0.499764		1030.09		60.1243		42.1041		65.1495
961		145.266		17.7534		123.904		70.2324		53.2168		0.135037		1132.18		59.3231		41.5697		64.5805
962		146.131		17.8988		124.483		70.7668		53.5481		0.00641925		589.046		59.9289		42.0301		64.5542
963		145.398		17.7967		124.027		70.3872		53.3274		0.172558		645.557		59.4617		41.665		64.5651
964		147.267		18.0323		125.681		71.2719		53.9803		0.0525598		686.998		60.2505		42.2182		65.431
965		145.378		17.7646		123.994		70.2976		53.3296		1.76742e-05		1142.14		59.3655		41.6008		64.6283
966		145.048		17.635		123.721		70.1008		53.196		4.25069e-05		622.917		59.1365		41.5015		64.5842
967		145.926		17.8652		124.474		70.6437		53.5177		0.204291		839.164		59.6812		41.816		64.793
968		145.98		17.6747		124.593		70.4572		53.627		0.00186097		947.559		59.3572		41.6825		65.2362
969		144.823		17.8471		123.595		70.1389		53.0925		0.315093		839.566		59.2193		41.3722		64.3756
970		146.863		17.884		125.252		70.9976		53.9234		0.0787777		1058.07		59.921		42.037		65.3312
971		145.463		17.7036		124.183		70.3493		53.3931		0.00045755		718.736		59.4295		41.7258		64.7537
972		146.025		17.7509		124.766		70.5849		53.6378		0.00161857		802.771		59.5408		41.79		65.2256
973		146.416		17.9232		124.902		70.9097		53.7319		4.96497e-05		820.068		59.9687		42.0454		64.9338
974		145.472		17.7657		124.175		70.3901		53.3813		0.00343399		611.325		59.4444		41.6787		64.7306
975		145.718		17.5986		124.279		70.2734		53.4459		0.00244357		770.658		59.2221		41.6235		65.0571
976		144.534		17.5716		123.406		69.8133		53.049		0.0012446		1189.93		58.845		41.2734		64.5606
977		146.29		18.0642		124.972		70.9397		53.6153		0.877705		1082.31		60.0518		41.9876		64.9201
978		146.08		17.8795		124.648		70.6913		53.5441		0.198945		933.438		59.8017		41.9222		64.8467
979		146.094		17.9419		124.755		70.719		53.5594		0.943651		1167.69		59.6739		41.732		65.0812
980		145.601		17.7555		124.261		70.3776		53.3547		0.791186		1064.79		59.4736		41.7181		64.787
981		145.264		17.6595		123.901		70.129		53.2717		0.0123997		608.824		59.1322		41.4727		64.7686
982		144.873		17.781		123.663		70.1335		53.0929		0.00508772		780.766		59.2023		41.4213		64.4607
983		146.036		17.8749		124.488		70.6459		53.6196		0.000140748		1036.52		59.6156		41.7407		64.8729
984		146.126		17.8505		124.669		70.7169		53.7362		3.53852e-06		989.878		59.6568		41.8064		65.0121
985		145.65		17.8468		124.291		70.5172		53.4417		0.00085948		737.076		59.579		41.7322		64.7123
986		146.568		17.8952		125.034		70.9276		53.7376		0.333727		555.868		59.9286		42.0334		65.1055
987		145.938		17.8152		124.628		70.6073		53.5229		0.0766646		1054.53		59.6966		41.8814		64.9313
988		145.807		17.8385		124.378		70.5772		53.4711		0.518656		849.918		59.612		41.7735		64.7662
989		146.084		17.8838		124.785		70.7866		53.596		0.789547		1217.45		59.8544		41.9706		64.9305
990		146.285		17.887		125.009		70.8284		53.6035		0.0020812		579.212		59.8632		41.9762		65.146
991		144.842		17.7663		123.763		70.1503		53.1562		0.721609		1211.43		59.278		41.5117		64.4852
992		146.691		17.9233		125.239		70.9956		53.7499		0.555926		981.97		60.108		42.1847		65.1308
993		146.66		17.9443		125.153		71.0103		53.8043		0.684455		886.056		60.0015		42.0572		65.1517
994		146.416		17.8766		124.863		70.7302		53.686		0.0660502		899.822		59.6311		41.7545		65.2318
995		145.636		17.6942		124.289		70.429		53.4617		4.39421e-05		494.95		59.4314		41.7372		64.8574
996		145.674		17.7866		124.297		70.4845		53.4173		0.00214886		737.882		59.5791		41.7925		64.7181
997		144.042		17.6028		123.119		69.7411		52.927		7.04723e-05		1185.63		58.8139		41.2111		64.3046
998		146.304		17.8834		124.998		70.8291		53.7001		0.360096		775.629		59.8034		41.9201		65.1944
999		145.708		17.6711		124.329		70.4469		53.4574		0.000487164		663.528		59.4512		41.7801		64.8778
1000		146.421		17.8731		125.008		70.8168		53.6658		0.214965		637.583		59.8481		41.975		65.1602
1		145.657		17.8093		124.562		70.6337		53.4949		0.00280034		592.088		59.7209		41.9116		64.8409
1		145.436		17.8499		124.349		70.4201		53.3956		0.0173054		1264.82		59.5337		41.6838		64.8155
