1		134.288		16.2985		114.518		64.9668		49.3148		3.75809e-08		637.301		54.8162		38.5177		59.7018
2		134.813		16.3833		114.894		65.2343		49.4914		2.23266e-05		764.216		55.1136		38.7302		59.7805
3		134.052		16.174		114.079		64.7122		49.3142		1.13773e-06		711.518		54.4944		38.3204		59.5846
4		134.536		16.3618		114.599		65.0852		49.4068		0.000209853		451.585		54.9627		38.6009		59.636
5		134.895		16.4179		115.079		65.2667		49.5689		0.00177526		486.887		55.0772		38.6594		60.0013
6		134.753		16.4966		114.882		65.1553		49.4533		0.000435131		627.257		54.9441		38.4475		59.9379
7		135.478		16.6331		115.422		65.6107		49.6853		1.48148e-05		414.79		55.4633		38.8301		59.9592
8		135.026		16.5049		115.321		65.3929		49.5695		0.565402		786.985		55.2061		38.7012		60.1146
9		135.234		16.5332		115.241		65.3918		49.6369		0.906707		812.73		55.1109		38.5777		60.1304
10		134.432		16.3753		114.552		64.9687		49.3622		0.000343559		632.8		54.7817		38.4064		59.7705
11		134.084		16.4027		114.121		64.8065		49.1754		0.00176902		716.024		54.7209		38.3183		59.4001
12		135.467		16.4977		115.347		65.4712		49.7373		0.45406		701.552		55.1654		38.6677		60.1817
13		134.699		16.3484		114.818		65.1305		49.4788		4.52237e-05		410.67		54.9347		38.5863		59.8834
14		134.945		16.428		114.95		65.268		49.5529		9.52887e-05		467.029		55.1069		38.6789		59.8431
15		135.637		16.5157		115.617		65.5559		49.8042		0.0831644		626.162		55.2425		38.7268		60.3749
16		135.31		16.5477		115.273		65.4264		49.6677		0.408436		634.232		55.169		38.6213		60.1035
17		135.559		16.5824		115.512		65.6122		49.7142		0.169843		422.63		55.419		38.8366		60.0935
18		134.236		16.3459		114.593		64.9143		49.2577		0.000177966		431.741		54.7782		38.4323		59.8144
19		135.159		16.5404		115.237		65.4298		49.5857		1.15794		788.196		55.2688		38.7284		59.9677
20		134.545		16.3783		114.615		65.0109		49.3516		0.000671191		781.753		54.8186		38.4403		59.7964
21		134.27		16.4129		114.435		64.9698		49.2616		3.3033e-06		412.896		54.8714		38.4585		59.564
22		134.923		16.4644		115.035		65.32		49.5227		0.000753585		456.501		55.1439		38.6795		59.891
23		135.761		16.5535		115.911		65.7127		49.8569		0.0975149		490.197		55.5322		38.9786		60.3793
24		134.984		16.5228		115.097		65.3634		49.5414		0.247546		413.978		55.2177		38.6949		59.8796
25		134.591		16.3195		114.629		65.0135		49.3488		0.0099402		671.454		54.8753		38.5558		59.7537
26		134.804		16.4828		114.983		65.2671		49.5017		0.115259		534.078		55.086		38.6033		59.8968
27		135.103		16.4621		115.217		65.3678		49.5769		9.34981e-05		464.502		55.1892		38.727		60.0277
28		136.072		16.5025		116.033		65.7625		49.9159		0.619229		794.906		55.5046		39.0021		60.5284
29		135.267		16.4722		115.39		65.4391		49.6503		0.294012		739.279		55.1877		38.7155		60.2025
30		135.078		16.6223		115.182		65.5404		49.4864		1.64633		729.967		55.5471		38.9248		59.6347
31		134.97		16.3973		115.109		65.2604		49.5162		0.00322494		596.399		55.1567		38.7593		59.952
32		135.122		16.4478		115.019		65.2994		49.5596		6.02214e-06		598.107		55.1068		38.6591		59.9122
33		134.516		16.4497		114.791		65.1253		49.3092		0.676751		803.935		55.0003		38.5506		59.7907
34		135.69		16.6398		115.896		65.755		49.7288		0.807496		861.368		55.6508		39.0111		60.2451
35		134.428		16.342		114.581		64.9935		49.4059		0.00016909		410.518		54.8352		38.4932		59.7457
36		134.29		16.4311		114.546		65.0852		49.302		0.00368348		566.109		54.9775		38.5465		59.5688
37		133.45		16.1529		113.738		64.4467		49.0683		1.39039e-05		816.42		54.2482		38.0953		59.4898
38		135.724		16.6218		115.738		65.6721		49.7333		1.09771		802.965		55.477		38.8552		60.261
39		135.231		16.4177		115.203		65.4115		49.6478		0.551167		765.161		55.1958		38.7781		60.0069
40		135.042		16.4637		114.972		65.2576		49.5879		0.0124506		794.976		54.9992		38.5355		59.9723
41		135.06		16.4897		115.219		65.3557		49.5125		0.60608		787.567		55.1705		38.6808		60.0485
42		136.032		16.6054		116.218		65.8642		49.8953		0.00757451		760.393		55.6578		39.0523		60.5605
43		134.842		16.4638		114.935		65.2048		49.4692		0.00153434		474.463		55.067		38.6032		59.8683
44		133.333		16.2525		113.775		64.4619		49.0039		0.000364186		821.478		54.3399		38.0874		59.4353
45		135.908		16.5885		115.902		65.7533		49.8774		1.28234e-06		442.44		55.4881		38.8996		60.414
46		133.866		16.2817		114.162		64.7608		49.1673		0.000746349		486.008		54.6904		38.4087		59.4717
47		134.631		16.3537		114.759		65.0715		49.4281		0.000284499		652.717		54.8125		38.4589		59.9467
48		134.793		16.322		114.8		65.1151		49.4638		0.000230477		744.891		54.9017		38.5797		59.8984
49		134.327		16.3462		114.421		64.9633		49.3903		0.000343223		473.456		54.7908		38.4447		59.6298
50		134.536		16.4051		114.656		65.0654		49.3748		0.00013226		453.296		54.9028		38.4977		59.7535
51		135.426		16.5669		115.396		65.5005		49.6343		0.549812		757.579		55.3057		38.7388		60.0906
52		133.448		16.1416		113.672		64.4172		49.067		0.000725927		817.968		54.2674		38.1258		59.4044
53		133.956		16.3269		114.101		64.7491		49.1852		0.000294099		409.151		54.6586		38.3317		59.4419
54		135.13		16.4949		115.148		65.3731		49.5739		0.178971		416.31		55.1983		38.7033		59.9494
55		135.071		16.4988		115.079		65.3514		49.5653		0.40943		630.53		55.1663		38.6674		59.9126
56		134.594		16.4226		114.868		65.1416		49.4393		0.00421401		467.682		54.9668		38.5442		59.9015
57		135.512		16.506		115.52		65.5083		49.6876		0.405467		628.6		55.2537		38.7478		60.2659
58		134.51		16.3713		114.639		65.03		49.3746		0.356245		565.022		54.8542		38.4829		59.7848
59		134.444		16.2847		114.578		64.952		49.3776		0.00109795		755.309		54.7317		38.447		59.846
60		134.197		16.2805		114.293		64.8069		49.2228		0.000612517		704.95		54.6666		38.3862		59.6268
61		134.047		16.1601		114.208		64.7198		49.3244		0.00134758		783.327		54.4968		38.3367		59.7114
62		134.869		16.4083		114.949		65.2482		49.5137		0.00047692		538.404		55.0612		38.6529		59.8881
63		134.221		16.4192		114.437		64.9313		49.2083		0.300251		500.735		54.795		38.3758		59.6421
64		134.354		16.4079		114.599		65.0197		49.3574		0.000153725		407.335		54.8177		38.4099		59.7811
65		135.174		16.4565		115.113		65.3229		49.6344		0.00031653		494.393		55.0805		38.624		60.0321
66		134.637		16.4085		114.76		65.1474		49.4327		0.0062317		640.325		55.0264		38.6179		59.7335
67		134.63		16.3426		114.887		65.0752		49.4458		0.000114623		409.548		54.8605		38.5179		60.0269
68		135.542		16.6364		115.715		65.6402		49.7334		1.50309		744.4		55.4269		38.7905		60.288
69		134.593		16.4169		114.735		65.125		49.4023		2.96535e-07		564.365		54.9808		38.5639		59.754
70		134.816		16.2851		114.823		65.0558		49.4891		0.00739567		712.832		54.8582		38.573		59.9652
71		134.808		16.4701		115.13		65.2555		49.4965		0.33785		465.25		55.1141		38.6441		60.0161
72		134.199		16.385		114.562		64.9254		49.2726		0.000269157		729.747		54.7546		38.3696		59.8071
73		134.908		16.5207		115.083		65.3327		49.5692		0.0843016		493.296		55.1275		38.6067		59.9551
74		134.849		16.396		115.025		65.1809		49.5223		5.09601e-05		533.057		54.9742		38.5782		60.0504
75		135.94		16.6918		116.091		65.9565		49.7999		1.59036		736.375		55.8723		39.1805		60.2184
76		135.116		16.4668		115.242		65.44		49.6512		0.985857		809.886		55.1905		38.7237		60.0518
77		134.546		16.3513		114.614		65.0005		49.4187		0.002959		636.453		54.7927		38.4414		59.8215
78		135.149		16.5535		115.332		65.4261		49.5414		0.67188		779.562		55.2477		38.6942		60.0838
79		133.92		16.371		114.087		64.7699		49.1648		5.66997e-05		654.376		54.6111		38.2401		59.4757
80		134.44		16.3381		114.609		64.9843		49.3588		0.000102196		671.442		54.8065		38.4684		59.8024
81		134.698		16.475		114.797		65.1736		49.4929		0.0118615		735.171		54.9186		38.4436		59.878
82		135.248		16.485		115.335		65.4073		49.6408		0.000454349		816.495		55.2002		38.7151		60.1344
83		135.196		16.5229		115.404		65.4951		49.6238		0.844758		818.931		55.3663		38.8434		60.0376
84		134.792		16.4321		114.94		65.1888		49.5259		0.622031		784.627		54.9715		38.5394		59.9687
85		133.69		16.1174		113.851		64.53		49.1325		1.64385e-06		816.904		54.3596		38.2422		59.4916
86		134.876		16.479		114.934		65.2828		49.4646		0.163744		445.774		55.1377		38.6587		59.7959
87		134.679		16.4107		114.858		65.1774		49.4501		0.0236737		786.088		55.0817		38.671		59.7766
88		135.033		16.4786		115.199		65.3262		49.4866		0.00144872		633.406		55.2133		38.7346		59.9861
89		135.398		16.4677		115.484		65.5031		49.7104		0.788575		828.712		55.3323		38.8646		60.1517
90		134.784		16.3209		114.807		65.1355		49.5174		1.29449e-05		428.229		54.9083		38.5874		59.8983
91		134.985		16.4848		115.165		65.3001		49.488		0.466311		690.299		55.1233		38.6384		60.0416
92		135.571		16.563		115.722		65.6462		49.7619		0.23858		412.545		55.4478		38.8848		60.2743
93		134.586		16.3085		114.631		65.0383		49.4545		4.4929e-05		595.266		54.8217		38.5132		59.8094
94		134.656		16.3307		114.766		65.0886		49.3917		0.00033549		563.618		54.9578		38.6271		59.8081
95		135.892		16.5324		115.875		65.7511		49.8408		0.010817		598.227		55.5524		39.02		60.3225
96		134.511		16.381		114.603		64.9732		49.351		0.00149476		441.729		54.739		38.358		59.8635
97		135.633		16.6098		115.653		65.6905		49.7393		0.449032		673.119		55.5453		38.9355		60.1077
98		134.566		16.4881		114.665		65.1335		49.3769		0.000259539		479.35		55.013		38.5249		59.652
99		135.148		16.5562		115.312		65.4548		49.565		3.1095e-07		678.928		55.3048		38.7486		60.0077
100		134.89		16.4725		114.898		65.2479		49.5445		0.346663		518.058		55.035		38.5625		59.8629
101		134.417		16.3572		114.586		65.0069		49.3435		0.000296665		450.79		54.8395		38.4823		59.746
102		134.802		16.435		115.022		65.2687		49.4417		0.796312		815.475		55.1335		38.6985		59.8886
103		135.13		16.4854		115.189		65.338		49.5688		1.06481e-05		655.572		55.2		38.7146		59.9888
104		135.204		16.5522		115.129		65.4058		49.5482		0.16723		423.051		55.2391		38.6869		59.8903
105		133.619		16.2552		113.919		64.5995		49.1044		0.000668971		750.004		54.4379		38.1827		59.4808
106		134.977		16.4426		115.063		65.3008		49.5001		0.594077		776.923		55.1498		38.7072		59.9128
107		135.859		16.5424		115.798		65.6776		49.8494		0.579405		777.215		55.4009		38.8585		60.3968
108		133.992		16.3865		114.239		64.7842		49.1815		1.48643e-08		694.32		54.6365		38.25		59.6025
109		133.693		16.3259		113.921		64.6209		49.0951		0.00090852		575.697		54.5081		38.1822		59.4133
110		134.654		16.3808		114.672		65.0524		49.46		0.000402802		494.379		54.8332		38.4524		59.8389
111		134.977		16.4359		114.936		65.2224		49.5261		0.00092306		808.065		55.0266		38.5908		59.9098
112		134.289		16.3446		114.596		64.9917		49.3024		0.161306		793.505		54.8238		38.4792		59.7726
113		134.907		16.4579		115.039		65.2942		49.5303		2.51443e-06		653.272		55.1488		38.6909		59.8905
114		135.529		16.5947		115.751		65.6516		49.8123		0.117632		544.238		55.4565		38.8618		60.2945
115		134.708		16.4742		114.987		65.164		49.4013		0.0143754		837.04		54.999		38.5248		59.9883
116		135.489		16.6266		115.637		65.6864		49.7185		0.913201		826.591		55.5263		38.8997		60.1111
117		136.356		16.7291		116.406		66.1282		49.996		1.56407		746.684		55.961		39.2319		60.445
118		135.015		16.2805		115.08		65.1999		49.6414		1.20297e-05		757.058		54.9119		38.6313		60.1678
119		134.343		16.3397		114.515		65.0134		49.3541		5.81959e-05		620.84		54.8411		38.5014		59.6739
120		135.778		16.5595		115.746		65.637		49.8452		0.004198		461.353		55.3406		38.7811		60.4055
121		133.495		16.119		113.852		64.4616		49.0828		5.17334e-07		630.066		54.3075		38.1885		59.5444
122		133.551		16.1363		113.8		64.4264		49.0463		0.000321148		811.241		54.2627		38.1264		59.5369
123		135.539		16.643		115.563		65.6692		49.7241		0.626579		794.06		55.4926		38.8497		60.0702
124		134.08		16.2251		114.273		64.7844		49.266		2.41123e-06		806.822		54.6295		38.4044		59.644
125		135.485		16.6257		115.377		65.5435		49.6958		0.0834468		609.36		55.3042		38.6785		60.0729
126		134.611		16.3966		114.711		65.1379		49.4844		8.4798e-06		417.198		54.9118		38.5152		59.7989
127		134.412		16.3418		114.583		64.9642		49.3543		9.94558e-06		759.499		54.7955		38.4537		59.787
128		134.902		16.3993		114.88		65.2132		49.5258		0.000948399		475.112		55.0294		38.6301		59.851
129		135.737		16.5698		115.885		65.7452		49.8296		1.20002		787.932		55.5915		39.0216		60.2937
130		134.617		16.4414		114.847		65.1535		49.4029		0.321132		601.281		55.0036		38.5623		59.8435
131		134.108		16.3856		114.486		64.927		49.2617		0.0400127		770.098		54.8288		38.4432		59.6569
132		135.193		16.4441		115.408		65.3745		49.6044		0.459414		655.683		55.218		38.7739		60.1895
133		135.231		16.5078		115.259		65.456		49.645		0.718308		810.295		55.2856		38.7778		59.9734
134		135.333		16.6131		115.466		65.5912		49.6361		0.932069		815.225		55.4645		38.8514		60.0019
135		135.208		16.4836		115.298		65.4396		49.6507		1.0524e-05		490.836		55.2565		38.7729		60.0413
136		135.096		16.4821		115.158		65.3654		49.5997		0.000392023		534.062		55.1378		38.6558		60.0202
137		134.945		16.4026		115.121		65.3354		49.5122		0.000958817		436.297		55.2371		38.8345		59.8841
138		134.484		16.3495		114.478		64.9709		49.322		0.00159384		691.031		54.8418		38.4923		59.6361
139		134.764		16.3664		114.647		65.0519		49.4456		7.88151e-06		686.274		54.8559		38.4895		59.7913
140		135.945		16.5683		115.922		65.7804		49.9519		0.0777711		796.223		55.5035		38.9351		60.4188
141		134.457		16.3938		114.71		65.0804		49.4207		0.026827		844.863		54.9346		38.5408		59.7751
142		134.459		16.3929		114.589		64.9598		49.4003		4.80625e-05		820.902		54.721		38.3281		59.8677
143		133.173		16.1775		113.481		64.3827		48.9604		7.12061e-06		804.961		54.2219		38.0444		59.2588
144		134.801		16.4325		115.087		65.1595		49.5081		0.00776654		433.312		54.9174		38.4848		60.1701
145		134.685		16.4104		114.821		65.1866		49.4227		0.000803563		753.413		55.0499		38.6395		59.7716
146		134.766		16.4196		114.827		65.1791		49.4654		0.000186574		711.391		54.9968		38.5772		59.8298
147		134.876		16.3982		114.839		65.158		49.5202		0.00100495		413.587		54.8705		38.4723		59.969
148		134.484		16.3775		114.81		65.1011		49.4206		0.000885628		590.729		54.9485		38.571		59.8613
149		134.506		16.3546		114.511		64.9589		49.4204		0.00028121		689.894		54.7317		38.377		59.7797
150		134.916		16.4834		114.99		65.2453		49.5042		0.000968804		411.015		55.0371		38.5537		59.9524
151		136.326		16.702		116.17		65.9266		49.9267		0.574134		789.919		55.6344		38.9323		60.536
152		134.976		16.4385		115.145		65.3231		49.6008		0.000943795		582.439		55.0954		38.6569		60.05
153		135.067		16.4572		115.092		65.3401		49.5839		1.35326e-06		430.039		55.1251		38.6679		59.9671
154		135.259		16.4011		115.151		65.2905		49.5724		0.0879783		510.349		55.0386		38.6375		60.1124
155		135.092		16.4577		115.214		65.3357		49.563		2.28387e-05		431.513		55.1592		38.7015		60.0551
156		133.738		16.2572		113.89		64.6135		49.1373		1.47883e-05		541.22		54.4626		38.2054		59.4271
157		134.44		16.3193		114.387		64.9056		49.3769		4.08881e-06		769.875		54.6455		38.3262		59.7412
158		135.532		16.564		115.549		65.5803		49.6741		0.159593		533.964		55.4316		38.8677		60.1178
159		136.097		16.7179		116.141		65.9487		49.8556		1.56459		741.286		55.7768		39.0589		60.3639
160		135.018		16.5994		115.134		65.4058		49.5099		0.519669		718.033		55.2473		38.6479		59.8871
161		135.818		16.629		115.898		65.7339		49.815		0.276355		447.711		55.4145		38.7855		60.4833
162		135.568		16.5689		115.617		65.6151		49.7629		0.328346		416.964		55.3652		38.7962		60.2515
163		134.733		16.5214		114.76		65.2129		49.4279		0.0295895		776.072		55.0419		38.5205		59.7184
164		135.76		16.6509		115.751		65.7433		49.7476		1.5172		743.483		55.6141		38.9632		60.1373
165		134.873		16.4425		115.081		65.2249		49.4828		0.000747896		457.418		54.9969		38.5544		60.0844
166		136.378		16.7002		116.416		66.1411		50.0611		0.476644		739.639		55.9077		39.2075		60.5087
167		134.227		16.37		114.316		64.9565		49.2876		0.00165832		420.859		54.8544		38.4844		59.4613
168		134.485		16.379		114.563		64.9787		49.3501		0.00386394		407.679		54.7645		38.3855		59.7982
169		134.971		16.7201		115.21		65.4705		49.4242		1.75807		711.48		55.3616		38.6415		59.8483
170		134.627		16.4189		114.796		65.1464		49.3302		0.363174		586.864		55.0561		38.6372		59.74
171		135.061		16.4008		115.101		65.3259		49.6359		5.49144e-05		409.5		55.1716		38.7709		59.9298
172		134.463		16.4437		114.638		65.0947		49.3495		0.117114		530.58		54.9931		38.5494		59.6453
173		135.313		16.5438		115.437		65.5378		49.6455		1.21975		781.64		55.3938		38.85		60.0433
174		134.572		16.3859		114.715		65.0944		49.3864		0.0443373		409.469		54.9534		38.5676		59.7613
175		134.599		16.4327		114.897		65.1892		49.465		0.0109349		842.362		55.022		38.5892		59.8745
176		133.972		16.2832		114.011		64.7057		49.1807		0.000244986		466.554		54.5676		38.2843		59.4435
177		133.881		16.3255		113.95		64.6752		49.1255		7.24928e-05		431.127		54.4913		38.1659		59.4591
178		135.432		16.55		115.465		65.5572		49.7277		0.421418		650.771		55.3815		38.8315		60.0834
179		135.145		16.4576		115.131		65.3422		49.5498		0.000330009		412.54		55.1776		38.7201		59.9533
180		134.808		16.3287		114.83		65.1356		49.5186		0.00136139		435.311		54.936		38.6073		59.8938
181		135.145		16.343		115.188		65.3037		49.6241		0.17707		430.876		55.0895		38.7466		60.0989
182		135.388		16.4694		115.446		65.472		49.6989		0.476744		703.935		55.2431		38.7737		60.2026
183		134.895		16.4581		114.9		65.1896		49.4604		0.019052		676.358		55.0639		38.6058		59.8356
184		134.559		16.3703		114.643		65.0561		49.4141		3.05398e-06		507.486		54.882		38.5117		59.7613
185		133.456		16.2268		113.98		64.5588		49.0419		0.000133329		728.611		54.4679		38.2411		59.5119
186		134.973		16.3847		114.921		65.2456		49.5781		0.000883907		614.308		55.0481		38.6634		59.8731
187		134.531		16.3641		114.85		65.087		49.4154		6.99113e-05		738.286		54.9076		38.5435		59.9425
188		134.489		16.4155		114.526		65.0522		49.3957		5.36741e-05		499.736		54.9103		38.4949		59.6154
189		135.032		16.3954		115.111		65.2837		49.5669		0.00103771		607.142		55.0939		38.6985		60.0172
190		134.709		16.3422		114.784		65.1144		49.5011		0.00349812		412.88		54.9022		38.5601		59.882
191		134.968		16.3262		115.071		65.198		49.5941		0.000303771		599.562		54.9378		38.6116		60.1333
192		134.389		16.278		114.682		64.9698		49.4044		0.000456165		727.938		54.7793		38.5013		59.9028
193		135.005		16.3305		115.036		65.2353		49.5831		0.00237392		487.308		55.0295		38.699		60.0065
194		134.005		16.3486		114.257		64.8275		49.2189		5.41225e-05		809.065		54.6752		38.3266		59.5819
195		135.613		16.5857		115.629		65.6756		49.7391		1.04278		805.797		55.5239		38.9381		60.1055
196		135.341		16.5096		115.395		65.4566		49.6313		0.000357849		424.027		55.2522		38.7426		60.1431
197		135.709		16.5862		115.6		65.6767		49.7685		0.201625		412.549		55.4923		38.9061		60.1077
198		134.921		16.4234		114.874		65.2035		49.5432		0.00018853		419.651		54.9385		38.5151		59.9352
199		135.204		16.5179		115.253		65.3801		49.631		0.000216268		754.804		55.1286		38.6106		60.1241
200		135.46		16.4246		115.442		65.539		49.7411		0.0673752		740.15		55.3406		38.9159		60.1014
201		135.012		16.525		115.064		65.3209		49.5529		6.46073e-05		491.049		55.1209		38.5959		59.9433
202		134.588		16.3576		114.863		65.0915		49.4873		0.0161698		618.297		54.9068		38.5492		59.9558
203		134.61		16.3778		114.926		65.156		49.4742		0.00494146		525.193		55.0002		38.6224		59.9261
204		134.501		16.3586		114.722		65.0171		49.4543		1.35034e-06		843		54.7674		38.4089		59.955
205		135.216		16.5957		115.307		65.4486		49.6211		0.374326		612.031		55.2586		38.6629		60.0484
206		134.305		16.3198		114.63		64.8973		49.3242		0.000377815		760.819		54.726		38.4062		59.9038
207		134.282		16.4188		114.483		64.9072		49.3091		2.13401e-05		713.822		54.7187		38.2999		59.7639
208		134.948		16.4221		115.051		65.2678		49.5331		0.568047		781.694		55.0607		38.6386		59.9899
209		135.746		16.6161		115.71		65.6748		49.7686		0.784474		817.899		55.4523		38.8362		60.2575
210		135.027		16.5199		115.05		65.3626		49.5279		0.104379		831.997		55.1774		38.6574		59.8729
211		133.908		16.2071		114.049		64.6842		49.1601		0.000140449		708.989		54.5868		38.3797		59.4625
212		134.059		16.2302		114.301		64.8317		49.3007		2.67034e-05		762.061		54.672		38.4419		59.629
213		134.618		16.3852		114.724		65.092		49.4033		0.0694739		769.533		54.9587		38.5735		59.765
214		134.729		16.4443		114.794		65.1568		49.4208		7.01153e-06		707.583		55.0119		38.5676		59.7818
215		134.283		16.2858		114.451		64.8689		49.3137		0.171787		442.098		54.6082		38.3224		59.8428
216		136.013		16.6249		115.889		65.7888		49.9459		0.724185		819.159		55.4174		38.7926		60.4712
217		134.776		16.4158		114.928		65.2051		49.5106		0.0840628		816.665		55.0331		38.6174		59.8951
218		134.814		16.4837		114.9		65.2703		49.4729		0.537945		739.218		55.1723		38.6886		59.7273
219		134.65		16.3961		114.7		65.1073		49.444		0.000273033		415.549		54.9287		38.5326		59.771
220		134.432		16.4136		114.514		65.0234		49.336		0.00102433		592.521		54.8415		38.4279		59.6726
221		135.426		16.48		115.442		65.4867		49.6851		5.84964e-07		446.806		55.2584		38.7784		60.1838
222		134.878		16.4706		115.197		65.3166		49.5654		0.273426		503.096		55.1497		38.6791		60.0475
223		136.395		16.7312		116.265		65.9606		50.019		0.79		815.267		55.5995		38.8683		60.6655
224		136.138		16.5906		116.045		65.8712		49.9209		0.0985748		589.569		55.5951		39.0045		60.4496
225		134.279		16.2918		114.221		64.7775		49.3832		0.000159547		823.997		54.5201		38.2283		59.7007
226		135.356		16.5442		115.468		65.5268		49.6639		0.369731		601.997		55.3238		38.7796		60.1446
227		134.726		16.495		114.998		65.2883		49.4562		0.00317442		828.687		55.1586		38.6637		59.8393
228		135.027		16.4669		115.136		65.3008		49.5595		0.00214908		775.782		55.1053		38.6384		60.0309
229		135.057		16.4621		115.204		65.2994		49.5243		0.158657		802.927		55.1308		38.6687		60.0736
230		135.328		16.5593		115.569		65.559		49.6828		0.904395		893.195		55.3512		38.7919		60.2179
231		134.878		16.4017		114.897		65.2285		49.5125		0.00469392		507.93		55.1076		38.7059		59.7894
232		135.372		16.5077		115.358		65.4847		49.7015		0.575404		774.36		55.2854		38.7777		60.0725
233		134.591		16.3366		114.629		65.0287		49.4198		0.000729291		655.325		54.7984		38.4618		59.831
234		134.238		16.3013		114.374		64.8724		49.3318		6.78278e-05		639.35		54.6755		38.3742		59.6982
235		134.838		16.4213		115.136		65.2917		49.5944		0.00021557		461.72		55.1129		38.6916		60.0234
236		135.306		16.4359		115.278		65.4394		49.7528		0.000932367		516.59		55.1901		38.7542		60.0875
237		135.471		16.4297		115.399		65.4416		49.8037		2.28623e-05		481.438		55.1079		38.6781		60.2907
238		133.137		16.1188		113.422		64.3078		48.9807		0.000418565		814.811		54.1229		38.0041		59.2993
239		134.14		16.3752		114.312		64.935		49.2153		0.00182943		548.483		54.8442		38.469		59.4681
240		133.949		16.3201		114.327		64.8365		49.1783		0.00585635		476.719		54.7409		38.4209		59.586
241		134.012		16.3199		114.222		64.7352		49.2389		1.83721e-05		871.165		54.5176		38.1977		59.7049
242		134.734		16.4316		115.059		65.2338		49.511		0.224384		426.008		55.0806		38.649		59.9785
243		135.119		16.5002		115.165		65.365		49.6167		0.00440074		639.892		55.1558		38.6556		60.009
244		134.95		16.3537		114.9		65.1966		49.5846		0.000194319		481.166		54.9575		38.6038		59.9422
245		134.641		16.4598		114.883		65.1608		49.4809		0.00128378		512.286		54.9592		38.4994		59.924
246		134.235		16.3649		114.495		64.9331		49.2495		0.619075		861.667		54.8539		38.4889		59.6414
247		134.093		16.3362		114.308		64.8107		49.2398		2.19797e-05		661.834		54.6718		38.3356		59.6358
248		134.88		16.4385		114.957		65.2053		49.5426		0.000742922		665.008		54.9592		38.5207		59.9981
249		134.866		16.4933		114.916		65.2855		49.5043		7.23773e-05		409.507		55.1241		38.6308		59.7924
250		135.702		16.5631		115.779		65.6741		49.7031		0.838639		821.426		55.5318		38.9687		60.2471
251		134.843		16.4936		115.122		65.3114		49.5123		0.000100115		666.534		55.2233		38.7297		59.8984
252		135.452		16.5089		115.509		65.5257		49.682		0.000317203		505.138		55.3391		38.8303		60.1696
253		133.939		16.2974		114.075		64.6942		49.1863		0.000155969		719.08		54.5042		38.2068		59.5707
254		135.182		16.584		115.269		65.4361		49.5878		0.663966		806.205		55.2836		38.6996		59.9856
255		135.53		16.6121		115.537		65.5881		49.6371		0.478416		671.136		55.4056		38.7935		60.1315
256		135.812		16.6526		115.874		65.7727		49.8167		1.01303		809.005		55.5611		38.9085		60.3131
257		134.074		16.3101		114.296		64.8732		49.2836		0.339524		549.687		54.7224		38.4124		59.5735
258		133.625		16.2959		114.029		64.6687		49.0691		0.0894063		642.26		54.5293		38.2334		59.4997
259		134.51		16.4823		114.691		65.1523		49.3712		0.00143891		439.237		55.019		38.5367		59.6718
260		134.668		16.3449		114.95		65.1341		49.5181		0.00199195		659.186		54.9552		38.6103		59.9944
261		135.75		16.4764		115.702		65.6283		49.8488		0.00013915		453.201		55.3954		38.9189		60.3062
262		134.834		16.3975		115.022		65.2171		49.5508		0.00680368		645.844		55.0238		38.6263		59.9987
263		135.268		16.4378		115.139		65.2863		49.6604		0.000332418		575.853		54.9986		38.5608		60.1399
264		134.673		16.4078		114.838		65.092		49.3977		0.000617971		464.549		54.8891		38.4813		59.9493
265		134.96		16.4897		114.988		65.2701		49.5016		0.000441023		460.097		55.1		38.6103		59.8884
266		135.338		16.559		115.423		65.506		49.6675		1.26487		775.821		55.3279		38.7688		60.095
267		135.211		16.5059		115.338		65.4308		49.5818		0.348662		490.885		55.2262		38.7204		60.112
268		134.66		16.4123		114.751		65.1161		49.4301		0.513009		726.85		54.9552		38.5428		59.7962
269		134.299		16.3672		114.405		64.9225		49.2599		0.00043498		609.528		54.7734		38.4062		59.6313
270		136.017		16.5811		116.24		65.8397		49.9827		0.608997		820.495		55.5202		38.9391		60.7194
271		136.16		16.7		116.11		65.927		49.9074		0.733765		813.298		55.7245		39.0245		60.3855
272		135.051		16.4726		115.095		65.3157		49.5745		0.109612		507.474		55.0957		38.623		59.9996
273		134.314		16.339		114.545		64.9835		49.3751		4.35854e-05		740.132		54.8745		38.5355		59.6709
274		135.036		16.3811		115.23		65.2552		49.5438		0.0608735		859.944		55.1151		38.7339		60.115
275		135.57		16.5993		115.582		65.671		49.7612		0.679569		798.089		55.4912		38.8919		60.0909
276		136.146		16.6404		115.933		65.8341		49.9261		0.228544		821.007		55.557		38.9166		60.376
277		133.472		16.1618		113.656		64.479		49.0456		0.000413376		754.127		54.3852		38.2234		59.2711
278		135.413		16.4283		115.327		65.3891		49.7911		3.7751e-05		591.654		55.019		38.5907		60.3082
279		135.027		16.516		115.102		65.3895		49.5314		0.00553858		482.22		55.23		38.7141		59.8722
280		133.892		16.2853		114.412		64.7943		49.1859		0.00230067		431.322		54.6775		38.3922		59.7344
281		134.94		16.4265		115.005		65.2423		49.5692		0.00064415		426.86		55.0187		38.5921		59.9866
282		135.415		16.5681		115.474		65.5417		49.719		0.0344149		718.63		55.3065		38.7384		60.1672
283		134.924		16.3571		114.927		65.1902		49.5387		1.32271e-05		667.64		54.9401		38.583		59.9866
284		134.621		16.4376		114.841		65.1648		49.451		0.000350598		510.869		55.0135		38.5759		59.8274
285		135.554		16.5862		115.544		65.5959		49.6348		0.345157		568.901		55.4885		38.9023		60.0557
286		134.5		16.3332		114.708		65.0821		49.3643		0.686873		805.265		55.0192		38.6861		59.6889
287		134.164		16.3065		114.392		64.8942		49.2927		8.76263e-06		734.365		54.7605		38.454		59.6311
288		134.316		16.4276		114.538		64.9648		49.2449		0.932635		806.122		54.8316		38.404		59.7061
289		134.176		16.2748		114.277		64.8546		49.3516		0.000117287		688.156		54.6727		38.3978		59.6044
290		135.717		16.597		115.64		65.6765		49.7518		0.578141		802.893		55.5391		38.9421		60.1009
291		134.297		16.4341		114.569		64.992		49.2781		0.00674268		575.857		54.8392		38.4051		59.7297
292		134.235		16.2504		114.439		64.8504		49.3361		1.21674e-07		821.489		54.6745		38.4241		59.7649
293		134.933		16.3533		114.889		65.2002		49.5297		0.00161469		424.923		55.0584		38.7051		59.8303
294		134.638		16.4607		114.778		65.1039		49.4495		0.000118964		592.228		54.8867		38.426		59.8917
295		134.951		16.506		115.043		65.2537		49.4746		0.660899		805.034		55.0355		38.5294		60.0073
296		135.354		16.5161		115.312		65.4557		49.6806		0.0195442		443.578		55.2432		38.7271		60.0693
297		134.072		16.2629		114.321		64.7549		49.302		9.06949e-05		820.159		54.5662		38.3033		59.7552
298		135.005		16.503		115.202		65.3763		49.5518		0.206717		411.903		55.2003		38.6973		60.0021
299		134.986		16.4413		115.082		65.3144		49.5801		0.00017532		421.75		55.1028		38.6615		59.9793
300		135.479		16.5598		115.541		65.575		49.6673		1.00543		810.024		55.3958		38.8361		60.1454
301		135.204		16.3903		115.2		65.3435		49.6426		0.164422		788.223		55.0761		38.6858		60.1241
302		134.208		16.2758		114.345		64.8339		49.3556		5.36121e-05		650.912		54.607		38.3312		59.738
303		134.504		16.4098		114.649		65.0094		49.3464		0.0010387		690.588		54.7992		38.3894		59.8502
304		134.733		16.424		114.749		65.1078		49.4244		4.73388e-05		615.987		54.9169		38.493		59.8324
305		135.562		16.5136		115.601		65.5718		49.7404		0.00292004		658.79		55.3449		38.8313		60.2565
306		135.443		16.6108		115.688		65.5854		49.6887		0.325011		585.374		55.3723		38.7615		60.316
307		135.214		16.3433		115.29		65.3273		49.7072		2.9434e-07		551.685		55.0667		38.7234		60.223
308		134.658		16.4346		114.834		65.1883		49.3828		0.661729		784.641		55.0972		38.6626		59.737
309		135.195		16.4867		115.164		65.3915		49.6509		0.185845		412.66		55.1709		38.6842		59.9931
310		135.026		16.5154		115.037		65.3453		49.5869		0.00551499		416.963		55.1227		38.6073		59.9145
311		135.67		16.6587		115.81		65.7302		49.6931		1.12801		796		55.6138		38.9551		60.1964
312		135.053		16.3849		115.014		65.278		49.5957		0.00037598		646.127		55.0199		38.635		59.9942
313		134.912		16.626		115.114		65.3884		49.4329		1.60983		774.5		55.2846		38.6586		59.8291
314		135.531		16.5372		115.451		65.5847		49.7636		0.279663		470.024		55.3558		38.8186		60.0952
315		134.631		16.4772		114.843		65.1739		49.3956		0.277423		472.946		55.1068		38.6297		59.7359
316		135.144		16.4763		115.278		65.3783		49.6255		0.229791		410.518		55.1771		38.7008		60.1006
317		135.966		16.5603		115.926		65.713		49.9138		0.00160103		706.968		55.4121		38.8517		60.5134
318		133.792		16.2598		113.988		64.6645		49.0897		0.000319779		818.829		54.6052		38.3454		59.3827
319		135.328		16.4818		115.562		65.544		49.7305		0.26112		857.385		55.3795		38.8978		60.1829
320		135.03		16.5005		115.133		65.3388		49.5269		0.832747		815.573		55.1522		38.6517		59.9805
321		135.921		16.7114		116.182		65.9248		49.8138		0.749599		816.058		55.7978		39.0863		60.3841
322		135.635		16.4657		115.518		65.5765		49.8224		0.0171396		749.354		55.3389		38.8732		60.1791
323		134.806		16.3915		114.907		65.1289		49.536		0.168436		431.541		54.8561		38.4646		60.0508
324		134.363		16.3862		114.449		64.9227		49.3067		0.308914		566.849		54.7331		38.3468		59.7158
325		134.868		16.4586		114.967		65.2591		49.4742		0.243389		437.352		55.0631		38.6045		59.9039
326		134.952		16.5175		115.219		65.3541		49.5098		0.475001		686.32		55.1803		38.6628		60.0392
327		135.268		16.4294		115.233		65.3732		49.5894		3.29391e-05		426.686		55.1554		38.726		60.0775
328		135.286		16.387		115.324		65.3771		49.6377		0.0708463		674.781		55.1797		38.7926		60.144
329		135.602		16.5446		115.597		65.6421		49.6975		0.669344		785.668		55.4521		38.9075		60.1444
330		134.786		16.4424		114.931		65.1982		49.4881		0.00330389		741.995		54.9995		38.5571		59.9312
331		135.943		16.5416		115.962		65.7777		49.8568		0.00182401		696.962		55.5606		39.019		60.401
332		134.533		16.3519		114.769		65.065		49.3671		1.25553e-09		598.139		54.9402		38.5882		59.8285
333		134.891		16.4761		114.991		65.3017		49.4713		0.343133		511.246		55.1694		38.6933		59.8214
334		134.728		16.3606		114.756		65.0722		49.4736		0.000584255		823.72		54.8453		38.4848		59.9106
335		134.288		16.2227		114.349		64.838		49.3831		4.42791e-05		690.672		54.6		38.3773		59.7491
336		135.293		16.4815		115.221		65.4384		49.6651		8.79961e-05		438.398		55.2095		38.728		60.012
337		135.471		16.6186		115.633		65.6352		49.6654		0.662881		792.612		55.4463		38.8277		60.1865
338		135.165		16.4888		115.133		65.3725		49.5957		2.83014e-05		416.732		55.1932		38.7044		59.9402
339		134.593		16.3671		114.96		65.1504		49.4848		0.00121997		423.753		55.0182		38.6511		59.9418
340		134.301		16.2493		114.565		64.887		49.3827		0.000760785		824.952		54.7006		38.4514		59.8644
341		135.218		16.5258		115.21		65.4327		49.659		0.705648		809.476		55.2283		38.7025		59.9814
342		135.145		16.471		115.126		65.3527		49.6223		0.3251		525.732		55.1776		38.7066		59.9481
343		135.819		16.5208		115.835		65.6225		49.8287		4.98677e-05		413.006		55.3902		38.8694		60.4445
344		133.949		16.254		114.213		64.7665		49.1996		0.0012818		760.64		54.6426		38.3886		59.5705
345		135.168		16.5026		115.361		65.4319		49.6503		0.745506		857.284		55.272		38.7694		60.089
346		134.659		16.4603		114.985		65.2087		49.3992		5.47783e-05		496.357		55.1255		38.6653		59.8594
347		135.721		16.5786		115.74		65.7104		49.7861		0.831692		820.641		55.511		38.9324		60.229
348		133.232		16.1888		113.632		64.4467		48.9957		0.000121034		796.44		54.3877		38.1989		59.2443
349		133.421		16.1778		113.873		64.5179		49.0855		0.000110841		793.522		54.4045		38.2267		59.4682
350		135.203		16.5507		115.399		65.4923		49.5513		1.62019		726.726		55.3588		38.8081		60.0398
351		134.92		16.4324		115.029		65.2418		49.4825		0.000772127		495.037		55.0336		38.6012		59.9952
352		135.74		16.5899		115.97		65.7656		49.8667		0.0261906		517.907		55.5516		38.9618		60.4183
353		134.406		16.3157		114.584		65.0285		49.4324		0.000252989		693.961		54.8687		38.5531		59.715
354		134.963		16.4814		115.037		65.2301		49.5046		0.0262396		448.469		55.0253		38.5438		60.0121
355		135.595		16.5476		115.468		65.5765		49.7707		0.325195		545.905		55.4016		38.854		60.0662
356		134.736		16.4662		114.724		65.1697		49.4042		0.176615		418.556		55.0605		38.5943		59.6633
357		134.085		16.2951		114.359		64.8642		49.2505		0.0010077		681.108		54.7792		38.484		59.5796
358		134.733		16.2989		114.845		65.1738		49.5222		4.37884e-05		741.442		54.9814		38.6824		59.8633
359		135.605		16.5353		115.569		65.6174		49.7666		0.0576113		501.699		55.4241		38.8888		60.1454
360		135.533		16.4522		115.54		65.4762		49.7314		1.34164e-06		414.013		55.2686		38.8164		60.2717
361		134.656		16.4259		114.971		65.2157		49.4442		0.485904		671.395		55.128		38.7021		59.843
362		135.488		16.4332		115.461		65.4859		49.7397		0.000275473		430.975		55.2576		38.8244		60.2036
363		135.005		16.4099		115.105		65.3104		49.6027		0.00347784		534.618		55.0855		38.6756		60.0199
364		135.061		16.3851		115.054		65.2805		49.5943		0.188222		439.424		55.1048		38.7197		59.9491
365		135.046		16.514		115.155		65.37		49.627		7.71585e-06		414.034		55.173		38.659		59.9823
366		134.081		16.3512		114.288		64.8196		49.2728		0.000384166		753.12		54.6332		38.282		59.6549
367		134.732		16.4189		115.028		65.2146		49.5198		0.00226451		635.287		55.0407		38.6217		59.9869
368		135.484		16.6018		115.583		65.632		49.6932		1.05751		802.681		55.4638		38.8621		60.1191
369		134.225		16.2932		114.327		64.889		49.3265		0.00110801		540.182		54.684		38.3909		59.6426
370		134.393		16.3249		114.543		64.9767		49.3541		4.43532e-07		418.018		54.7949		38.47		59.7479
371		134.538		16.457		114.683		65.0581		49.3452		0.000416795		752.319		54.8462		38.3892		59.8367
372		135.265		16.4069		115.214		65.3565		49.6814		0.00141473		629		55.1514		38.7446		60.0622
373		133.713		16.3377		114.006		64.6603		49.0983		4.06268e-07		841.241		54.5569		38.2192		59.4487
374		135.46		16.6186		115.613		65.6058		49.7103		0.437818		626.849		55.4047		38.7861		60.2079
375		135.561		16.5461		115.616		65.6434		49.7378		1.18226		789.11		55.5058		38.9597		60.1105
376		136.722		16.6954		116.703		66.1489		50.0897		1.42614		765.88		55.83		39.1346		60.8734
377		135.046		16.4598		115.204		65.2861		49.5898		0.0128988		426.992		54.9875		38.5277		60.2161
378		135.097		16.3431		115.198		65.3143		49.6022		0.0183819		421.328		55.1336		38.7905		60.0645
379		136.346		16.6357		116.18		65.9598		50.0142		0.687763		817.892		55.6876		39.0518		60.4925
380		134.57		16.4684		114.584		65.0739		49.3892		0.000418738		605.783		54.935		38.4666		59.6488
381		134.009		16.3688		114.304		64.8663		49.2282		0.00257926		413.421		54.6965		38.3278		59.6074
382		134.732		16.4842		114.741		65.1465		49.4427		3.53759e-05		410.808		54.9838		38.4997		59.7568
383		134.475		16.2801		114.728		64.9448		49.4113		2.59362e-05		819.751		54.7357		38.4556		59.9919
384		134.948		16.4363		114.995		65.2358		49.5046		0.274342		455.602		55.0342		38.5979		59.9608
385		134.357		16.333		114.614		64.9517		49.3553		0.00139448		426.957		54.7519		38.4189		59.8617
386		135.8		16.6411		115.986		65.7783		49.8032		1.22096		812.987		55.5676		38.9265		60.4185
387		134.519		16.3121		114.537		65.0103		49.4059		0.00201457		500.591		54.873		38.5608		59.6642
388		135.302		16.4333		115.169		65.3576		49.7294		0.133401		653.657		55.077		38.6437		60.0924
389		134.447		16.3892		114.559		64.9737		49.2876		0.00372442		594.492		54.8195		38.4302		59.7396
390		134.588		16.2799		114.803		65.1178		49.5014		0.000111826		578.95		54.9145		38.6346		59.888
391		133.747		16.2817		113.991		64.657		49.0918		7.66481e-09		766.261		54.5638		38.282		59.4276
392		135.28		16.5625		115.319		65.4649		49.64		0.254333		414.105		55.2429		38.6805		60.0761
393		134.174		16.3161		114.31		64.8408		49.3167		0.00279759		492.823		54.6242		38.3081		59.6856
394		134.676		16.5007		114.929		65.1942		49.4825		0.000176526		427.171		54.9796		38.4789		59.949
395		134.659		16.2257		114.735		65.026		49.4948		0.000494168		608.417		54.8085		38.5828		59.9266
396		135.184		16.446		115.212		65.3475		49.6009		0.814407		817.118		55.1568		38.7108		60.055
397		134.508		16.3646		114.522		65.0349		49.4162		3.16395e-05		562.019		54.8668		38.5022		59.6552
398		135.19		16.4595		115.359		65.3961		49.6295		0.000580155		595.064		55.1578		38.6984		60.2012
399		135.77		16.6238		115.84		65.7235		49.7397		0.144138		658.256		55.5471		38.9233		60.2926
400		134.476		16.3156		114.636		64.9702		49.4221		0.00206875		708.079		54.7227		38.4072		59.9134
401		134.637		16.416		114.966		65.2315		49.481		0.0179057		563.024		55.0952		38.6792		59.8705
402		135.942		16.7331		116.094		65.9201		49.8796		1.13796		801.656		55.668		38.9349		60.426
403		134.692		16.47		114.727		65.1287		49.4067		0.208358		691.518		54.9698		38.4998		59.7572
404		134.817		16.4199		114.874		65.1843		49.5141		0.00478083		437.207		55.0075		38.5876		59.8667
405		134.395		16.3211		114.492		64.9248		49.3116		0.0014044		441.636		54.7572		38.4361		59.7344
406		134.362		16.2763		114.441		64.8738		49.3648		9.07766e-05		815.904		54.7255		38.4492		59.7152
407		134.481		16.4826		114.672		65.1327		49.3786		0.514622		747.454		55.0114		38.5288		59.6609
408		134.592		16.3675		114.851		65.1366		49.4516		0.00155408		598.059		54.9494		38.582		59.9019
409		134.807		16.3883		114.842		65.2223		49.5291		0.00065154		765.658		55.0526		38.6643		59.7898
410		135.408		16.4843		115.349		65.4842		49.6641		0.000290615		454.231		55.298		38.8138		60.0511
411		135.147		16.3069		115.141		65.2294		49.6826		0.000576328		579.82		54.8992		38.5923		60.2414
412		134.737		16.3773		114.8		65.1636		49.4553		0.000824244		538.431		55.0053		38.6281		59.7948
413		134.056		16.3138		114.34		64.857		49.2246		0.000713805		475.287		54.7448		38.431		59.595
414		134.264		16.4296		114.403		64.9835		49.2657		0.000881116		422.868		54.8397		38.4101		59.5635
415		135.919		16.6456		115.868		65.8318		49.8341		0.2819		472.864		55.6559		39.0102		60.2119
416		135.348		16.4944		115.661		65.5599		49.7555		0.868172		844.868		55.3392		38.8447		60.3217
417		135.385		16.5927		115.504		65.5283		49.6676		0.440578		593.615		55.2755		38.6828		60.2288
418		136.399		16.8054		116.205		66.0769		49.9596		1.07156		806.542		55.853		39.0476		60.3519
419		135.765		16.6612		115.701		65.7055		49.8081		0.407268		581.225		55.476		38.8148		60.2253
420		135.331		16.4376		115.495		65.4763		49.6392		0.276181		538.817		55.3411		38.9035		60.1536
421		134.472		16.3981		114.472		65.0336		49.3517		3.32377e-05		460.471		54.8935		38.4954		59.578
422		135.325		16.498		115.34		65.4331		49.7321		0.00107356		634.39		55.1755		38.6775		60.1646
423		135.078		16.4434		115.097		65.3212		49.6089		2.33381e-05		412.745		55.0948		38.6515		60.0021
424		134.876		16.6225		115.224		65.5073		49.4444		1.48062		753.937		55.5058		38.8834		59.7181
425		134.361		16.3342		114.558		64.9481		49.302		0.00122142		511.286		54.8122		38.478		59.7461
426		135.001		16.3848		114.988		65.2403		49.5824		0.00022743		789.142		55.0363		38.6516		59.9516
427		135.842		16.5117		115.796		65.6597		49.813		0.0012889		683.054		55.4333		38.9217		60.363
428		135.284		16.3936		115.194		65.3472		49.6584		0.0392795		652.439		55.1194		38.7258		60.0749
429		135.262		16.5695		115.216		65.4702		49.5953		0.953053		814.325		55.2643		38.6948		59.9515
430		134.966		16.47		115.02		65.3147		49.6124		0.00089069		809.668		55.116		38.646		59.9043
431		134.497		16.3428		114.792		65.0452		49.416		0.000144675		568.426		54.8596		38.5168		59.9325
432		133.945		16.3614		114.227		64.842		49.1287		0.000412144		652.309		54.8121		38.4508		59.4151
433		134.741		16.2994		114.738		65.0851		49.4564		4.70239e-05		803.552		54.8845		38.5851		59.8537
434		133.79		16.395		114.29		64.7766		49.1273		0.0143115		607.231		54.6662		38.2712		59.6238
435		134.375		16.4545		114.744		65.1112		49.3486		0.203444		424.788		55.047		38.5925		59.6972
436		135.541		16.5063		115.5		65.4839		49.7856		0.00100096		423.301		55.1637		38.6573		60.3362
437		135.668		16.5815		115.797		65.6625		49.779		0.215078		557.556		55.4492		38.8678		60.3477
438		135.66		16.7258		115.808		65.7703		49.7665		0.90954		820.056		55.5709		38.8451		60.2367
439		134.094		16.2627		114.271		64.7637		49.2504		9.80335e-05		778.871		54.5956		38.3329		59.6753
440		134.847		16.3591		114.937		65.1824		49.5226		0.000345104		766.188		54.9876		38.6285		59.9496
441		135.069		16.3818		114.97		65.2578		49.6486		0.000223697		755.911		55.0567		38.6749		59.9138
442		135.423		16.5318		115.51		65.5726		49.6754		0.694472		796.21		55.4128		38.881		60.0968
443		135.278		16.5947		115.384		65.5282		49.6148		0.861111		817.952		55.4032		38.8085		59.9805
444		134.95		16.5199		114.92		65.3095		49.5102		6.99877e-05		428.74		55.1078		38.5879		59.8118
445		135.386		16.5516		115.424		65.5358		49.6665		0.643974		791.151		55.3297		38.7781		60.0945
446		135.761		16.7753		115.788		65.7903		49.7231		1.6476		728.798		55.6452		38.8699		60.1425
447		134.055		16.3799		114.493		64.8969		49.2066		0.122703		515.018		54.853		38.4731		59.6404
448		134.822		16.3898		115.023		65.2288		49.5277		0.0697299		787.046		55.0944		38.7046		59.9283
449		134.536		16.3471		114.592		64.9563		49.3638		9.65553e-05		675.497		54.7555		38.4083		59.8363
450		135.241		16.4149		115.289		65.3617		49.6486		0.000221372		418.941		55.129		38.7141		60.1602
451		134.342		16.3118		114.473		64.8938		49.3212		0.000317751		736.738		54.6912		38.3794		59.7821
452		134.401		16.3472		114.451		64.9667		49.361		0.224981		442.614		54.7532		38.406		59.6981
453		135.098		16.4162		115.038		65.307		49.6046		0.254384		448.323		55.0747		38.6586		59.9632
454		134.175		16.2457		114.342		64.8537		49.3389		3.11682e-05		803.371		54.6423		38.3966		59.6996
455		135.376		16.442		115.158		65.4201		49.622		0.000933823		463.028		55.2609		38.8189		59.8976
456		134.974		16.5058		115.106		65.3377		49.5273		0.0002769		410.037		55.1917		38.686		59.9142
457		134.473		16.3586		114.564		65.0236		49.2985		0.000479664		412.818		54.8709		38.5123		59.6933
458		134.822		16.5018		115.056		65.2429		49.5008		0.0115875		855.377		55.0176		38.5158		60.0384
459		134.841		16.4199		114.907		65.2801		49.5239		0.0487152		787.693		55.1278		38.7079		59.7795
460		134.862		16.3498		114.896		65.1753		49.5014		0.000281037		614.303		54.9911		38.6413		59.9045
461		133.707		16.3168		114.118		64.6989		49.1521		7.23223e-06		443.788		54.5567		38.2399		59.5616
462		135.365		16.5305		115.402		65.4443		49.6907		0.120566		540.441		55.1676		38.6371		60.2343
463		133.89		16.2197		114.073		64.6809		49.1938		3.6358e-05		816.243		54.5029		38.2832		59.5698
464		135.532		16.5206		115.626		65.617		49.6804		1.13016		797.434		55.4948		38.9742		60.1315
465		134.965		16.4139		114.892		65.1762		49.4919		0.193668		410.475		54.9585		38.5447		59.9336
466		133.565		16.2299		113.75		64.5135		49.0089		6.70391e-07		530.79		54.4078		38.1779		59.3417
467		135.641		16.4925		115.521		65.567		49.7568		0.368424		564.345		55.3463		38.8538		60.1743
468		135.15		16.6288		115.56		65.517		49.589		0.451964		735.935		55.3686		38.7398		60.1912
469		134.412		16.4087		114.679		65.0532		49.2859		0.419765		636.482		54.9629		38.5542		59.7158
470		135.946		16.6482		115.944		65.7726		49.7804		1.25079		786.199		55.5508		38.9026		60.3928
471		134.331		16.338		114.482		64.9667		49.3575		0.00209662		603.578		54.8048		38.4668		59.6775
472		134.871		16.416		115.001		65.2409		49.4492		0.000625802		658.067		55.119		38.7029		59.882
473		133.921		16.2538		114.042		64.67		49.1597		0.000421784		679.23		54.5272		38.2734		59.5143
474		133.965		16.3178		114.458		64.8772		49.2257		2.96618e-06		592.535		54.8572		38.5393		59.6008
475		135.825		16.5241		115.799		65.6501		49.8257		0.955226		814.728		55.3952		38.8711		60.4038
476		135.404		16.6257		115.486		65.5435		49.703		0.702077		809.317		55.2362		38.6106		60.2495
477		133.794		16.1973		113.97		64.6181		49.136		0.000298606		765.506		54.4844		38.287		59.4852
478		136.02		16.4955		115.838		65.7108		49.9255		0.180682		417.62		55.3972		38.9017		60.4407
479		135.23		16.6057		115.344		65.5216		49.5968		0.785397		817.791		55.3863		38.7806		59.9577
480		134.716		16.4134		114.732		65.1601		49.4957		0.213981		710.998		54.9767		38.5633		59.7555
481		134.753		16.5223		115.156		65.2676		49.4895		0.00021431		501.06		55.0504		38.5281		60.1059
482		135.09		16.4417		115.119		65.2696		49.5342		0.000202444		419.489		55.0636		38.6219		60.0552
483		133.808		16.2175		113.988		64.6027		49.1382		5.35208e-06		695.557		54.5148		38.2973		59.4734
484		135.331		16.5365		115.64		65.6105		49.7481		0.874533		843.257		55.4381		38.9017		60.2019
485		134.298		16.2938		114.584		64.9274		49.3727		0.000159617		850.839		54.7501		38.4563		59.8341
486		135.711		16.5586		115.792		65.6739		49.7912		0.798567		819.119		55.4473		38.8887		60.345
487		134.785		16.3616		115.01		65.1885		49.4672		0.449582		690.4		55.0622		38.7005		59.9478
488		135.075		16.4362		115.103		65.3322		49.5676		0.190983		423.634		55.1454		38.7092		59.9578
489		135.142		16.543		115.369		65.4256		49.5846		0.680102		802.315		55.2551		38.7121		60.1137
490		134.389		16.3456		114.663		65.0179		49.3451		0.000135449		448.837		54.9098		38.5642		59.7533
491		133.808		16.22		114.059		64.7298		49.1844		0.00015871		407.945		54.6057		38.3857		59.4535
492		134.46		16.4847		114.898		65.1572		49.3407		0.00811626		745.264		55.0652		38.5805		59.8325
493		133.996		16.3165		114.111		64.7536		49.25		0.0011764		641.935		54.5858		38.2693		59.5248
494		134.791		16.4257		114.949		65.2218		49.4902		0.131983		512.944		55.0702		38.6446		59.8784
495		134.558		16.3133		114.743		65.0247		49.48		0.000398221		795.138		54.7851		38.4718		59.9577
496		135.591		16.5321		115.545		65.5731		49.7589		0.161758		484.816		55.3336		38.8015		60.2111
497		135.489		16.4325		115.375		65.4559		49.7156		0.039019		823.495		55.1796		38.7471		60.1956
498		134.437		16.3992		114.626		65.0556		49.3412		8.8602e-05		725.518		54.8987		38.4996		59.7276
499		136.78		16.7487		116.771		66.275		50.1735		1.54341		746.066		55.9915		39.2428		60.7797
500		135.089		16.4557		115.171		65.3365		49.632		0.000112423		413.782		55.0922		38.6365		60.0792
