1		137.481		16.7843		117.215		66.5796		50.4352		1.20992		798.675		56.2439		39.4596		60.971
2		137.325		16.8218		117.197		66.4349		50.3936		0.222792		507.988		56.0202		39.1983		61.1768
3		137.386		16.7156		117.122		66.4566		50.4624		0.000713516		785.238		56.0842		39.3686		61.0378
4		136.347		16.6386		116.486		66.0843		50.1322		4.01587e-05		582.219		55.8594		39.2208		60.6262
5		137.231		16.6425		117.037		66.2827		50.366		0.00377668		643.597		55.9158		39.2733		61.121
6		138.455		16.9286		118.146		67.0728		50.83		0.907618		876.343		56.7322		39.8035		61.4139
7		135.803		16.5429		115.813		65.6799		49.8852		0.000699113		487.806		55.4747		38.9319		60.3383
8		136.968		16.7513		116.949		66.2915		50.3087		0.00501262		678.52		55.8165		39.0652		61.1324
9		137.724		16.8636		117.41		66.6186		50.4943		0.292074		600.416		56.2775		39.4139		61.1322
10		137.777		16.7389		117.441		66.5744		50.5767		0.000765992		555.62		56.1421		39.4031		61.299
11		137.246		16.6542		117.05		66.349		50.4407		0.000123767		660.15		55.9289		39.2747		61.1209
12		138.257		16.8842		118.036		66.9313		50.7166		0.524378		760.993		56.5568		39.6726		61.4787
13		138.425		16.9924		118.193		67.0713		50.7322		1.42942		807.333		56.7432		39.7509		61.4501
14		136.632		16.7778		116.649		66.2072		50.1187		1.01884		804.868		55.9163		39.1385		60.7331
15		137.441		16.7705		117.327		66.5744		50.4825		0.723553		811.501		56.2189		39.4485		61.1084
16		137.502		16.8		117.329		66.605		50.4729		0.600869		764.733		56.2372		39.4372		61.0919
17		137.242		16.6663		117.001		66.3376		50.4173		0.000687488		876.705		55.8963		39.23		61.1046
18		136.712		16.6202		116.513		66.0939		50.1729		5.98956e-05		442.803		55.7247		39.1044		60.7887
19		136.117		16.627		116.056		65.8229		49.9288		0.00543441		745.197		55.5282		38.9012		60.5274
20		136.703		16.6182		116.687		66.0871		50.1505		0.314434		64.0533		55.7329		39.1147		60.9538
21		138.369		17.0183		118.108		67.1021		50.734		0.806508		844.004		56.7442		39.7259		61.3642
22		137.166		16.8515		117.215		66.5059		50.2771		0.649701		792.227		56.2191		39.3676		60.9959
23		136.949		16.6833		116.928		66.2074		50.2706		0.00398257		642.744		55.7757		39.0924		61.1525
24		137.895		16.8442		117.656		66.7666		50.6635		5.63466e-06		462.035		56.4116		39.5675		61.2445
25		136.763		16.7781		116.633		66.2281		50.1281		0.318039		512.067		55.932		39.1539		60.7012
26		137.874		16.9329		117.637		66.7245		50.5818		0.293455		458.963		56.2969		39.364		61.3405
27		136.966		16.7536		116.852		66.2889		50.2618		1.06568e-05		487.65		56.013		39.2594		60.8393
28		136.58		16.7384		116.461		66.1543		50.1424		1.49859e-05		558.223		55.8576		39.1193		60.6029
29		136.505		16.5561		116.408		65.9171		50.0857		3.33678e-05		967.009		55.626		39.0698		60.7821
30		137.523		16.8297		117.433		66.5878		50.5823		0.00289488		442.209		56.0612		39.2315		61.372
31		137.437		16.7492		117.246		66.5215		50.4117		0.183949		472.53		56.1951		39.4459		61.0506
32		137.694		16.9282		117.646		66.7457		50.413		1.03008		922.479		56.4801		39.5519		61.1655
33		137.124		16.8111		116.89		66.4294		50.2993		0.233057		422.958		56.174		39.3629		60.7155
34		138.106		16.8888		117.905		66.922		50.6645		0.298847		483.34		56.5857		39.6969		61.3193
35		136.801		16.6738		116.687		66.1727		50.2434		0.000924509		555.906		55.806		39.1322		60.881
36		137.365		16.8836		117.044		66.5326		50.3873		0.772115		902.541		56.2231		39.3395		60.8211
37		136.374		16.6224		116.353		65.9773		50.1554		0.000249276		867.85		55.634		39.0116		60.7195
38		137.371		16.7274		117.171		66.4325		50.4609		0.00705021		759.273		56.0669		39.3395		61.1038
39		137.691		16.8203		117.419		66.5812		50.5284		0.000543724		795.32		56.2141		39.3938		61.2045
40		136.283		16.6325		116.358		65.909		50.0347		0.00524463		581.15		55.5042		38.8718		60.8541
41		136.696		16.6498		116.512		66.1075		50.1945		0.00388854		430.447		55.8005		39.1507		60.7119
42		137.502		16.7208		117.461		66.4834		50.487		0.344934		702.312		56.0489		39.3281		61.412
43		136.909		16.6801		116.96		66.2531		50.3116		0.00112163		614.954		55.7866		39.1065		61.1734
44		137.765		16.8829		117.659		66.7499		50.5286		1.89079		708.483		56.3454		39.4625		61.3139
45		137.871		16.7974		117.526		66.683		50.6114		0.00665734		431.983		56.3167		39.5192		61.2096
46		136.598		16.5013		116.435		65.9161		50.2384		0.00024943		817.771		55.4459		38.9446		60.989
47		137.024		16.7317		117.038		66.364		50.3105		0.0019271		751.144		56.0041		39.2724		61.0337
48		137.646		16.6894		117.36		66.5069		50.6426		0.17178		445.903		55.9887		39.2993		61.3717
49		137.523		16.7499		117.287		66.5146		50.5462		0.000261007		429.609		56.0679		39.318		61.2187
50		136.033		16.5038		115.974		65.7261		49.992		2.61001e-06		745.258		55.3987		38.8949		60.575
51		136.601		16.5717		116.302		65.9873		50.2275		8.88683e-05		877.844		55.6523		39.0805		60.6502
52		137.992		16.7181		117.683		66.6789		50.7492		0.000658163		581.279		56.1345		39.4164		61.5482
53		137.912		16.8021		117.8		66.7925		50.6122		0.845309		864.787		56.4787		39.6766		61.321
54		137.27		16.7402		117.087		66.3523		50.3421		0.277193		772.687		55.9399		39.1997		61.1469
55		138.04		16.8112		117.683		66.7374		50.6784		6.09698e-05		609.681		56.3174		39.5062		61.3659
56		137.262		16.6618		116.999		66.3427		50.4209		0.000366076		721.442		55.9534		39.2916		61.0455
57		137.717		16.82		117.568		66.6385		50.5037		0.547929		872.883		56.2278		39.4078		61.3403
58		137.924		16.8172		117.733		66.7834		50.5749		0.247998		438.999		56.4178		39.6006		61.3154
59		137.512		16.8267		117.436		66.5794		50.3944		0.253807		820.908		56.3094		39.4828		61.1261
60		136.134		16.5212		116.145		65.83		49.995		3.50962e-05		782.608		55.5627		39.0415		60.582
61		136.667		16.6155		116.584		66.0719		50.2129		2.05077e-05		525.485		55.6757		39.0602		60.9087
62		136.664		16.5543		116.624		66.0197		50.2571		0.000139524		545.765		55.6583		39.104		60.9657
63		136.412		16.6381		116.341		65.9886		50.1209		0.000201827		561.005		55.6381		39		60.7033
64		137.182		16.8237		117.022		66.4572		50.3267		0.297058		445.815		56.1483		39.3246		60.8737
65		137.377		16.7194		117.237		66.4584		50.5106		0.000743763		550.54		56.0327		39.3133		61.2045
66		138.96		17.0795		118.741		67.4042		50.9584		0.949151		872.446		57.0623		39.9828		61.6783
67		136.243		16.6239		116.254		65.9075		50.0356		0.000483426		418.092		55.5836		38.9598		60.6708
68		138.248		16.8869		118.073		66.9455		50.7677		0.632893		776.448		56.5117		39.6248		61.5611
69		137.312		16.7092		117.116		66.3806		50.4376		0.000931228		542.61		55.9805		39.2713		61.1353
70		137.167		16.7263		116.878		66.3585		50.3016		0.18094		609.722		56.0424		39.3161		60.8355
71		136.914		16.6585		116.891		66.2497		50.3257		0.00871283		494.994		55.8704		39.2119		61.0208
72		135.685		16.452		115.595		65.5132		49.8717		3.35357e-05		827.982		55.1459		38.6939		60.4494
73		136.791		16.7266		116.759		66.2336		50.2219		0.00248654		485.289		55.9627		39.2361		60.7966
74		137.997		16.7639		117.658		66.7263		50.6958		0.00848202		817.095		56.269		39.5052		61.3891
75		136.686		16.5776		116.575		66.0188		50.1593		6.82442e-05		860.654		55.6419		39.0643		60.9328
76		137.834		16.7144		117.579		66.5957		50.5796		0.432983		733.71		56.1539		39.4395		61.4246
77		137.593		16.7191		117.416		66.5722		50.5774		0.000182578		436.25		56.1925		39.4734		61.2234
78		136.238		16.6874		116.317		65.9912		50.0629		0.00657156		744.047		55.6326		38.9452		60.6849
79		137.739		16.8006		117.484		66.5846		50.5681		0.210483		438.706		56.1661		39.3655		61.3181
80		137.133		16.558		116.876		66.2362		50.4202		0.00104494		839.719		55.8445		39.2865		61.0317
81		136.295		16.6462		116.347		66.0052		50.0821		0.261522		479.059		55.7217		39.0755		60.6253
82		136.478		16.6452		116.298		65.9617		50.0886		0.00168119		788.92		55.6606		39.0154		60.6378
83		137.108		16.7754		117.036		66.3614		50.3182		0.012111		711.53		55.9843		39.2089		61.0522
84		136.373		16.5409		116.256		65.8673		50.0862		0.00157641		451.176		55.4875		38.9466		60.7682
85		138.599		17.0054		118.398		67.1236		50.8275		0.66317		853.036		56.691		39.6856		61.7069
86		137.4		16.8028		117.255		66.5082		50.3546		0.306213		634.64		56.3005		39.4977		60.9546
87		137.462		16.7252		117.327		66.575		50.4953		0.089679		626.655		56.2786		39.5534		61.0488
88		137.058		16.7166		116.977		66.2772		50.2466		0.00113268		670.338		55.9524		39.2358		61.0242
89		137.834		16.784		117.614		66.6241		50.6052		0.00363635		444.92		56.1718		39.3878		61.442
90		138.315		16.8464		118.063		66.89		50.7443		0.895852		937.646		56.3772		39.5308		61.6856
91		138.164		16.8725		117.838		66.8603		50.6902		1.19037		806.793		56.4255		39.553		61.4124
92		136.834		16.7005		116.751		66.2227		50.2333		7.476e-06		693.668		55.8791		39.1786		60.8715
93		137.064		16.6858		116.855		66.2369		50.2873		0.000230344		684.138		55.8012		39.1154		61.054
94		136.949		16.6504		116.989		66.2955		50.3481		0.260932		452.528		55.997		39.3466		60.9916
95		137.397		16.7161		117.261		66.4564		50.4738		0.000519347		431.554		56.0992		39.3831		61.1616
96		137.021		16.594		116.773		66.1621		50.3309		0.00902064		434.333		55.724		39.13		61.0486
97		137.524		16.7683		117.459		66.613		50.5214		0.295147		477.282		56.2964		39.5281		61.1629
98		136.712		16.6567		116.671		66.091		50.2178		0.225509		468.939		55.6784		39.0217		60.993
99		136.339		16.5955		116.257		65.9155		50.0445		0.000117989		702.203		55.5914		38.9959		60.666
100		136.563		16.6038		116.694		66.1564		50.2052		0.181684		443.293		55.8852		39.2815		60.8089
101		137.709		16.7335		117.536		66.6108		50.5852		0.372881		651.471		56.1986		39.4651		61.3374
102		135.839		16.5322		115.971		65.7578		49.9748		0.000336546		903		55.4543		38.9222		60.5171
103		136.852		16.7492		116.786		66.2989		50.1911		0.468187		800.056		56.0307		39.2815		60.7549
104		137.64		16.7375		117.498		66.5573		50.5086		0.000797107		517.985		56.196		39.4586		61.3022
105		137.269		16.7434		117.11		66.4051		50.3947		0.00139661		624.537		56.0646		39.3212		61.0449
106		136.721		16.6986		116.675		66.1764		50.1537		0.00169062		725.924		55.8449		39.1462		60.8298
107		136.857		16.6332		116.611		66.1108		50.229		9.47338e-05		757.263		55.7103		39.0771		60.9004
108		136.761		16.6473		116.719		66.1579		50.2005		0.000101489		411.511		55.8484		39.201		60.8701
109		137.046		16.6771		116.905		66.2717		50.3266		0.00120226		634.707		55.8748		39.1977		61.03
110		136.867		16.721		116.737		66.1942		50.1788		0.272323		739.523		55.8429		39.1219		60.8941
111		136.173		16.3893		116.114		65.6824		50.0418		0.000685172		870.99		55.2786		38.8893		60.835
112		138.046		16.8528		117.638		66.7403		50.6295		0.548679		847.429		56.3594		39.5066		61.2789
113		137.616		16.8453		117.243		66.6205		50.4951		0.020613		449.837		56.2714		39.4261		60.972
114		137.64		16.7914		117.348		66.6081		50.5305		1.11347		817.662		56.2291		39.4376		61.1192
115		137.632		16.7708		117.457		66.5642		50.5338		0.000104143		484.626		56.1793		39.4085		61.2779
116		137.857		16.7666		117.486		66.6374		50.6365		0.000302048		736.635		56.263		39.4964		61.2228
117		135.808		16.399		115.903		65.5729		49.9031		0.000403962		871.864		55.2282		38.8292		60.6753
118		137.887		16.7397		117.421		66.6079		50.599		0.000493623		466.757		56.1521		39.4124		61.2691
119		136.208		16.4488		116.343		65.8472		50.072		0.329206		527.575		55.5715		39.1228		60.7712
120		136.568		16.6142		116.495		66.0022		50.2035		6.23938e-05		796.47		55.544		38.9298		60.9509
121		137.1		16.7233		117.033		66.293		50.286		0.000385212		492.513		55.9493		39.226		61.0837
122		137.612		16.8322		117.401		66.607		50.5357		1.57016e-05		520.493		56.144		39.3117		61.2574
123		136.016		16.5562		116.121		65.8342		49.9814		0.000583575		571.582		55.543		38.9868		60.5778
124		136.755		16.6567		116.659		66.1284		50.225		0.00268185		693.42		55.7802		39.1235		60.8783
125		136.418		16.6558		116.478		66.0534		50.1235		0.138594		557.997		55.8064		39.1505		60.6716
126		137.205		16.5696		117.027		66.2839		50.4439		9.70335e-06		669.568		55.9011		39.3316		61.126
127		136.517		16.6427		116.389		66.0474		50.0628		0.000269498		486.887		55.8277		39.185		60.5611
128		137.541		16.7522		117.293		66.4522		50.4543		0.105723		684.724		56.0109		39.2586		61.282
129		138.086		16.8158		117.845		66.7868		50.7233		0.249782		412.022		56.315		39.4992		61.5298
130		136.961		16.721		116.95		66.2969		50.3223		0.00176472		452.811		55.9799		39.259		60.9699
131		137.233		16.6698		117.166		66.3815		50.4172		0.000207126		712.417		56.0417		39.3719		61.124
132		137.52		16.7002		117.148		66.49		50.5596		0.000188982		816.967		56.0919		39.3917		61.056
133		137.169		16.5796		117.075		66.3483		50.3885		0.00730192		805.994		56.0291		39.4495		61.0463
134		137.152		16.7012		117.044		66.3297		50.3764		7.29411e-06		711.062		55.9864		39.2852		61.0578
135		137.664		16.8483		117.49		66.6431		50.5012		0.882138		949.727		56.3224		39.4741		61.1674
136		137.216		16.747		117.189		66.4321		50.4597		0.236908		499.33		56.0683		39.3213		61.1206
137		136.37		16.7067		116.32		66.0139		50.1032		0.0163154		834.184		55.6771		38.9705		60.6432
138		137.212		16.7639		116.976		66.3947		50.413		1.68101e-05		867.741		55.9545		39.1906		61.0218
139		136.855		16.749		116.606		66.1796		50.2042		2.67817e-05		456.072		55.8256		39.0765		60.7804
140		137.889		16.8287		117.632		66.7129		50.6036		0.708854		805.692		56.2552		39.4265		61.3769
141		137.144		16.7686		117.095		66.4411		50.3971		0.00189283		505.754		56.0308		39.2621		61.0646
142		137.031		16.6634		117.059		66.3433		50.3828		0.110784		636.543		55.9411		39.2777		61.1183
143		137.041		16.7578		117.03		66.3408		50.2966		0.000215484		643.106		56.0083		39.2506		61.0219
144		137.315		16.7663		117.193		66.4388		50.3681		0.00597745		702.243		56.0493		39.283		61.1436
145		137.886		16.7695		117.655		66.6924		50.6602		4.49034e-05		474.484		56.2213		39.4518		61.4336
146		137.005		16.7589		116.927		66.314		50.3501		0.000206431		461.952		55.916		39.1571		61.0105
147		137.477		16.7784		117.369		66.5754		50.5048		0.0963177		661.265		56.2099		39.4315		61.1592
148		136.819		16.4822		116.716		66.0314		50.3108		3.94528e-05		762.984		55.6213		39.1391		61.095
149		137.222		16.7299		117.156		66.4344		50.3742		0.370882		670.645		56.1232		39.3933		61.0324
150		137.228		16.7299		117.148		66.4309		50.34		0.724626		885.988		56.1093		39.3794		61.0386
151		137.786		16.8607		117.485		66.6362		50.5267		0.286204		457.323		56.1667		39.306		61.3184
152		137.343		16.8158		117.239		66.5258		50.4061		1.00171		877.976		56.2024		39.3865		61.0363
153		138.389		16.8942		117.985		66.8696		50.753		0.0908542		660.965		56.4091		39.5149		61.5758
154		137.98		16.8371		117.855		66.7686		50.6304		0.579591		746.058		56.3113		39.4742		61.5437
155		135.97		16.6161		115.929		65.7979		49.9196		0.000706779		460.445		55.5564		38.9403		60.3729
156		137.782		16.8228		117.596		66.6831		50.5693		0.492347		772.134		56.3163		39.4935		61.2801
157		137.969		16.8214		117.668		66.7122		50.5977		0.00490655		665.547		56.2926		39.4712		61.3749
158		135.968		16.5894		116.108		65.8846		50.0266		9.1536e-06		905.092		55.6318		39.0424		60.4763
159		136.278		16.487		116.25		65.8693		50.0129		0.000529489		798.39		55.6176		39.1306		60.6323
160		136.988		16.6549		116.882		66.2476		50.2272		0.000104819		468.961		55.9022		39.2474		60.9796
161		137.581		16.866		117.399		66.631		50.4253		0.233376		426.141		56.3975		39.5315		61.0011
162		136.914		16.6789		116.856		66.1955		50.3324		0.000525954		855.43		55.7468		39.068		61.109
163		136.264		16.5399		116.428		65.9555		50.0931		0.000118146		461.985		55.6487		39.1088		60.7795
164		135.718		16.5325		115.865		65.6572		49.853		0.000314607		600.114		55.4276		38.8951		60.4373
165		137.43		16.8191		117.335		66.5224		50.459		0.353761		519.731		56.1663		39.3473		61.1685
166		136.706		16.651		116.609		66.0287		50.1818		0.00106957		791.614		55.6282		38.9772		60.9809
167		136.796		16.6546		116.683		66.1795		50.2127		0.00017062		510.226		55.8712		39.2166		60.8121
168		136.32		16.6348		116.335		65.9111		50.0461		1.0704e-05		679.784		55.5654		38.9306		60.7697
169		136.868		16.5876		116.897		66.1609		50.3125		9.55514e-05		904.683		55.7118		39.1242		61.1855
170		136.578		16.7064		116.453		66.0616		50.1041		5.25175e-05		504.311		55.6915		38.9852		60.7613
171		137.038		16.6827		116.84		66.2535		50.2949		0.496176		801.21		55.9644		39.2817		60.8757
172		136.736		16.6889		116.781		66.2256		50.2236		0.704674		988.637		55.9784		39.2895		60.8028
173		135.296		16.4227		115.514		65.4854		49.8079		0.00185066		804.713		55.2238		38.801		60.2904
174		136.707		16.6715		116.565		66.122		50.1853		0.000671681		606.304		55.8404		39.1689		60.7246
175		136.896		16.5122		116.749		66.0794		50.3956		1.63205e-06		898.709		55.5867		39.0745		61.1623
176		137.593		16.6675		117.377		66.5683		50.5798		0.000373217		477.08		56.1665		39.4991		61.2105
177		138.317		17.0233		118.18		67.1004		50.7005		1.51099		756.54		56.6986		39.6753		61.4819
178		137.996		16.8932		117.7		66.7808		50.623		0.0149175		697.143		56.3738		39.4807		61.3261
179		135.836		16.5634		116.062		65.7419		49.8495		0.00112915		504.482		55.5034		38.94		60.5588
180		137.392		16.6882		117.421		66.5176		50.6049		8.94866e-05		520.042		56.0684		39.3801		61.3527
181		137.737		16.808		117.448		66.6513		50.4565		0.446953		753.715		56.3437		39.5357		61.1047
182		136.629		16.798		116.534		66.1763		50.0962		0.000331127		598.504		55.9105		39.1125		60.6235
183		137.021		16.7031		117.076		66.3746		50.3459		0.756096		809.332		55.9976		39.2945		61.0786
184		137.92		16.9912		117.589		66.8483		50.6116		0.776403		971.101		56.4788		39.4876		61.1101
185		137.361		16.8141		117.273		66.5009		50.376		0.0596184		644.482		56.1894		39.3753		61.084
186		137.276		16.8389		117.211		66.4967		50.4089		0.000430411		412.287		56.1267		39.2877		61.0841
187		136.421		16.5936		116.328		65.9252		50.1543		0.00853599		592.245		55.5107		38.9171		60.8169
188		137.642		16.8915		117.542		66.698		50.463		0.438469		723.681		56.3585		39.467		61.1838
189		136.754		16.6238		116.778		66.1625		50.2492		0.000444562		829.392		55.7364		39.1127		61.0416
190		137.172		16.6868		117.017		66.3274		50.3719		0.00275558		482.597		55.9461		39.2594		61.0707
191		137.824		16.8331		117.704		66.7712		50.6582		0.00109987		433.157		56.332		39.4989		61.3722
192		136.495		16.6728		116.596		66.0726		50.0937		0.875343		907.413		55.7154		39.0426		60.881
193		136.593		16.6346		116.54		66.0429		50.1847		0.00204878		449.457		55.7734		39.1387		60.7667
194		137.252		16.7407		117.116		66.3124		50.3759		9.40819e-06		500.715		55.9498		39.2091		61.1661
195		138.056		16.9478		117.885		66.8962		50.6412		1.93737		697.101		56.5186		39.5708		61.3665
196		137.23		16.7949		117.343		66.5279		50.3573		0.0772945		773.669		56.2668		39.4719		61.076
197		136.568		16.6147		116.521		66.0485		50.2087		0.000109338		933.784		55.7206		39.1059		60.8
198		136.465		16.6216		116.389		65.9671		50.1262		9.37226e-05		801.579		55.6095		38.988		60.779
199		137.661		16.8088		117.479		66.6224		50.4855		0.368805		725.274		56.247		39.4382		61.2321
200		137.954		16.8026		117.624		66.6906		50.641		0.000588731		427.759		56.2462		39.4436		61.3774
201		136.164		16.6666		116.118		65.8554		49.9516		0.105165		578.619		55.5574		38.8909		60.5608
202		136.963		16.6446		116.732		66.2458		50.3036		0.00018589		483.571		55.9339		39.2893		60.7977
203		138.442		16.9563		118.275		67.0812		50.7691		1.14695		841.891		56.7308		39.7745		61.5437
204		137.144		16.706		117.106		66.36		50.2795		0.0921662		818.505		56.0238		39.3179		61.0825
205		137.514		16.8304		117.423		66.5911		50.4638		1.40415		891.191		56.271		39.4405		61.1518
206		137.389		16.8082		117.297		66.5437		50.375		0.01039		595.605		56.2975		39.4893		60.9995
207		137.584		16.7229		117.354		66.4887		50.5316		0.00178771		474.312		56.0375		39.3146		61.3163
208		137.423		16.8648		117.349		66.5427		50.434		0.280636		457.832		56.1425		39.2777		61.206
209		137.972		16.8793		117.738		66.8748		50.6238		0.262868		445.185		56.5541		39.6748		61.1834
210		137.303		16.7424		117.222		66.4897		50.4529		0.000435683		672.362		56.0876		39.3452		61.1345
211		138.052		16.915		117.753		66.8532		50.63		0.329378		599.74		56.4992		39.5842		61.2537
212		136.842		16.6509		116.772		66.2333		50.2328		0.0708371		729.227		55.93		39.2791		60.8422
213		136.891		16.7447		116.82		66.2717		50.2456		0.000156074		745.83		55.923		39.1783		60.8969
214		136.66		16.6661		116.622		66.0728		50.1968		0.000849237		411.035		55.6644		38.9984		60.9577
215		137.27		16.7725		117.107		66.3963		50.4625		4.71954e-05		624.362		55.9641		39.1916		61.143
216		137.253		16.6727		117.051		66.345		50.3789		0.189896		417.799		55.9464		39.2737		61.1046
217		137.804		16.7584		117.466		66.5449		50.5752		0.519222		930.859		56.1178		39.3594		61.3482
218		136.443		16.6303		116.57		66.0487		50.1405		0.00221354		521.185		55.7517		39.1214		60.8182
219		138.078		16.9813		117.971		66.9403		50.6024		1.31145		823.046		56.5861		39.6048		61.3849
220		138.811		16.9466		118.358		67.2091		50.9574		0.730343		891.198		56.8412		39.8946		61.5165
221		136.905		16.6781		116.751		66.1903		50.2945		0.00129284		566.619		55.8292		39.1511		60.9215
222		136.548		16.5758		116.454		65.8912		50.1335		0.000223958		1007.69		55.5458		38.97		60.908
223		139.379		17.2109		119.056		67.5983		51.0513		1.13117		813.387		57.1407		39.9298		61.9155
224		137.615		16.8178		117.54		66.6334		50.5421		0.00490799		554.531		56.2637		39.4459		61.2768
225		136.799		16.5657		116.74		66.0996		50.2734		0.00252622		441.287		55.7476		39.1819		60.9922
226		136.933		16.7257		116.919		66.3097		50.2506		0.00799336		935.708		56.0774		39.3518		60.842
227		136.604		16.7412		116.657		66.1621		50.1438		0.601688		754.763		55.8712		39.13		60.7858
228		137.552		16.8142		117.31		66.5329		50.5181		0.19189		461.9		56.1194		39.3052		61.1906
229		135.854		16.5789		115.956		65.6856		49.8178		0.00116131		836.916		55.426		38.8472		60.5303
230		137.434		16.8231		117.284		66.5238		50.4048		0.108399		587.057		56.2238		39.4008		61.0602
231		136.767		16.6575		116.636		66.1315		50.1963		6.68464e-06		808.949		55.8145		39.1569		60.8217
232		137.864		16.7808		117.688		66.6729		50.6044		0.382451		714.742		56.2141		39.4333		61.4742
233		136.769		16.7719		116.702		66.1993		50.2166		0.000375987		614.244		55.8291		39.0573		60.8725
234		135.471		16.4476		115.635		65.5319		49.8154		8.16858e-06		896.534		55.2828		38.8352		60.3521
235		137.494		16.8837		117.464		66.6529		50.4432		0.401868		664.2		56.3131		39.4295		61.1507
236		137.701		16.7351		117.384		66.5783		50.4888		0.754288		806.529		56.1541		39.419		61.2297
237		137.295		16.8013		117.299		66.5155		50.4516		0.276456		552.555		56.1267		39.3254		61.1718
238		136.391		16.6571		116.402		65.9996		50.0694		0.498603		933.759		55.764		39.1068		60.6382
239		137.999		16.9261		117.839		66.7854		50.5782		0.570089		893.807		56.3068		39.3807		61.5324
240		137.865		16.776		117.631		66.6516		50.603		0.0938315		683.734		56.2503		39.4742		61.3806
241		137.234		16.7243		117.041		66.3338		50.2782		0.467751		774.698		55.9854		39.2611		61.0551
242		135.873		16.6109		115.895		65.7116		49.8582		0.000405848		599.588		55.4314		38.8205		60.4638
243		138.572		16.9847		118.539		67.2038		50.8109		1.75153		729.37		56.8073		39.8226		61.7319
244		137.82		16.7875		117.765		66.6945		50.6204		0.0216635		851.627		56.2654		39.4779		61.4997
245		137.861		16.8003		117.554		66.6381		50.6188		0.325188		484.238		56.1581		39.3578		61.3959
246		137.319		16.7556		117.193		66.414		50.46		0.460749		681.282		55.9838		39.2282		61.209
247		138.07		16.8299		117.678		66.7127		50.6815		0.195697		450.005		56.2918		39.4619		61.3857
248		137.288		16.8378		117.13		66.5003		50.3138		0.743079		810.893		56.1845		39.3468		60.9459
249		136.729		16.5922		116.651		66.0761		50.3039		0.00290926		516.813		55.6407		39.0485		61.0105
250		136.903		16.67		116.97		66.3195		50.3494		0.000224473		462.193		55.9719		39.3019		60.9977
251		136.038		16.5339		116.133		65.7677		50.0861		3.1695e-07		900.895		55.3098		38.7759		60.8235
252		137.014		16.6941		116.892		66.2458		50.3017		4.26058e-06		617.629		55.8514		39.1573		61.0409
253		138.411		16.9352		117.94		66.9925		50.7513		0.76249		893.738		56.64		39.7048		61.3002
254		136.062		16.5733		116.055		65.7931		49.929		1.47719e-05		931.105		55.4908		38.9175		60.5647
255		137.005		16.6336		116.948		66.2966		50.2877		0.00326191		472.726		56.021		39.3875		60.9265
256		137.431		16.7133		117.304		66.4107		50.4465		0.101594		628.206		56.0283		39.315		61.2758
257		137.149		16.7463		116.9		66.3447		50.2687		1.11168		815.881		56.0014		39.2551		60.8987
258		136.484		16.6284		116.465		65.9945		50.0885		0.0107781		596.476		55.6773		39.0489		60.788
259		137.512		16.774		117.256		66.498		50.4646		0.0361578		872.22		56.1232		39.3492		61.1326
260		136.803		16.6138		116.751		66.0487		50.1797		0.000720769		967.956		55.7102		39.0964		61.0405
261		137.312		16.713		117.209		66.4581		50.4071		0.0021071		477.081		56.0987		39.3857		61.1101
262		137.505		16.7486		117.456		66.5917		50.5918		0.000770127		487.589		56.2124		39.4638		61.2434
263		137.929		16.8878		117.861		66.805		50.6153		0.570175		802.413		56.447		39.5592		61.4138
264		136.421		16.6809		116.485		66.0772		50.0889		0.00648547		525.247		55.8219		39.141		60.6636
265		137.739		16.77		117.571		66.6058		50.5521		0.0754221		470.422		56.1557		39.3857		61.415
266		136.832		16.6966		116.73		66.264		50.1692		0.479319		693.66		56.0288		39.3322		60.701
267		138.035		17.053		117.928		66.9402		50.6087		1.38405		892.708		56.5955		39.5425		61.3324
268		136.654		16.6504		116.509		65.9934		50.1279		0.000263454		697.385		55.6301		38.9797		60.879
269		137.607		16.8278		117.443		66.5543		50.4688		0.376654		627.482		56.1108		39.283		61.3321
270		136.839		16.6448		116.814		66.1712		50.2816		0.000730332		568.994		55.7199		39.0751		61.0946
271		136.806		16.603		116.599		66.1238		50.2473		7.51871e-05		505.41		55.7781		39.1751		60.821
272		137.527		16.776		117.359		66.4806		50.4184		0.606264		1003.78		56.1769		39.4008		61.1818
273		136.487		16.5989		116.275		65.9014		50.1258		0.00133605		653.145		55.5181		38.9192		60.757
274		137.548		16.7705		117.402		66.5906		50.467		0.470355		630.462		56.2714		39.501		61.1307
275		136.559		16.5604		116.377		65.9132		50.16		4.20938e-06		794.853		55.5335		38.9732		60.8433
276		137.391		16.7006		117.209		66.4048		50.4308		4.69726e-05		814.283		56.0266		39.326		61.182
277		137.998		16.9145		117.877		66.8432		50.583		2.46432e-05		423.245		56.431		39.5164		61.4464
278		137.236		16.7297		117.122		66.3657		50.3169		0.00321265		558.306		55.9396		39.2099		61.1826
279		136.966		16.6752		116.726		66.1877		50.2926		0.00134326		590.873		55.8735		39.1983		60.8521
280		137.444		16.746		117.24		66.4452		50.4146		1.43791e-06		628.968		56.0883		39.3423		61.1515
281		138.377		16.9129		118.204		66.959		50.7502		0.204137		477.334		56.5253		39.6124		61.6786
282		137.746		16.7122		117.505		66.5712		50.5734		0.00118606		787.418		56.1916		39.4794		61.3133
283		138.441		16.9248		118.181		67.0342		50.808		0.684697		802.323		56.5886		39.6638		61.5919
284		136.295		16.5809		116.239		65.9103		50.1199		0.000388363		902.827		55.527		38.946		60.7121
285		136.049		16.6057		116.063		65.8119		49.9429		0.000235874		633.647		55.5373		38.9316		60.5258
286		136.248		16.6085		116.14		65.8725		50.0024		0.000320593		980.21		55.6153		39.0069		60.5249
287		137.298		16.7922		117.338		66.5249		50.3501		0.169002		782.956		56.2406		39.4484		61.0972
288		136.542		16.4544		116.499		65.8937		50.2167		6.24485e-06		867.41		55.4865		39.0321		61.0124
289		137.16		16.7328		116.948		66.333		50.3586		0.000105416		481.106		55.9305		39.1977		61.0171
290		138.4		16.8585		117.899		66.9346		50.8161		0.286281		498.111		56.4478		39.5893		61.4516
291		137.131		16.786		116.987		66.3537		50.2977		0.00129225		510.649		55.9523		39.1663		61.0343
292		137.665		16.7561		117.529		66.5524		50.5692		1.26556e-05		453.318		56.0961		39.34		61.433
293		137.439		16.8205		117.135		66.505		50.4829		0.00186696		641.499		56.0225		39.202		61.1128
294		136.67		16.6309		116.719		66.1327		50.2528		4.83329e-06		904.591		55.7614		39.1305		60.9574
295		138.055		16.8998		117.722		66.7739		50.5923		0.381735		521.964		56.3153		39.4155		61.4068
296		136.991		16.723		116.772		66.3003		50.2538		9.34488e-05		422.086		56.0213		39.2983		60.7504
297		138.003		16.8945		117.712		66.7607		50.5935		0.885943		843.529		56.3284		39.4339		61.3832
298		137.741		16.8221		117.561		66.6444		50.5395		0.000592327		590.254		56.2053		39.3833		61.356
299		137.149		16.6413		116.984		66.3281		50.3916		4.7202e-05		491.689		55.9214		39.2802		61.0624
300		136.324		16.6561		116.317		65.9519		50.0624		3.5631e-05		479.65		55.6588		39.0026		60.6582
301		137.363		16.6717		117.216		66.4627		50.4409		0.0115625		780.404		56.0444		39.3726		61.1712
302		138.164		16.8637		117.763		66.8016		50.6678		0.142486		782.098		56.3904		39.5267		61.3728
303		136.745		16.7604		116.59		66.1991		50.1354		0.186356		601.665		55.9213		39.1609		60.6682
304		135.915		16.4394		115.906		65.6529		49.9052		7.08336e-05		797.346		55.4038		38.9645		60.5018
305		137.904		16.8894		117.95		66.8622		50.6153		1.03131		813.098		56.5025		39.6131		61.4476
306		137.726		16.8529		117.511		66.5866		50.4943		0.622387		899.267		56.1476		39.2947		61.3637
307		137.402		16.7973		117.261		66.5193		50.4408		0.00397274		811.171		56.0978		39.3005		61.1633
308		137.269		16.8248		117.277		66.5094		50.4632		0.0704644		443.417		56.1266		39.3018		61.1503
309		137.104		16.7466		116.986		66.3364		50.3327		0.809686		887.579		55.9841		39.2375		61.0022
310		137.627		16.7745		117.5		66.558		50.4604		0.35393		554.769		56.1661		39.3916		61.3343
311		136.268		16.6045		116.247		65.9237		49.9873		0.000413691		746.749		55.7103		39.1058		60.5367
312		136.118		16.6064		116.4		65.9248		50.0861		1.54825e-05		434.088		55.5791		38.9727		60.8212
313		137.808		16.8245		117.566		66.6936		50.606		0.000168851		455.423		56.2653		39.4408		61.3003
314		137.818		16.8097		117.834		66.8116		50.5775		1.33426		775.293		56.4518		39.6421		61.3827
315		138.095		16.9134		117.847		66.8278		50.6578		0.413728		732.526		56.3617		39.4483		61.4849
316		136.186		16.5674		116.054		65.8527		50.0007		5.49931e-05		702.121		55.6036		39.0362		60.4503
317		137.722		16.7727		117.482		66.6478		50.6012		0.000579699		412.293		56.2586		39.4858		61.2238
318		136.875		16.7252		116.781		66.1816		50.1824		0.277932		529.666		55.8323		39.1071		60.9488
319		137.647		16.7959		117.679		66.7321		50.578		0.127665		566.501		56.4026		39.6068		61.2763
320		137.44		16.8083		117.311		66.5538		50.4959		0.00307407		723.444		56.1497		39.3415		61.161
321		136.831		16.6813		116.767		66.1562		50.1831		0.0980919		711.192		55.7506		39.0693		61.0159
322		137.118		16.8846		117.087		66.4795		50.2532		1.17012		793.277		56.2039		39.3193		60.8829
323		137.562		16.872		117.309		66.4903		50.4493		0.0497823		722.18		56.1157		39.2437		61.1935
324		136.821		16.6961		116.679		66.2163		50.3218		4.48686e-05		755.069		55.8786		39.1825		60.8008
325		137.764		16.7366		117.432		66.5715		50.5313		0.0457998		835.727		56.1895		39.4529		61.2421
326		137.543		16.8435		117.193		66.5056		50.3945		0.472167		735.163		56.1444		39.3009		61.049
327		137.083		16.7213		116.685		66.2344		50.2956		0.00319288		625.185		55.9206		39.1994		60.7639
328		135.553		16.4638		115.6		65.4854		49.7963		0.000333214		927.478		55.1438		38.68		60.4564
329		137.204		16.5989		117.049		66.276		50.4164		6.94304e-05		762.427		55.8831		39.2842		61.1661
330		136.459		16.6828		116.561		66.0533		50.0983		0.000256379		591.074		55.7526		39.0698		60.8079
331		138.24		16.9643		118.143		67.0166		50.6811		0.682899		865.092		56.7097		39.7454		61.4335
332		136.602		16.5758		116.528		65.9917		50.1745		0.000304834		713.475		55.575		38.9992		60.9526
333		138.014		16.6793		117.637		66.541		50.7114		0.00118021		929.062		55.9795		39.3003		61.6579
334		137.259		16.8034		117.285		66.4265		50.3267		0.188745		418.072		56.0077		39.2043		61.2773
335		136.629		16.6885		116.522		66.0355		50.1849		1.66249e-05		469.858		55.5848		38.8964		60.9369
336		137.443		16.8009		117.11		66.4871		50.4714		0.186765		548.326		56.0872		39.2863		61.0224
337		138.599		16.8932		118.346		67.1013		50.9269		0.779793		856.336		56.6901		39.7969		61.6558
338		137.788		16.8629		117.663		66.7472		50.519		0.183907		462.417		56.4248		39.562		61.2379
339		137.151		16.7778		117.11		66.4333		50.3169		0.541974		683.038		56.1114		39.3336		60.9983
340		136.476		16.56		116.44		65.895		50.1168		0.000977904		969.05		55.5814		39.0214		60.8582
341		136.964		16.6692		116.874		66.308		50.3917		0.0493511		806.783		55.9348		39.2656		60.9394
342		137.482		16.7574		117.258		66.5384		50.5166		0.00322107		679.795		56.1371		39.3797		61.1208
343		138.324		16.9263		118.163		66.9934		50.7517		0.411571		676.684		56.597		39.6706		61.5665
344		137.092		16.6898		116.859		66.2884		50.3664		1.54656e-06		692.86		55.8747		39.1849		60.9845
345		137.267		16.7601		117.238		66.4773		50.4799		0.527902		864.75		56.0648		39.3046		61.1735
346		137.518		16.7959		117.342		66.5742		50.4565		0.339126		663.439		56.1799		39.384		61.1625
347		137.511		16.7497		117.256		66.5345		50.4478		0.592932		872.289		56.1502		39.4005		61.106
348		136.832		16.7379		116.928		66.2694		50.2362		0.000173355		463.837		55.8924		39.1545		61.0357
349		137.949		16.9317		117.753		66.835		50.5994		0.767913		818.535		56.4333		39.5016		61.3194
350		136.976		16.5674		116.787		66.1685		50.2877		1.84687e-06		627.044		55.851		39.2836		60.9357
351		137.779		16.9124		117.478		66.6623		50.5848		0.000343695		646.703		56.1845		39.2721		61.2939
352		138.083		16.9201		118.044		66.9437		50.6785		0.980431		814.155		56.5774		39.6573		61.4669
353		137.763		16.8305		117.577		66.7268		50.5646		2.2863e-05		693.292		56.4073		39.5768		61.1696
354		137.799		16.839		117.588		66.6887		50.608		0.00159823		511.768		56.2616		39.4226		61.3266
355		137.307		16.8136		117.214		66.4308		50.4016		0.114504		503.305		55.9524		39.1388		61.2612
356		137.133		16.7913		116.929		66.3726		50.2581		0.0137807		688.576		56.0952		39.3039		60.8336
357		136.804		16.6655		116.687		66.1425		50.1839		0.0241078		789.056		55.8578		39.1923		60.8293
358		136.839		16.7695		116.912		66.2754		50.2622		0.501267		768.118		55.9655		39.196		60.9468
359		138.567		16.985		118.16		67.0877		50.8547		0.39511		610.143		56.6165		39.6315		61.5439
360		137.656		16.7102		117.429		66.5075		50.5108		0.00138094		787.502		56.0502		39.34		61.3787
361		137.127		16.7073		116.981		66.3691		50.378		1.22448e-05		610.499		55.9781		39.2708		61.0033
362		137.51		16.689		117.208		66.4479		50.5094		0.000101037		485.417		56.0943		39.4053		61.1135
363		136.079		16.6271		116.356		65.9525		49.9916		0.409178		656.666		55.7304		39.1033		60.6258
364		137.498		16.7805		117.222		66.5053		50.4569		0.050023		554.358		56.1032		39.3227		61.1185
365		137.543		16.8328		117.514		66.6371		50.4557		0.898043		819.551		56.2773		39.4445		61.2363
366		136.825		16.6861		116.778		66.2765		50.2796		2.58061e-05		656.062		55.931		39.2449		60.8475
367		136.604		16.679		116.526		66.034		50.0745		0.0747435		844.271		55.656		38.977		60.8702
368		138.201		16.9306		118.086		66.9615		50.705		0.456298		836.696		56.4899		39.5593		61.5958
369		137.219		16.7024		117.057		66.3745		50.3338		0.000109852		423.172		56.0189		39.3165		61.0386
370		136.976		16.7599		116.813		66.2859		50.1713		0.851147		881.215		56.0759		39.316		60.7368
371		136.509		16.5593		116.321		65.9319		50.1103		9.25692e-05		943.491		55.6394		39.0801		60.682
372		136.99		16.6536		116.747		66.1726		50.2874		0.00124655		462.728		55.7586		39.105		60.9888
373		136.237		16.6426		116.296		65.9401		50.0793		7.06348e-07		838.627		55.6372		38.9947		60.6586
374		136.338		16.5492		116.237		65.8947		50.0354		0.000398528		460.394		55.5783		39.0291		60.659
375		138.03		16.8344		117.659		66.7385		50.6691		0.00576931		427.514		56.2466		39.4122		61.4124
376		137.057		16.6681		117.007		66.3008		50.3204		0.00621481		519.783		55.9203		39.2522		61.0871
377		138.82		16.8977		118.432		67.1109		50.9724		0.543808		710.711		56.5818		39.6841		61.8501
378		137.539		16.7878		117.329		66.4971		50.4922		4.6497e-05		447.278		56.0655		39.2778		61.2634
379		137.545		16.7554		117.306		66.4913		50.4641		0.00176497		564.666		56.0524		39.297		61.2536
380		136.645		16.6616		116.68		66.1397		50.1732		0.0502342		851.926		55.8338		39.1722		60.8466
381		137.666		16.8801		117.478		66.5869		50.5041		4.03284e-06		768.48		56.0993		39.2192		61.3788
382		136.024		16.6778		116.058		65.8412		49.9128		0.0458941		752.678		55.5882		38.9104		60.4699
383		137.547		16.9509		117.424		66.6235		50.4065		1.37321		801.879		56.2574		39.3065		61.1664
384		137.124		16.8155		117.132		66.476		50.314		0.30519		521.019		56.1966		39.3811		60.9355
385		137.042		16.6686		116.865		66.2532		50.3001		0.000327788		485.967		55.9132		39.2446		60.9519
386		136.189		16.5614		115.972		65.7322		50.0514		0.000299607		819.626		55.2847		38.7233		60.687
387		137.651		16.8795		117.565		66.6622		50.4602		0.694082		934.479		56.286		39.4065		61.2787
388		136.001		16.4568		115.881		65.7135		50.0157		4.38157e-07		753.844		55.4081		38.9513		60.4734
389		136.835		16.7009		116.72		66.2025		50.25		0.00291642		649.657		55.8486		39.1477		60.871
390		137.293		16.7719		117.248		66.5168		50.3845		0.0505905		811.072		56.194		39.4221		61.0538
391		138.211		16.867		117.993		66.8666		50.6974		0.0393203		480.196		56.4326		39.5656		61.5607
392		137.045		16.7542		116.935		66.3605		50.3082		0.00192727		463.217		56.0094		39.2553		60.9253
393		137.946		16.8848		117.542		66.7833		50.5751		0.9225		837.099		56.4132		39.5284		61.1292
394		137.798		16.7717		117.632		66.5738		50.5921		0.000203457		443.684		56.1325		39.3608		61.4997
395		137.578		16.6197		117.103		66.3639		50.4858		2.28935e-07		837.914		55.9301		39.3104		61.1728
396		138.026		16.7853		117.634		66.6945		50.6347		0.00207353		426.564		56.2872		39.5019		61.3464
397		137.304		16.7758		117.068		66.4193		50.416		0.101389		818.536		56.0256		39.2498		61.0422
398		137.135		16.6501		116.936		66.2933		50.4047		0.000167171		426.401		55.874		39.2239		61.0623
399		137.848		16.9078		117.71		66.7479		50.582		0.739172		808.451		56.2817		39.3739		61.4282
400		137.677		16.8188		117.409		66.6126		50.4807		0.00039481		513.009		56.3903		39.5714		61.0186
401		138.678		17.0762		118.604		67.2799		50.9316		1.47648		797.916		56.9334		39.8572		61.6706
402		137.017		16.6967		117.069		66.3561		50.4014		0.166202		480.531		55.9681		39.2715		61.1009
403		136.746		16.5841		116.636		66.08		50.2349		0.000115654		596.3		55.7543		39.1701		60.8812
404		136.508		16.633		116.403		66.0735		50.1421		0.0261374		684.31		55.8578		39.2248		60.5447
405		136.58		16.4948		116.455		65.9014		50.2304		3.60384e-05		867.505		55.4648		38.97		60.9898
406		136.597		16.6631		116.564		66.1439		50.1917		0.000449066		430.916		55.8437		39.1806		60.7203
407		136.927		16.7566		116.751		66.2754		50.3172		1.11147e-05		623.47		55.9018		39.1452		60.8488
408		136.372		16.6177		116.441		65.9913		50.1011		0.260281		567.82		55.7274		39.1097		60.7136
409		138.348		16.8794		118.23		67.0144		50.8033		0.596894		885.479		56.5661		39.6867		61.664
410		137.77		16.7898		117.581		66.6403		50.616		6.1503e-05		465.957		56.2194		39.4296		61.3617
411		137.181		16.7368		117.129		66.4375		50.3629		0.470453		680.682		56.0673		39.3305		61.0612
412		137.787		16.7672		117.534		66.5914		50.533		0.000959275		698.917		56.1236		39.3564		61.4101
413		138.351		17.0175		118.121		67.047		50.7399		0.574999		761.608		56.6581		39.6406		61.4627
414		137.483		16.7757		117.345		66.5558		50.3943		1.14407		801.878		56.2799		39.5042		61.0651
415		137.526		16.8514		117.305		66.5728		50.4367		0.639674		867.435		56.2302		39.3787		61.0744
416		136.584		16.675		116.519		66.0703		50.1572		0.000111775		610.798		55.6974		39.0225		60.8219
417		137.368		16.7735		117.22		66.4735		50.3903		0.847691		819.53		56.1132		39.3397		61.1066
418		137.339		16.7098		117.328		66.4563		50.4611		7.21717e-06		460.119		56.0539		39.3441		61.2743
419		136.979		16.7396		117.048		66.2606		50.2739		0.000514055		767.373		55.7883		39.0487		61.2599
420		137.336		16.8867		117.383		66.6176		50.3999		0.614605		769.747		56.3029		39.4163		61.0796
421		136.211		16.571		116.223		65.855		50.0886		6.43794e-05		911.31		55.5235		38.9525		60.6998
422		137.028		16.7286		116.829		66.2927		50.3324		0.000122189		414.788		55.8909		39.1622		60.9378
423		137.174		16.8211		117.08		66.3795		50.3232		0.00033203		418.291		56.0094		39.1883		61.0709
424		136.388		16.5721		116.249		65.8786		50.0762		0.00223552		781.35		55.536		38.9639		60.713
425		137.378		16.7857		117.329		66.4473		50.384		0.622718		899.843		56.0727		39.2869		61.2566
426		136.914		16.7227		116.742		66.2396		50.2421		0.541576		858.545		55.8958		39.1731		60.8463
427		137.923		16.9483		117.765		66.8766		50.5723		1.00581		889.474		56.6034		39.6551		61.1619
428		136.79		16.6206		116.666		66.1537		50.2224		0.000430033		410.57		55.8431		39.2225		60.8229
429		137.049		16.6965		117.174		66.3403		50.334		0.114166		664.997		55.9011		39.2046		61.2732
430		136.783		16.5968		116.496		66.0859		50.2393		2.98115e-06		792.62		55.743		39.1463		60.7527
431		136.557		16.5589		116.505		66.0241		50.1814		0.000932934		496.042		55.6869		39.1281		60.8183
432		137.054		16.7301		116.693		66.243		50.2425		0.00277766		495.693		55.8968		39.1666		60.796
433		138.502		17.0093		118.152		67.1257		50.7966		1.50129		817.653		56.7326		39.7233		61.4195
434		137.022		16.663		116.879		66.2399		50.3009		0.0244564		780.985		55.8426		39.1795		61.0369
435		137.131		16.7462		116.902		66.2976		50.3417		0.01195		621.349		55.8815		39.1353		61.0206
436		136.669		16.6297		116.484		66.0473		50.2557		0.00181858		763.737		55.6281		38.9984		60.8556
437		137.644		16.8197		117.629		66.6668		50.5582		0.000699439		637.059		56.305		39.4853		61.3238
438		137.648		16.8233		117.529		66.6716		50.5251		0.93041		971.508		56.3925		39.5691		61.1365
439		136.687		16.6337		116.748		66.1228		50.2086		0.000185099		592.309		55.7214		39.0877		61.0265
440		137.176		16.7897		117.136		66.4005		50.2402		0.0657015		744.002		56.0687		39.279		61.0678
441		136.914		16.7356		116.892		66.277		50.2383		0.0833349		799.682		55.9644		39.2288		60.928
442		137.577		16.7521		117.282		66.5414		50.545		7.416e-05		481.882		56.1417		39.3896		61.1406
443		138.35		16.989		118.151		67.0369		50.7304		1.91627		780.405		56.6056		39.6166		61.5454
444		136.595		16.6407		116.508		66.029		50.1697		1.18018e-05		457.393		55.6412		39.0005		60.8664
445		137.323		16.8067		117.152		66.5058		50.3801		0.556671		767.952		56.197		39.3903		60.9546
446		136.892		16.5825		116.869		66.1942		50.3057		8.31765e-05		507.234		55.8523		39.2698		61.0169
447		136.482		16.7365		116.458		66.0627		50.0525		4.03441e-05		442.575		55.7858		39.0493		60.672
448		137.836		16.8048		117.655		66.7186		50.6329		0.183264		515.662		56.2463		39.4415		61.4089
449		137.089		16.6187		117.018		66.3308		50.3701		0.000152196		494.057		55.9932		39.3745		61.0248
450		137.307		16.7402		117.152		66.4456		50.3868		0.0238799		556.514		56.1496		39.4094		61.0021
451		137.196		16.6726		116.926		66.3123		50.4165		0.00298266		448.915		55.8821		39.2095		61.0436
452		136.998		16.6607		116.915		66.2036		50.2525		0.0389326		641.963		55.9037		39.243		61.011
453		136.074		16.4431		115.927		65.7555		50.0402		0.00107676		684.011		55.4158		38.9727		60.5113
454		136.259		16.6125		116.316		65.9529		50.1247		5.84206e-07		907.933		55.5581		38.9455		60.7581
455		137.368		16.8061		117.277		66.5747		50.4264		0.0699541		811.549		56.2647		39.4587		61.0121
456		137.655		16.8322		117.317		66.543		50.4988		0.00477173		821.975		56.129		39.2968		61.1882
457		136.643		16.5629		116.506		66.0418		50.237		1.1531e-06		827.193		55.6597		39.0968		60.8466
458		138.285		16.9821		118.074		67.025		50.6932		1.37686		776.742		56.6517		39.6696		61.4223
459		137.828		16.7921		117.636		66.6056		50.5787		0.00425057		645.858		56.1317		39.3396		61.5039
460		137.318		16.729		117.16		66.3353		50.3463		0.00018725		711.538		55.8979		39.1689		61.2617
461		137.058		16.7319		116.963		66.2888		50.3007		0.000375027		491.239		55.8904		39.1585		61.0725
462		137.029		16.7848		116.93		66.3062		50.2771		1.35191e-06		480.758		55.9477		39.1628		60.9821
463		137.867		16.7696		117.581		66.6735		50.6282		0.00235365		487.567		56.2998		39.5302		61.2808
464		137.07		16.7178		116.851		66.351		50.2987		0.066874		882.511		55.9853		39.2675		60.8653
465		137.17		16.684		116.829		66.333		50.354		0.000951929		428.027		55.9626		39.2786		60.8667
466		137.141		16.6992		117.048		66.3263		50.2985		0.000423582		519.207		55.9889		39.2897		61.0588
467		137.446		16.8064		117.453		66.5838		50.4378		0.524197		728.131		56.2402		39.4338		61.2127
468		137.057		16.7169		117.003		66.3844		50.3888		0.208395		457.595		56.0525		39.3356		60.9501
469		137.33		16.7916		117.213		66.4553		50.4098		0.00057999		631.605		56.0423		39.2506		61.1705
470		136.764		16.7425		116.678		66.1954		50.1701		0.268664		450.517		55.8651		39.1226		60.8126
471		136.283		16.5104		116.188		65.882		50.0743		0.00150306		461.867		55.5944		39.084		60.5935
472		136.389		16.6444		116.415		65.9684		50.0795		0.00241605		831.515		55.6166		38.9722		60.7988
473		137.31		16.7404		117.172		66.4557		50.3701		0.0190728		744.254		56.1417		39.4013		61.0306
474		135.511		16.4491		115.589		65.4734		49.8261		0.000755069		860.857		55.2235		38.7744		60.366
475		137.072		16.7261		116.972		66.2942		50.372		0.000478965		466.338		55.8717		39.1456		61.1
476		136.397		16.6138		116.375		66.0441		50.0542		0.000202821		431.754		55.8274		39.2136		60.5477
477		137.181		16.8014		117.04		66.3795		50.2758		0.542839		865.458		56.0439		39.2425		60.9963
478		137.461		16.8145		117.414		66.5696		50.4884		0.279461		413.197		56.1957		39.3812		61.2181
479		138.167		16.8362		117.945		66.815		50.6945		0.0974051		664.203		56.3934		39.5572		61.5513
480		137.439		16.7467		117.095		66.4176		50.481		0.000145865		429.359		56.0139		39.2672		61.0812
481		136.623		16.6331		116.419		66.0702		50.1465		6.20602e-05		698.672		55.7773		39.1442		60.6413
482		137.446		16.8449		117.364		66.581		50.4613		0.418185		631.848		56.2502		39.4053		61.114
483		136.495		16.6152		116.302		65.9428		50.08		0.000111396		561.946		55.6377		39.0225		60.6642
484		137.697		16.7911		117.481		66.5775		50.5674		0.0012318		703.416		56.1005		39.3094		61.3807
485		136.975		16.6444		116.901		66.2234		50.2894		0.0046536		464.032		55.8805		39.2361		61.0209
486		137.487		16.6399		117.147		66.4431		50.4854		0.000108989		648.778		56.1034		39.4634		61.0441
487		137.434		16.7988		117.182		66.5153		50.4078		4.31409e-06		475.008		56.1171		39.3183		61.0648
488		137.576		16.8716		117.318		66.5908		50.4941		0.297909		557.963		56.2238		39.3522		61.0944
489		137.375		16.6926		117.327		66.438		50.4584		0.000147152		647.267		56.0537		39.3611		61.2733
490		138.24		16.9044		118.041		66.9779		50.7302		0.348791		510.55		56.5839		39.6795		61.457
491		136.694		16.6515		116.633		66.1609		50.2272		0.000263265		432.978		55.8588		39.2074		60.7737
492		136.771		16.5775		116.644		66.0947		50.2124		0.0140904		642.328		55.6535		39.076		60.99
493		135.909		16.5841		116.022		65.808		49.9841		0.00152532		591.711		55.5033		38.9192		60.5183
494		136.906		16.7944		116.938		66.3085		50.2324		0.00574287		897.667		55.9862		39.1918		60.9518
495		137.073		16.7989		116.909		66.3736		50.2961		0.276055		889.717		56.068		39.2691		60.8406
496		136.919		16.7189		116.81		66.2709		50.2808		0.00318421		535.792		55.9271		39.2083		60.8831
497		137.032		16.6922		116.996		66.3334		50.307		0.0542011		778.265		56.025		39.3328		60.9707
498		137.161		16.7951		117.015		66.3732		50.2298		0.405045		794.849		56.0686		39.2736		60.9462
499		136.938		16.7099		116.853		66.2289		50.2518		0.282869		501.713		55.9433		39.2334		60.91
500		137.412		16.7858		117.288		66.5194		50.4249		0.27709		442.534		56.1396		39.3539		61.148
501		136.958		16.8537		116.888		66.2978		50.1653		0.494428		841.242		55.9629		39.1092		60.9252
502		137.41		16.7723		117.222		66.5104		50.4427		0.522998		812.877		56.1719		39.3996		61.0496
503		135.506		16.4985		115.623		65.5757		49.7863		0.120372		721.109		55.3608		38.8624		60.2618
504		136.514		16.681		116.526		66.1388		50.1682		0.000276628		718.593		55.841		39.1601		60.6846
505		138.274		16.8999		118.109		67.0043		50.7575		0.483469		671.713		56.583		39.683		61.5257
506		137.374		16.6425		117.047		66.3622		50.4495		0.00107883		663.693		55.9287		39.2861		61.1181
507		136.423		16.6212		116.488		66.0398		50.1524		0.000599867		425.013		55.6847		39.0635		60.803
508		137.293		16.6597		117.147		66.308		50.4031		0.00117365		724.51		55.9204		39.2607		61.2264
509		137.574		16.8203		117.498		66.5969		50.5156		0.267509		495.32		56.2527		39.4324		61.2454
510		137.131		16.7846		117.053		66.4375		50.3952		0.142585		669.879		56.1284		39.3438		60.9247
511		137.45		16.8773		117.152		66.5389		50.3706		1.58081		827.301		56.2413		39.364		60.9108
512		137.273		16.6895		117.073		66.3957		50.4232		0.000592562		615.778		56.0174		39.3279		61.0556
513		138.125		16.8192		117.851		66.8116		50.6804		0.525598		731.705		56.4174		39.5982		61.4334
514		135.722		16.631		115.788		65.6529		49.8108		2.66432e-06		497.033		55.3593		38.7283		60.4284
515		136.073		16.4412		115.958		65.6627		50.0381		9.24466e-05		808.468		55.328		38.8869		60.6301
516		137.675		16.9747		117.576		66.7756		50.4654		1.1488		806.966		56.4452		39.4706		61.1305
517		137.452		16.9413		117.212		66.541		50.3694		0.00061799		642.338		56.1583		39.217		61.0539
518		137.365		16.7988		117.073		66.4562		50.4062		0.00100346		412.068		56.0715		39.2727		61.0013
519		137.015		16.7323		116.834		66.2984		50.2413		0.000142815		568.719		55.963		39.2307		60.8715
520		137.208		16.8307		117.242		66.5273		50.4078		0.561747		788.415		56.2217		39.391		61.0201
521		136.593		16.7157		116.636		66.1787		50.1752		0.000445994		460.307		55.8969		39.1812		60.7392
522		137.926		16.8302		117.765		66.753		50.6595		0.50849		820.511		56.3502		39.52		61.4153
523		137.666		16.8935		117.558		66.6522		50.4932		7.01383e-05		468.25		56.2519		39.3584		61.3058
524		136.512		16.6122		116.558		66.0623		50.155		0.00011784		634.953		55.7613		39.149		60.7969
525		137.158		16.6915		117.056		66.3131		50.333		0.714242		854.375		55.9327		39.2411		61.1236
526		137.239		16.6543		116.972		66.3242		50.4372		0.000120436		761.322		55.9508		39.2966		61.0216
527		137.018		16.7029		116.825		66.2692		50.3026		0.0256656		697.956		55.8956		39.1927		60.9291
528		137.545		16.7211		117.294		66.4797		50.4633		0.00592712		419.302		56.1081		39.387		61.1858
529		137.442		16.8376		117.431		66.6339		50.474		0.779306		863.043		56.2595		39.4219		61.1718
530		138.198		16.8795		117.892		66.8544		50.7026		0.282797		417.296		56.3742		39.4946		61.5175
531		137.492		16.898		117.323		66.5861		50.496		0.0105586		469.664		56.1638		39.2658		61.1594
532		137.525		16.8233		117.232		66.5598		50.4543		0.35763		556.36		56.2182		39.3949		61.0133
533		137.643		16.8097		117.525		66.6732		50.4375		1.13156		803.429		56.3668		39.5571		61.158
534		136.351		16.7128		116.413		66.0124		50.0195		0.00767477		914.028		55.6669		38.9542		60.7463
535		137.481		16.7583		117.208		66.5148		50.4252		1.27292		797.072		56.1978		39.4394		61.0099
536		136.684		16.7025		116.549		66.1396		50.1137		0.00016546		503.652		55.9097		39.2072		60.6395
537		137.25		16.6767		117.083		66.3132		50.3314		1.36493e-07		460.331		55.9044		39.2278		61.1791
538		138.185		17.0614		118.063		67.0499		50.6552		1.50236		788.591		56.768		39.7067		61.2953
539		136.949		16.7845		116.997		66.3041		50.2901		0.00818664		721.847		55.9488		39.1643		61.0481
540		135.946		16.4624		116.109		65.7451		49.9376		4.42437e-05		711.528		55.4791		39.0166		60.6297
541		137.322		16.8356		117.1		66.5248		50.3855		0.484548		641.992		56.2249		39.3893		60.8747
542		137.525		16.9152		117.424		66.7136		50.4584		1.09231		882.822		56.4175		39.5023		61.0068
543		138.217		16.8545		117.922		66.8486		50.7829		0.000258183		517.466		56.3937		39.5392		61.528
544		136.778		16.5827		116.788		66.1637		50.2418		0.465801		743.33		55.8913		39.3085		60.8969
545		138.036		16.8152		117.844		66.8125		50.6533		0.790929		860.666		56.51		39.6949		61.3338
546		139.279		17.0803		118.878		67.4802		51.0671		0.859275		826.842		57.004		39.9237		61.8743
547		137.773		16.8256		117.647		66.7108		50.5425		0.669164		915.443		56.391		39.5654		61.2563
548		138.039		16.9374		117.85		66.8836		50.6518		0.422273		660.289		56.4941		39.5567		61.3563
549		137.285		16.6199		117.087		66.3702		50.465		0.000429284		484.231		56.0183		39.3984		61.0689
550		136.283		16.4905		116.379		65.8781		50.1313		0.000229586		432.752		55.5324		39.0419		60.8469
