1		141.73		17.3647		121.009		68.6553		51.9559		1.38288		841.815		58.0767		40.712		62.932
2		140.191		17.1254		119.568		67.9011		51.4181		0.0136452		787.105		57.435		40.3096		62.1327
3		140.425		17.1355		119.965		67.9859		51.5621		0.000613498		477.728		57.3857		40.2501		62.5792
4		139.477		16.9918		118.991		67.3614		51.1936		2.69708e-07		619.823		56.7875		39.7957		62.2035
5		139.987		17.0373		119.45		67.704		51.442		0.000307592		651.556		57.1424		40.1051		62.3074
6		141.053		17.1935		120.135		68.1688		51.7621		0.0744204		556.606		57.4655		40.272		62.6691
7		139.294		16.8183		118.826		67.2996		51.2398		0.000371736		995.909		56.7057		39.8875		62.1206
8		139.811		17.1376		119.512		67.7038		51.3355		7.83838e-05		854.052		57.1695		40.032		62.3425
9		140.24		17.1793		119.868		67.9507		51.4606		0.000213323		471.187		57.4412		40.2619		62.4267
10		140.506		17.1147		119.936		67.9959		51.5669		0.180437		482.712		57.3256		40.2109		62.6099
11		140.839		17.1626		120.257		68.1851		51.7485		0.0022345		721.983		57.5357		40.3731		62.7213
12		141.166		17.2673		120.594		68.3363		51.7912		0.407489		659.234		57.62		40.3528		62.9742
13		139.904		17.1283		119.544		67.7919		51.4277		2.7621e-05		661.869		57.234		40.1057		62.3104
14		141.959		17.4329		121.111		68.7523		51.9906		1.2464		931.956		58.1233		40.6904		62.9876
15		140.322		17.1702		119.744		67.9701		51.5097		0.0110391		586.226		57.4439		40.2737		62.3001
16		140.825		17.1234		120.031		68.1236		51.7007		0.000325643		495.572		57.5167		40.3933		62.5141
17		140.918		17.251		120.357		68.281		51.7378		0.276565		1009.86		57.7203		40.4694		62.6362
18		140.538		17.1661		119.935		68.0267		51.5073		0.574391		1059.09		57.5304		40.3642		62.4043
19		139.696		17.1019		119.182		67.5702		51.1978		0.0121961		556.248		57.1182		40.0163		62.064
20		142.226		17.3471		121.302		68.7426		52.168		0.145059		614.168		57.9455		40.5984		63.3563
21		140.517		17.2527		119.838		68.0366		51.5442		0.408528		695.703		57.4169		40.1642		62.4216
22		139.704		16.9324		119.187		67.558		51.3287		0.000407624		565.024		57.0871		40.1547		62.0997
23		141.324		17.3575		120.636		68.5327		51.8215		1.19523		955.44		57.9989		40.6414		62.637
24		141.734		17.2467		121.014		68.6133		52.0002		0.507795		835.316		57.9992		40.7525		63.0145
25		139.619		16.962		119.019		67.4089		51.1961		0.00230335		907.207		56.885		39.923		62.1343
26		140.943		17.3989		120.289		68.2994		51.6715		0.528328		721.497		57.6649		40.266		62.6237
27		140.199		17.014		119.43		67.7188		51.5154		0.000124283		882.146		56.998		39.984		62.4319
28		141.43		17.1847		120.692		68.4258		51.9584		0.0740498		815.314		57.6497		40.465		63.0428
29		140.708		17.1176		120.203		68.0553		51.6225		0.0790139		584.312		57.4355		40.3179		62.7676
30		140.313		17.1859		119.809		67.9247		51.4955		0.000153971		530.3		57.3941		40.2082		62.4145
31		139.874		17.0232		119.267		67.6275		51.3082		0.758322		981.8		57.0878		40.0646		62.179
32		139.679		17.0436		119.177		67.514		51.2769		7.9152e-05		673.643		56.901		39.8574		62.2756
33		141.072		17.1915		120.356		68.2514		51.7655		0.35343		689.232		57.726		40.5345		62.6295
34		140.596		17.169		119.983		67.9422		51.5576		0.00177291		1030.63		57.3009		40.1319		62.6821
35		141.817		17.422		121.192		68.7702		51.9959		1.25909		901.25		58.1384		40.7164		63.0534
36		141.651		17.3513		120.924		68.6099		52.0778		0.274723		472.475		57.8227		40.4714		63.1018
37		139.869		17.0887		119.39		67.7144		51.3876		0.000975083		542.721		57.127		40.0383		62.263
38		140.836		17.122		119.955		68.0476		51.7742		0.0145175		971.274		57.3055		40.1835		62.6499
39		140.588		17.0777		119.963		67.9066		51.6423		0.00150135		960.171		57.2692		40.1914		62.694
40		140.232		17.155		119.628		67.9261		51.589		0.00265906		608.963		57.376		40.221		62.2523
41		140.806		17.1827		120.256		68.1536		51.6793		0.294985		522.236		57.5143		40.3316		62.7414
42		141.842		17.4163		121.065		68.6806		51.9938		1.23159		937.04		57.9919		40.5756		63.0729
43		141.889		17.3583		121.125		68.7059		52.0616		0.620226		937.533		57.9892		40.631		63.1355
44		140.536		16.9888		119.967		67.8342		51.6156		3.35054e-07		925.868		57.1051		40.1163		62.8616
45		141.401		17.3379		120.706		68.4255		51.8249		0.421399		880.237		57.838		40.5002		62.8677
46		141.255		17.1824		120.516		68.3007		51.8231		0.00718655		535.64		57.631		40.4486		62.8847
47		139.618		16.9855		119.167		67.479		51.2456		0.00181008		999.559		56.9593		39.9739		62.2074
48		140.342		17.2076		119.75		67.9357		51.4369		0.436494		893.49		57.4905		40.2829		62.2597
49		139.487		17.1047		119.031		67.5316		51.1971		0.0236124		914.161		57.0185		39.9138		62.0125
50		140.435		17.1417		119.905		67.9023		51.4854		0.00126599		639.205		57.3864		40.2447		62.5184
51		140.531		17.0977		119.99		67.9814		51.6541		0.00116574		610.193		57.3124		40.2147		62.6771
52		140.291		17.1234		119.734		67.9199		51.5048		0.000431195		617.409		57.4473		40.3239		62.2868
53		139.53		16.9091		118.944		67.3682		51.2191		0.000484827		658.928		56.776		39.8669		62.1675
54		140.778		17.2339		120.181		68.1373		51.6136		0.000700554		544.488		57.5123		40.2784		62.6688
55		140.398		17.1442		119.731		67.9047		51.4536		0.949099		967.968		57.3747		40.2305		62.3563
56		141.07		17.2822		120.393		68.3128		51.7495		0.00580155		686.046		57.799		40.5167		62.5944
57		139.932		17.1079		119.552		67.7214		51.3149		0.349076		780.082		57.224		40.1161		62.3281
58		140.475		17.1042		119.951		68.0188		51.588		7.87436e-05		721.015		57.5059		40.4017		62.4455
59		140.097		17.0695		119.423		67.7099		51.3544		0.00199329		928.62		57.2127		40.1432		62.2102
60		141.037		17.204		120.334		68.257		51.799		0.000211569		599.083		57.626		40.4221		62.708
61		140.534		17.1184		119.741		67.966		51.6182		0.00116246		697.782		57.3195		40.2011		62.4211
62		141.732		17.3738		121.031		68.5793		51.9284		0.40044		724.932		57.8853		40.5115		63.1453
63		141.191		17.1524		120.501		68.2238		51.821		0.000503854		550.423		57.5332		40.3808		62.968
64		140.281		17.1863		119.63		67.9032		51.5091		0.564611		1070.14		57.3576		40.1713		62.2728
65		140.895		17.2333		120.198		68.124		51.6443		0.00429722		966.267		57.5887		40.3555		62.6092
66		140.641		17.2585		120.026		68.1521		51.5828		0.500071		877.028		57.6364		40.3779		62.3901
67		141.404		17.2857		120.603		68.328		51.8519		0.000257946		609.662		57.6699		40.3842		62.9334
68		140.553		17.1056		119.878		67.8919		51.5017		0.00792463		650.939		57.3304		40.2248		62.548
69		140.088		17.1445		119.613		67.8301		51.4044		0.483557		921.924		57.2595		40.1149		62.3534
70		141.524		17.2951		120.833		68.4935		51.9076		2.81472e-05		521.183		57.8953		40.6002		62.9377
71		140.685		17.2631		119.918		68.1348		51.5927		0.497536		1029.27		57.6212		40.3582		62.2971
73		140.825		17.2149		120.125		68.0897		51.6433		0.470436		860.145		57.4759		40.2611		62.649
74		139.669		16.9645		119.17		67.5819		51.3488		0.00167479		534.79		57.013		40.0485		62.1567
75		141.932		17.3025		121.141		68.7003		51.9778		0.076124		822.975		58.1514		40.8488		62.9898
76		140.996		17.2079		120.22		68.1363		51.661		0.319353		633.632		57.4692		40.2614		62.7508
77		139.591		16.9194		119.107		67.4505		51.3004		0.000122397		817.276		56.8205		39.9011		62.2869
78		140.172		17.0024		119.616		67.7009		51.4811		0.000804813		530.508		57.035		40.0326		62.5808
79		140.92		17.1981		120.313		68.2657		51.7251		0.772593		887.742		57.7399		40.5418		62.5733
80		139.783		17.0363		119.316		67.6727		51.4065		0.00255123		625.913		57.0315		39.9952		62.2847
81		140.288		17.1035		119.643		67.7927		51.5053		3.64135e-08		798.157		57.0823		39.9787		62.5607
82		140.035		17.1716		119.544		67.751		51.3733		0.00205528		586.971		57.1406		39.969		62.4039
83		142.091		17.4731		121.481		68.9034		52.0269		1.52793		821.472		58.3024		40.8294		63.1786
84		140.651		17.0827		119.94		68.0391		51.644		0.00196884		472.299		57.4469		40.3642		62.4929
85		141.183		17.357		120.605		68.4613		51.7696		1.51645		851.49		57.9424		40.5854		62.6621
86		141.836		17.4395		121.094		68.7236		52.0798		0.305913		670.681		58.0943		40.6549		62.9994
87		140.29		17.0327		119.568		67.7696		51.4358		2.93932e-05		553.619		57.1865		40.1538		62.3814
88		140.931		17.1231		120.382		68.2037		51.7198		0.752534		896.16		57.652		40.5289		62.7302
89		140.144		17.1037		119.501		67.8368		51.4606		0.000134653		524.642		57.2938		40.1901		62.2069
90		139.917		17.005		119.429		67.6798		51.415		1.47586e-06		890.132		57.1258		40.1208		62.3032
91		140.497		17.0799		119.893		67.8621		51.5473		3.27381e-05		528.509		57.2525		40.1726		62.6404
92		140.765		17.1801		120.298		68.1834		51.7185		0.00515147		423.224		57.5513		40.3713		62.7467
93		140.836		17.1484		120.159		68.1128		51.7284		0.295998		515.75		57.4141		40.2657		62.745
94		141.221		17.1901		120.335		68.3415		51.8566		0.776977		1001.37		57.7275		40.5375		62.6075
95		141.012		17.313		120.474		68.337		51.7861		0.0407547		636.228		57.6301		40.3171		62.8441
96		139.761		17.0168		119.134		67.5661		51.3337		0.00220357		591.662		56.9761		39.9592		62.1576
97		140.795		17.1502		120.172		68.0878		51.6639		0.374178		647.492		57.486		40.3359		62.686
98		142.003		17.3723		121.009		68.6576		52.0741		0.755496		991.406		57.9758		40.6035		63.0328
99		140.964		17.2754		120.351		68.2514		51.6821		0.000638268		526.456		57.6917		40.4162		62.6598
100		140.768		17.197		120.221		68.1975		51.608		0.00921483		774.541		57.6713		40.4743		62.5498
101		140.497		17.1848		119.693		67.9422		51.4763		0.313512		570.17		57.3918		40.207		62.301
102		140.655		17.2139		120.025		68.1558		51.5499		0.787758		910.539		57.6902		40.4763		62.3349
103		140.284		17.1259		119.7		67.8778		51.4727		0.540481		853.077		57.2946		40.1687		62.4054
104		138.919		16.8445		118.533		67.1171		51.0021		0.000100842		843.194		56.5759		39.7314		61.9568
105		141.292		17.3193		120.712		68.4766		51.842		0.287703		470.578		57.8714		40.5521		62.8403
106		140.279		17.1315		119.65		67.8332		51.4939		0.00341855		634.534		57.2164		40.0849		62.4338
107		141.131		17.2377		120.306		68.3529		51.7863		0.000253132		694.683		57.8004		40.5627		62.5052
108		140.633		17.2534		120.033		68.1455		51.5404		0.122541		540.885		57.6439		40.3905		62.3887
109		141.493		17.3827		120.77		68.5789		51.8557		0.55508		827.267		58.0849		40.7023		62.6849
110		141.22		17.2086		120.53		68.3461		51.7933		0.300283		970.385		57.7654		40.5568		62.7644
111		140.42		17.1505		119.925		67.9975		51.5888		0.00337338		524.292		57.3975		40.247		62.5271
112		140.105		17.0506		119.419		67.7614		51.457		0.00263117		647.472		57.1487		40.0981		62.2702
113		140.47		17.1548		119.938		67.9442		51.5767		0.000327829		511.154		57.3581		40.2033		62.5795
114		141.782		17.4155		121.083		68.6182		51.9575		0.583438		836.777		57.9683		40.5528		63.115
115		140.025		16.951		119.311		67.6155		51.3875		0.278359		457.312		57.0367		40.0857		62.2742
116		140.556		17.1759		120.121		68.1264		51.7047		0.000107901		554.183		57.4618		40.2858		62.6588
117		139.207		16.8693		118.687		67.2529		51.1726		0.000529851		983.742		56.6985		39.8292		61.9885
118		140.585		17.1729		120.041		68.1049		51.7159		0.0710895		775.887		57.361		40.1881		62.6797
119		140.707		17.2694		120.048		68.1203		51.6523		0.000174895		588.264		57.4508		40.1814		62.5976
120		141.011		17.1505		120.389		68.2403		51.7457		0.387042		606.471		57.6621		40.5116		62.7268
121		142.194		17.5159		121.432		68.9312		52.0578		1.44587		840.255		58.3954		40.8794		63.0362
122		140.685		17.2488		119.938		68.1303		51.6282		0.0303768		904.764		57.6054		40.3566		62.3327
123		141.172		17.2493		120.445		68.3058		51.7933		0.0907799		838.789		57.6652		40.416		62.7801
124		139.896		16.9627		119.35		67.5789		51.438		0.000172153		942.967		56.8486		39.8859		62.5014
125		140.473		17.0998		119.845		67.8757		51.5558		0.00134963		868.753		57.3066		40.2068		62.5386
126		141.301		17.3587		120.665		68.4404		51.818		0.792522		969.406		57.7954		40.4367		62.8695
127		140.134		17.181		119.434		67.8312		51.4488		0.867383		986.023		57.2863		40.1053		62.1475
128		141.507		17.3598		120.852		68.687		51.9308		0.830599		808.399		58.1049		40.7451		62.747
129		140.12		17.153		119.554		67.7866		51.4229		0.000891066		512.789		57.2651		40.1121		62.2885
130		141.352		17.3587		120.622		68.4201		51.7993		0.383485		682.093		57.7574		40.3987		62.8647
131		141.652		17.2769		120.922		68.5401		52.0426		0.739028		857.605		57.8323		40.5554		63.0893
132		140.492		17.1627		119.828		68.0015		51.616		4.25157e-05		562.374		57.4215		40.2587		62.4067
133		141.718		17.41		121.143		68.6628		51.919		1.2957		1023.7		58.0587		40.6487		63.0843
134		140.199		17.1601		119.538		67.8937		51.4701		0.948178		986.51		57.3241		40.164		62.2144
135		140.394		17.1611		119.886		68.0055		51.5497		0.387837		759.855		57.5056		40.3445		62.3805
136		141.387		17.3152		120.658		68.4267		51.7703		0.928378		951.748		57.8182		40.503		62.8395
137		140.128		17.074		119.441		67.7506		51.5047		0.0140245		874.264		57.0637		39.9898		62.3772
138		142.265		17.4697		121.326		68.9573		52.1973		0.926937		1001.3		58.3108		40.8411		63.0153
139		140.713		17.1443		119.858		67.9753		51.5935		8.76456e-05		548.938		57.3369		40.1927		62.5209
140		140.469		17.1347		119.905		67.9907		51.5577		0.00214678		624.171		57.4151		40.2804		62.4903
141		140.663		17.1419		120.049		67.9989		51.5841		0.00135943		536.414		57.4441		40.3021		62.6047
142		139.918		17.0572		119.269		67.6466		51.357		0.0262729		985.682		57.0966		40.0394		62.172
143		140.313		17.1566		119.84		67.9837		51.5884		7.83133e-06		619.437		57.4599		40.3033		62.3797
144		140.611		17.3357		120.076		68.2052		51.5666		0.223184		560.849		57.6629		40.3273		62.4129
145		141.189		17.1842		120.689		68.3327		51.9002		0.023141		797.774		57.5647		40.3805		63.1243
146		140.969		17.112		120.367		68.1758		51.7186		0.00171808		462.448		57.5648		40.4528		62.8027
147		139.984		17.1228		119.483		67.7524		51.3867		0.117785		665.525		57.1979		40.0751		62.2851
148		140.677		17.1661		120.05		68.0331		51.6326		0.103628		921.393		57.4462		40.2801		62.6039
149		139.278		16.9061		118.797		67.3501		51.2273		3.55932e-05		873.95		56.7436		39.8375		62.0535
150		139.89		17.1625		119.478		67.7646		51.3279		0.00252734		764.773		57.2757		40.1132		62.2019
151		140.845		17.1253		120.087		68.0558		51.7578		0.000115936		890.324		57.3835		40.2582		62.7034
152		140.209		17.0735		119.663		67.8223		51.486		0.045581		109.696		57.2003		40.1268		62.4628
153		139.622		17.0056		119.181		67.5202		51.2862		0.000381626		952.902		57.0258		40.0202		62.1554
154		140.801		17.2706		120.098		68.1117		51.6118		0.715324		1099.26		57.5652		40.2946		62.5326
155		142.032		17.4971		121.197		68.7726		51.9948		1.39355		909.105		58.2012		40.704		62.9959
156		140.417		17.166		119.921		68.0108		51.6365		0.453861		779.961		57.3518		40.1858		62.5687
157		141.529		17.363		120.78		68.5069		51.9534		0.55859		836.433		57.7908		40.4278		62.9897
158		140.671		17.0788		119.921		67.9949		51.6391		0.00113599		868.615		57.393		40.3142		62.5281
159		140.781		17.1081		120.056		68.0411		51.6628		0.000588848		724.189		57.4109		40.3028		62.645
160		139.631		17.0325		119.143		67.5381		51.2057		0.00151878		518.371		57.0424		40.0099		62.1001
161		141.123		17.2709		120.491		68.2919		51.6942		0.00253094		619.361		57.749		40.4781		62.7421
162		140.423		17.2407		119.862		68.0484		51.5155		0.159735		771.163		57.4984		40.2577		62.364
163		139.914		16.9632		119.349		67.5819		51.3311		0.00027151		850.387		57.0498		40.0866		62.2987
164		141.173		17.1984		120.373		68.2079		51.824		0.0124414		634.61		57.5546		40.3562		62.8185
165		140.656		17.0946		119.993		68.0526		51.6785		0.000103595		459.876		57.4132		40.3186		62.58
166		141.983		17.4002		121.126		68.7124		52.0512		0.436532		787.753		58.0906		40.6903		63.0349
167		141.203		17.1752		120.433		68.301		51.8861		0.195879		613.156		57.5937		40.4186		62.8392
168		140.975		17.292		120.311		68.2875		51.7118		0.813718		959.424		57.6484		40.3564		62.6631
169		141.485		17.2522		120.719		68.4696		51.921		0.0836643		747.717		57.7814		40.5291		62.938
170		140.237		17.2008		119.798		67.9307		51.4379		0.434986		872.361		57.4293		40.2284		62.3691
171		139.574		16.9331		119.11		67.4275		51.252		1.38473e-07		953.828		56.9209		39.9878		62.1892
172		140.927		17.3538		120.319		68.3092		51.7296		0.814125		839.749		57.6803		40.3265		62.6383
173		141.725		17.3223		120.918		68.5068		51.9453		0.0131698		988.501		57.8962		40.5739		63.0215
174		140.474		17.0594		119.762		67.8817		51.5531		0.000247388		770.044		57.2522		40.1928		62.5095
175		140.395		17.057		119.721		67.9213		51.6334		0.000963225		671.435		57.2597		40.2027		62.4609
176		141.342		17.2546		120.714		68.4726		51.8957		0.16241		526.844		57.7707		40.5161		62.9436
177		139.614		17.0545		119.088		67.5851		51.2539		0.00190684		508.432		57.0453		39.9908		62.043
178		139.643		17.0201		119.103		67.5122		51.2716		0.000773587		694.356		56.9383		39.9182		62.1648
179		141.221		17.2935		120.549		68.3594		51.8063		0.761025		970.483		57.7054		40.4119		62.844
180		139.595		17.1272		119.324		67.6606		51.2149		4.24095e-05		410.762		57.0931		39.9659		62.2306
181		142.569		17.5669		121.789		69.132		52.2011		1.83114		845.437		58.4969		40.93		63.2925
182		141.339		17.3462		120.462		68.438		51.8073		0.887839		921.142		57.8212		40.4751		62.6407
183		140.951		17.1036		120.09		68.1519		51.7197		1.45161e-05		686.498		57.5567		40.4531		62.5328
184		140.609		17.1564		120.087		68.0546		51.6665		1.6042e-05		711.018		57.445		40.2886		62.6419
185		139.705		17.1057		119.28		67.7089		51.2711		0.773665		919.151		57.2102		40.1045		62.0694
186		141.161		17.2618		120.528		68.3309		51.8151		8.16275e-06		612.252		57.7166		40.4548		62.8112
187		141.231		17.2884		120.512		68.2551		51.7319		0.449974		905.076		57.6096		40.3213		62.9022
188		141.43		17.3492		120.805		68.5592		51.9306		0.423924		723.089		57.9078		40.5587		62.8976
189		140.714		17.1759		120.14		68.1116		51.7337		0.000737398		585.106		57.3637		40.1878		62.7759
190		141.26		17.3028		120.514		68.4219		51.7769		0.85452		908.047		57.894		40.5912		62.6199
191		140.966		17.1982		120.21		68.1307		51.6171		2.72448e-05		646.4		57.5115		40.3133		62.6984
192		140.149		17.078		119.562		67.811		51.3923		4.7832e-07		468.485		57.2888		40.2109		62.273
193		140.28		17.1131		119.66		67.7728		51.4354		0.00125774		474.49		57.1519		40.0387		62.5085
194		140.197		17.1658		119.563		67.7765		51.3801		0.000238115		546.357		57.2251		40.0593		62.3375
195		139.697		17.043		119.402		67.6276		51.4087		0.00072192		1001.46		56.9976		39.9546		62.4041
196		140.023		17.0333		119.447		67.7707		51.4765		0.00796497		628.757		57.2081		40.1748		62.2388
197		140.637		17.131		120.19		68.0454		51.6127		0.344711		746.337		57.4852		40.3542		62.7051
198		141.296		17.2841		120.345		68.4124		51.8409		0.992943		854.631		57.7762		40.492		62.5692
199		141.357		17.3055		120.593		68.4456		51.8771		0.00113594		804.82		57.8021		40.4966		62.7909
200		141.258		17.3043		120.625		68.4236		51.8265		0.437944		739.478		57.7882		40.4839		62.8365
201		138.695		16.8882		118.483		67.0888		50.959		0.000728504		1139.52		56.5924		39.7042		61.8902
202		140.969		17.3187		120.395		68.3322		51.7323		0.495383		873.562		57.7835		40.4648		62.6112
203		139.877		17.0556		119.331		67.6018		51.2611		0.000164261		832.245		57.1373		40.0817		62.1935
204		139.855		17.0238		119.258		67.6648		51.3763		0.323778		647.35		57.14		40.1162		62.1178
205		140.676		17.0597		120.056		67.9582		51.6906		6.38191e-05		647.535		57.2144		40.1547		62.8414
206		140.588		17.0571		119.783		67.9286		51.6519		5.54217e-05		484.043		57.2874		40.2303		62.4958
207		141.122		17.2504		120.376		68.2208		51.808		0.0372878		1007.09		57.5008		40.2504		62.8749
208		140.379		17.1515		119.715		67.9171		51.5226		0.10972		706.891		57.3367		40.1852		62.3781
209		140.85		17.1256		120.252		68.0696		51.6242		0.309105		503.243		57.4439		40.3183		62.8082
210		140.606		17.096		119.866		67.9559		51.5326		0.472926		873.416		57.416		40.32		62.4504
211		140.723		17.2555		120.13		68.0743		51.5409		0.543136		1052.14		57.5257		40.2702		62.6041
212		141.251		17.4375		120.682		68.5888		51.8559		0.819256		933.03		57.9688		40.5312		62.7133
213		141.023		17.368		120.416		68.3065		51.6457		1.24814		968.578		57.7635		40.3955		62.6529
214		140.166		17.1307		119.601		67.8727		51.4466		0.129308		812.779		57.2988		40.1681		62.302
215		141.353		17.2592		120.715		68.414		51.8728		0.000222248		466.873		57.703		40.4438		63.012
216		140.882		17.1641		120.068		68.1091		51.6815		0.0153393		848.341		57.4337		40.2696		62.6339
217		141.46		17.2147		120.789		68.4296		51.9143		0.798386		957.342		57.7031		40.4884		63.0854
218		141.664		17.3759		121.064		68.6453		52.0555		0.308218		489.414		57.8766		40.5007		63.1872
219		140.881		17.263		120.173		68.1637		51.7057		0.376341		619.403		57.4697		40.2067		62.7028
220		140.412		17.1222		119.777		67.9113		51.5178		0.894437		984.679		57.3271		40.2049		62.45
221		139.49		16.9558		118.976		67.4067		51.2471		4.01852e-05		899.718		56.7945		39.8387		62.1816
222		140.383		17.2737		119.792		67.9576		51.4298		0.976355		948.515		57.4005		40.1268		62.3912
223		140.669		17.0744		120.066		68.065		51.6259		0.45637		723.001		57.4936		40.4192		62.5721
224		139.67		16.9873		119.195		67.5522		51.3227		0.00146254		758.856		56.9106		39.9233		62.2847
225		140.875		17.1186		120.002		68.0347		51.7465		1.99452e-05		552.308		57.297		40.1784		62.7046
226		140.227		17.1098		119.69		67.7831		51.4542		0.320258		502.592		57.1108		40.0011		62.5793
227		140.385		17.2088		119.868		68.0326		51.4458		0.00182636		485.864		57.5729		40.3641		62.2949
228		140.561		17.252		120.233		68.1856		51.5887		0.786934		935.182		57.6149		40.3628		62.6178
229		140.783		17.2015		120.186		68.0993		51.6921		0.0389492		672.213		57.5491		40.3476		62.6371
230		140.484		17.1438		119.919		67.9654		51.5292		0.360754		702.426		57.4011		40.2572		62.518
231		141.367		17.18		120.571		68.3682		51.8159		0.502541		806.351		57.7576		40.5776		62.8138
232		141.886		17.3968		121.179		68.7973		52.0937		0.298624		418.834		58.1276		40.7307		63.0519
233		140.433		17.0614		119.74		67.8747		51.5562		0.0620074		958.509		57.3335		40.2721		62.4067
234		140.539		17.2233		119.865		67.9783		51.5223		0.16965		673.61		57.3913		40.1681		62.4737
235		140.367		17.202		119.722		67.92		51.4583		0.196689		553.795		57.4243		40.2223		62.2974
236		141.056		17.2732		120.344		68.3192		51.7691		0.689034		961.525		57.6865		40.4133		62.6579
237		139.915		16.9721		119.393		67.5929		51.358		0.0004294		591.446		56.9756		40.0035		62.4175
238		140.435		17.1737		119.849		68.0309		51.6136		0.000519056		655.223		57.3871		40.2134		62.4614
239		140.069		17.0517		119.518		67.702		51.4214		0.000100577		601.071		57.1428		40.0912		62.3748
240		140.832		17.0599		120.203		68.0189		51.7066		0.000406086		957.249		57.2545		40.1946		62.9489
241		140.293		17.0063		119.488		67.7578		51.5758		0.000147483		904.307		57.1361		40.1299		62.3523
243		141		17.1318		120.333		68.1883		51.7575		0.430076		852.411		57.6515		40.5198		62.6818
244		140.009		17.0266		119.343		67.635		51.363		0.0017162		525.557		57.0658		40.0392		62.2772
245		139.889		17.1091		119.357		67.6694		51.3119		0.341292		505.794		57.0895		39.9804		62.2678
246		141.014		17.0756		120.234		68.1313		51.8154		0.000115615		519.93		57.4544		40.3788		62.7799
247		139.5		17.073		119.037		67.4862		51.1915		0.0731972		819.644		56.8897		39.8166		62.1476
248		141.647		17.2569		120.703		68.4468		51.9014		9.03672e-05		825.905		57.7587		40.5018		62.9442
249		140.133		17.0954		119.666		67.8445		51.4762		0.00210656		856.809		57.2517		40.1563		62.4145
250		140.13		17.0019		119.45		67.7155		51.539		3.85049e-07		984.813		57.0293		40.0273		62.4212
251		140.89		17.2672		120.357		68.2482		51.7882		0.0603231		727.376		57.5537		40.2865		62.8031
252		140.606		17.2213		119.972		68.1399		51.5401		0.421417		815.884		57.6025		40.3812		62.3698
253		140.054		17.0667		119.639		67.8671		51.4667		0.00459636		463.036		57.3487		40.282		62.2906
254		141.365		17.2756		120.608		68.3817		51.8646		5.14393e-05		652.552		57.7118		40.4363		62.8964
255		140.146		17.0349		119.655		67.8026		51.5479		7.40862e-05		638.977		57.1075		40.0727		62.5479
256		140.292		17.1265		119.732		67.8801		51.5435		0.428311		944.502		57.2954		40.1688		62.4363
257		140.931		17.299		120.219		68.3014		51.7471		0.502331		897.784		57.7023		40.4033		62.5166
258		141.984		17.4761		121.294		68.8192		52.0532		0.935814		954.361		58.1312		40.6551		63.1633
259		140.484		17.1511		119.833		67.9384		51.5489		0.276091		510.906		57.3322		40.1812		62.5011
260		140.534		17.2812		119.959		68.0541		51.5572		0.909897		970.582		57.4368		40.1557		62.5218
261		140.237		17.0619		119.724		67.7466		51.4437		0.496965		948.467		57.2018		40.1399		62.5224
262		139.257		17.0597		118.89		67.4617		51.1148		0.240018		550.978		56.967		39.9073		61.9232
263		140.198		17.1648		119.554		67.9009		51.4091		0.624431		1088.75		57.4271		40.2623		62.1266
264		140.305		17.0256		119.721		67.8572		51.6154		1.61017e-07		823.701		57.1414		40.1158		62.5793
265		141.278		17.3318		120.667		68.4145		51.7805		0.311566		680.097		57.9097		40.578		62.7577
266		140.317		17.0863		119.559		67.8181		51.4778		0.00281399		499.457		57.2659		40.1796		62.2927
267		140.351		17.0907		119.702		67.892		51.578		0.385052		764.224		57.3269		40.2363		62.3747
268		141.183		17.32		120.709		68.3928		51.8561		0.0775373		813.049		57.6078		40.2877		63.1012
269		139.96		17.2141		119.418		67.7673		51.3296		0.383779		829.371		57.2751		40.061		62.1426
270		139.346		16.7661		118.788		67.1491		51.1812		0.000238946		1126.28		56.538		39.7718		62.2505
271		140.464		17.1054		119.66		67.9168		51.5516		0.00036084		523.292		57.3353		40.2299		62.3245
272		139.578		17.0158		119.019		67.3903		51.1998		8.25379e-05		976.75		56.8556		39.8397		62.1639
273		140.623		17.1625		119.969		68.0115		51.5689		0.52966		980.088		57.4956		40.3331		62.4738
274		140.841		17.2059		120.206		68.1751		51.7325		0.00293928		640.508		57.5532		40.3473		62.653
275		139.307		16.8826		118.877		67.3189		51.229		0.000395414		937.24		56.772		39.8895		62.1052
276		140.509		17.177		119.853		67.9796		51.5647		1.47616e-06		943.963		57.4108		40.2338		62.4425
277		141.792		17.4967		120.934		68.6579		51.9501		1.45648		899.6		58.0225		40.5258		62.9118
278		139.602		17.0082		119.037		67.4704		51.2593		2.70609e-05		504.661		56.8956		39.8874		62.1412
279		140.09		17.0785		119.523		67.7254		51.4135		0.0010085		1038.88		57.1952		40.1167		62.3282
280		140.256		17.099		119.667		67.8343		51.4773		0.000214314		557.114		57.2379		40.1389		62.4289
281		140.72		17.1248		120.029		68.078		51.6293		0.00101838		556.927		57.5793		40.4545		62.4497
282		140.073		17.1594		119.554		67.8163		51.4103		0.00175268		961.072		57.2674		40.108		62.287
283		140.049		17.1347		119.536		67.7483		51.3711		0.00437298		898.829		57.1129		39.9783		62.4234
284		140.692		17.0933		119.903		67.9007		51.5688		0.00010371		836.369		57.2905		40.1972		62.6121
285		141.326		17.3035		120.675		68.4217		51.8208		1.16481		926.693		57.7975		40.494		62.8774
286		142.381		17.4611		121.525		68.9856		52.2498		0.833721		1025.66		58.3283		40.8672		63.1966
287		139.921		17.0934		119.358		67.7072		51.3272		0.00487195		550.936		57.1977		40.1043		62.1604
288		140.653		17.134		119.991		68.0485		51.5958		0.415152		726.8		57.493		40.3591		62.498
289		139.716		17.0746		119.32		67.6506		51.2506		0.00307006		816.241		57.1514		40.0768		62.1685
290		141.474		17.1835		120.584		68.3421		51.919		0.000609909		499.905		57.6218		40.4384		62.9624
291		142.12		17.4567		121.4		68.8098		52.0868		0.524444		1089.51		58.1724		40.7157		63.2279
292		141.057		17.372		120.634		68.4635		51.7808		1.47273		857.138		57.8604		40.4884		62.7735
293		140.475		17.172		119.952		68.0439		51.5687		0.048226		768.703		57.509		40.3371		62.4431
294		141.019		17.2382		120.393		68.2771		51.8027		0.000212777		419.854		57.5076		40.2694		62.8855
295		139.718		17.1304		119.189		67.5976		51.2381		0.437196		804.84		57.0784		39.948		62.1105
296		140.484		17.1157		120.002		67.9658		51.5835		0.000755828		658.739		57.3999		40.2841		62.6025
297		141.55		17.2889		120.858		68.467		51.9649		0.345995		624.925		57.7544		40.4655		63.1039
298		142.491		17.3732		121.564		68.9263		52.2565		0.419395		999.16		58.2617		40.8885		63.302
299		141.522		17.3264		120.733		68.4583		51.9268		0.0120482		849.435		57.8454		40.519		62.8873
300		140.878		17.1201		120.323		68.1092		51.6487		0.284054		584.647		57.564		40.444		62.7589
301		141.22		17.2428		120.584		68.3543		51.9089		0.000434908		502.808		57.6297		40.3869		62.9546
302		140.036		16.9989		119.423		67.617		51.3858		0.00072143		565.542		57.0176		40.0187		62.4049
303		140.331		17.0404		119.736		67.8347		51.5166		0.000712389		701.037		57.2362		40.1957		62.4998
304		141.451		17.2872		120.81		68.3785		51.8653		0.254651		497.01		57.5912		40.3039		63.2192
305		140.414		17.0787		119.757		67.9536		51.6111		0.200354		731.347		57.3819		40.3032		62.3755
306		140.472		17.0742		119.774		67.8823		51.6115		0.0003073		819.714		57.214		40.1398		62.5602
307		140.627		17.1576		120.055		67.9885		51.6371		0.000996313		743.491		57.3184		40.1608		62.7366
308		140.094		17.0425		119.552		67.765		51.4728		0.000781252		672.467		57.271		40.2285		62.2809
309		140.842		17.2536		120.104		68.1454		51.6312		0.344018		595.984		57.5226		40.269		62.581
310		140.71		17.2383		119.969		68.166		51.572		0.344095		453.294		57.6421		40.4038		62.327
311		140.205		17.2071		119.748		67.9422		51.5068		1.94267e-06		701.722		57.375		40.1679		62.3734
312		140.385		17.2685		119.701		67.9188		51.422		0.0395802		692.238		57.3928		40.1244		62.3084
313		141.314		17.2444		120.574		68.3219		51.8024		0.957594		998.519		57.685		40.4406		62.8888
314		140.485		17.2221		119.89		68.0797		51.5255		0.8574		994.16		57.5862		40.3641		62.3037
315		141.094		17.2093		120.379		68.2002		51.7177		0.323263		530.442		57.5778		40.3685		62.8017
316		141.06		17.2245		120.427		68.2035		51.8175		0.339469		635.656		57.4243		40.1998		63.0022
317		140.019		17.1065		119.409		67.7716		51.4297		0.00013209		659.607		57.1542		40.0476		62.2549
318		141.536		17.185		120.795		68.3703		51.9359		0.0179302		1004.37		57.6899		40.5049		63.1054
319		142.3		17.3925		121.499		68.8817		52.2125		0.533898		905.128		58.1343		40.7419		63.3644
320		141.755		17.442		121.046		68.649		51.8874		1.56024		973.636		58.0475		40.6055		62.9984
321		140.202		17.1421		119.557		67.9097		51.4059		0.803256		906.077		57.4679		40.3258		62.0888
322		140.779		17.251		120.235		68.2037		51.6213		0.0169536		598.224		57.7006		40.4496		62.5348
323		140.986		17.2519		120.472		68.1834		51.6217		0.00441719		726.317		57.5876		40.3357		62.8849
324		140.622		17.1391		120.032		68.018		51.6002		2.65271e-05		446.19		57.3971		40.2581		62.6352
325		139.528		17.0086		118.987		67.4461		51.2173		2.95684e-05		961.977		56.9087		39.9001		62.0786
326		141.537		17.3533		120.696		68.5276		51.9024		1.50951		829.682		57.9119		40.5586		62.784
327		140.349		17.1159		119.795		67.8949		51.544		7.93111e-05		925.703		57.3512		40.2353		62.4442
328		140.639		17.1259		120.002		67.9718		51.6711		0.015946		800.847		57.2913		40.1653		62.711
329		140.149		17.0643		119.5		67.8384		51.5041		0.00309472		886.559		57.2716		40.2073		62.2288
330		140.411		17.1154		119.923		67.966		51.6121		0.000204505		663.852		57.2847		40.1692		62.6383
331		140.088		16.9282		119.505		67.6847		51.5267		1.53386e-05		484.425		57.0753		40.1471		62.4295
332		139.099		16.9853		118.577		67.2857		51.116		0.000721939		903.018		56.7223		39.7369		61.8552
333		140.285		17.2531		119.847		67.9574		51.4074		0.59535		931.807		57.3653		40.1121		62.4817
334		140.081		17.1724		119.558		67.8122		51.371		0.000671983		530.131		57.2977		40.1253		62.2607
335		140.302		17.2815		119.715		67.9893		51.4664		0.888227		892.181		57.5149		40.2334		62.2
336		140.994		17.2446		120.396		68.2382		51.7432		8.13722e-05		573.198		57.6501		40.4055		62.7461
337		141.167		17.2631		120.527		68.3543		51.7412		0.999826		939.461		57.7113		40.4482		62.8162
338		141.061		17.2981		120.351		68.2998		51.7238		0.675667		993.957		57.722		40.4239		62.6293
339		139.562		16.8909		118.953		67.3701		51.2927		2.0501e-05		892.952		56.7727		39.8818		62.1798
340		141.21		17.1768		120.558		68.2763		51.8057		0.441257		899.406		57.6475		40.4707		62.91
341		141.117		17.2069		120.499		68.2713		51.8053		0.224649		588.862		57.5462		40.3393		62.9527
342		140.157		17.1243		119.555		67.8538		51.4329		0.00264523		804.584		57.2842		40.1599		62.2711
343		140.09		17.0296		119.534		67.7122		51.489		0.000193693		593.504		57.1479		40.1183		62.3863
344		142.479		17.4795		121.553		69.0113		52.2633		0.757315		915.073		58.2704		40.791		63.2831
345		141.274		17.2643		120.641		68.3374		51.7471		0.923545		1036.92		57.838		40.5737		62.8029
346		140.501		17.2356		119.902		67.9944		51.5473		0.615634		1003.41		57.4613		40.2256		62.4403
347		142.331		17.377		121.298		68.7745		52.2476		0.555328		778.091		57.961		40.584		63.3365
348		140.305		17.1276		119.573		67.8863		51.5118		8.18555e-05		847.206		57.292		40.1645		62.2814
349		141.034		17.115		120.182		68.155		51.7411		9.85201e-06		427.894		57.5122		40.3972		62.6698
350		140.012		16.9254		119.369		67.4733		51.461		4.79014e-05		1021.04		56.7937		39.8683		62.575
351		140.952		17.2378		120.373		68.2579		51.7456		1.49972		855.184		57.605		40.3672		62.7678
352		139.967		17.075		119.425		67.7235		51.3364		5.11809e-05		467.656		57.1202		40.0453		62.3048
353		141.09		17.2861		120.562		68.3456		51.8165		0.00107281		599.163		57.6747		40.3886		62.8873
354		141.301		17.2517		120.679		68.3861		51.7434		0.272722		876.778		57.8466		40.5949		62.832
355		139.751		17.1012		119.171		67.6363		51.278		0.000127037		534.382		57.1297		40.0285		62.0414
356		139.2		16.9262		118.624		67.2596		51.149		2.23333e-05		988.035		56.668		39.7418		61.956
357		140.686		17.1735		120.013		68.1532		51.7249		4.60981e-06		475.662		57.505		40.3315		62.5083
358		139.782		16.9491		119.208		67.4996		51.3179		0.00265038		875.6		56.886		39.9369		62.3216
359		141.32		17.1584		120.544		68.2713		51.9109		0.050901		894.97		57.5608		40.4024		62.9834
360		140.325		17.1249		119.768		67.962		51.49		0.523645		842.258		57.5001		40.3752		62.2676
361		141.389		17.2901		120.635		68.4219		51.8341		0.499845		793.173		57.8497		40.5596		62.7855
362		139.875		17.1396		119.325		67.6993		51.348		0.260895		827.266		57.1153		39.9757		62.2096
363		140.499		17.1504		119.924		68.0455		51.5917		0.000200712		677.162		57.5098		40.3594		62.4146
364		139.552		17.0202		119.115		67.5404		51.2411		0.0138115		775.562		56.9918		39.9716		62.1227
365		140.461		17.14		119.888		67.9654		51.5802		0.000130942		567.003		57.3946		40.2546		62.4933
366		141.568		17.2456		120.762		68.3524		51.8451		0.435415		865.34		57.7333		40.4877		63.0284
367		140.311		17.0796		119.585		67.7823		51.448		0.00431901		627.531		57.2031		40.1235		62.382
368		140.094		17.089		119.698		67.8365		51.5137		0.00017022		827.258		57.1773		40.0882		62.521
369		140.526		17.1563		119.712		68.0103		51.594		0.0276075		844.681		57.4418		40.2855		62.2702
370		140.157		17.0877		119.581		67.8395		51.4271		0.000800234		639.992		57.343		40.2554		62.2378
371		140.619		17.263		119.963		68.0617		51.5625		0.484331		847.867		57.4858		40.2228		62.4776
372		139.902		16.9679		119.17		67.5187		51.3912		0.000697557		853.974		56.8207		39.8528		62.3498
373		139.883		17.1065		119.356		67.6927		51.3784		0.00580604		541.77		57.149		40.0425		62.2066
374		140.763		17.1825		120.136		68.0784		51.5941		0.0703104		884.46		57.5294		40.347		62.6068
375		141.238		17.3481		120.541		68.3617		51.7976		0.411061		792.792		57.7124		40.3642		62.8286
376		139.38		17.0393		119.19		67.4951		51.2188		0.00678855		827.258		57.0257		39.9864		62.1645
377		140.891		17.2479		120.007		68.1352		51.6826		0.088324		464.519		57.4304		40.1825		62.5769
378		141.653		17.3059		120.882		68.45		51.8723		0.465886		970.904		57.8598		40.5539		63.0219
379		141.649		17.457		120.942		68.5891		51.8499		1.61676		898.69		57.9907		40.5338		62.9516
380		139.769		17.0284		119.226		67.5376		51.3104		0.000990714		879.633		56.9045		39.8762		62.3219
381		140.979		17.2892		120.178		68.1802		51.6723		0.258576		582.32		57.5962		40.307		62.582
382		139.428		16.8887		118.915		67.2818		51.264		0.000429525		932.916		56.5732		39.6844		62.3418
383		141.528		17.4216		120.904		68.5627		51.8182		0.871563		1116.95		57.9754		40.5538		62.9289
384		140.756		17.0487		120.092		68.0766		51.6956		0.0011937		495.789		57.5026		40.4539		62.5895
385		138.971		16.8537		118.579		67.3028		51.1249		0.0534819		965.344		56.8592		40.0055		61.7196
386		140.076		17.1305		119.695		67.7639		51.3907		0.00524371		527.069		57.1847		40.0542		62.5102
387		140.986		17.1551		120.356		68.1287		51.7707		0.000302598		588.411		57.3851		40.2299		62.9712
388		141.368		17.156		120.507		68.3284		51.9236		0.000257768		548.379		57.6118		40.4558		62.8956
389		141.725		17.3299		120.852		68.5984		51.9933		0.000168697		804.967		57.9733		40.6434		62.8786
390		140.042		17.0891		119.579		67.7723		51.3958		0.000973393		970.286		57.2425		40.1534		62.3368
391		140.597		17.2492		119.932		68.1101		51.5729		0.000776213		734.05		57.6017		40.3525		62.3303
392		142.978		17.6052		121.91		69.3006		52.3068		1.31496		937.716		58.7102		41.105		63.2
393		140.329		17.0868		119.699		67.8801		51.4582		0.0386709		935.796		57.3134		40.2266		62.3857
394		141.204		17.2738		120.408		68.3234		51.7774		0.15678		569.201		57.7041		40.4303		62.7038
395		141.027		17.1517		120.298		68.1552		51.7838		0.00363038		502.703		57.4473		40.2955		62.8508
396		140.617		17.1141		120.099		67.9569		51.5691		4.20863e-05		743.743		57.346		40.2318		62.7531
397		142.005		17.4396		121.383		68.8322		52.0344		1.49813		825.146		58.2535		40.8138		63.13
398		140.271		17.1357		119.719		67.8208		51.4766		0.00219202		572.094		57.1811		40.0453		62.5377
399		140.435		17.1178		119.895		67.9678		51.6351		0.00585975		567.706		57.2817		40.1638		62.6137
400		140.146		17.0515		119.543		67.8152		51.4578		0.000251342		607.246		57.2883		40.2368		62.2544
401		139.387		16.9883		118.846		67.4616		51.2088		0.000761897		511.208		56.9209		39.9326		61.9255
402		139.546		17.0585		119.117		67.4808		51.2033		4.757e-06		853.882		56.867		39.8085		62.2497
403		140.022		17.0744		119.366		67.7779		51.4141		3.53013e-05		817.257		57.2019		40.1275		62.1639
404		139.709		17.0091		119.346		67.5355		51.271		0.000245077		1041.57		56.9594		39.9503		62.3862
405		140.047		17.1305		119.37		67.7251		51.3767		1.99347e-07		645.332		57.0698		39.9393		62.3004
406		141.945		17.3785		121.046		68.6572		52.0316		0.602631		1071.87		58.0166		40.6381		63.029
407		141.052		17.2635		120.256		68.3407		51.8025		0.503048		724.101		57.764		40.5005		62.492
408		139.689		16.9924		119.065		67.4888		51.2602		9.54699e-06		551.248		56.8826		39.8902		62.1821
409		140.673		17.2232		120.111		68.1347		51.6106		0.498762		672.808		57.5541		40.3309		62.557
410		139.922		17.1209		119.436		67.825		51.4125		0.00337715		805.598		57.2997		40.1788		62.1364
411		140.435		17.2445		119.849		68.1028		51.567		0.0304694		137.573		57.6157		40.3712		62.2334
412		141.396		17.4531		120.596		68.5343		51.7882		1.41263		906.313		57.9972		40.5441		62.5992
413		140.471		17.1232		119.829		67.9816		51.572		0.0130136		466.745		57.3491		40.2259		62.4795
414		140.927		17.252		120.404		68.301		51.721		0.748578		1009.2		57.7388		40.4868		62.6654
415		139.163		16.9476		118.843		67.32		51.1727		0.000183485		884.286		56.7102		39.7626		62.1324
416		139.903		16.9913		119.408		67.6901		51.4968		0.000258961		764.816		57.0429		40.0517		62.3652
417		140.109		17.1158		119.544		67.7581		51.3642		3.52101e-05		522.737		57.3051		40.1893		62.2388
418		140.644		17.1657		120.125		68.0357		51.6149		0.0740586		753.209		57.4698		40.3041		62.6553
419		139.061		16.8869		118.596		67.2159		51.0078		0.0341253		944.651		56.692		39.8051		61.9041
420		140.565		17.3146		119.936		68.0953		51.5044		0.425864		796.867		57.669		40.3543		62.2674
421		141.116		17.189		120.369		68.2591		51.822		0.0993336		646.961		57.6122		40.4232		62.7566
422		140.293		17.114		119.727		67.7985		51.4051		0.237491		817.775		57.2259		40.1119		62.5015
423		139.813		17.1351		119.34		67.7149		51.3115		0.00014327		446.609		57.2577		40.1226		62.082
424		140.107		17.1089		119.483		67.7118		51.3694		3.84612e-06		523.256		57.147		40.0381		62.3356
425		140.226		17.1713		119.618		67.8613		51.4555		0.298941		623.543		57.3447		40.1735		62.273
426		140.193		17.0554		119.77		67.8306		51.4731		0.00033601		483.756		57.2559		40.2005		62.5143
427		140.533		17.1385		119.887		67.9496		51.5602		0.000279041		910.328		57.4178		40.2793		62.4691
428		140.484		17.1169		119.81		67.9319		51.5667		5.72154e-06		568.363		57.3478		40.2308		62.4621
429		140.089		17.118		119.633		67.8557		51.4616		4.42436e-06		754.54		57.2419		40.1239		62.3908
430		141.187		17.239		120.566		68.37		51.8274		0.000331682		599.744		57.655		40.416		62.9108
431		140.073		17.2398		119.541		67.9133		51.3607		0.452503		882.227		57.4446		40.2048		62.0967
432		139.846		17.0696		119.133		67.6595		51.3759		0.000195068		1018.02		57.1761		40.1065		61.9566
433		142.099		17.456		121.344		68.8452		52.033		0.691412		882.006		58.2238		40.7678		63.1203
434		140.664		17.1771		120.073		68.0901		51.6693		0.659104		977.996		57.4528		40.2757		62.6206
435		140.429		17.079		119.757		67.9018		51.5205		0.00153546		561.101		57.3422		40.2632		62.4153
436		141.446		17.3113		120.798		68.4228		51.8725		0.000764677		583.326		57.6706		40.3592		63.1271
437		140.933		17.1918		120.222		68.1482		51.7306		0.000289471		686.028		57.4569		40.265		62.7653
438		142.527		17.5092		121.57		69.0453		52.2201		0.802841		964.489		58.3624		40.8532		63.2076
439		139.907		17.0879		119.487		67.7515		51.3439		0.244731		454		57.2656		40.1777		62.2209
440		140.216		17.0254		119.529		67.7543		51.4727		9.63767e-05		885.366		57.1427		40.1174		62.3867
441		140.61		17.2492		119.833		68.0044		51.6361		0.000119177		588.894		57.3293		40.0802		62.5036
442		141.218		17.2083		120.387		68.2803		51.8447		0.309968		579.426		57.5837		40.3754		62.8028
443		139.616		16.9577		119.109		67.4832		51.3578		0.000907674		611.896		56.8178		39.8601		62.2916
444		139.466		16.9274		119.117		67.4647		51.3092		0.000311218		820.465		56.868		39.9406		62.249
445		140.871		17.0286		120.268		68.0916		51.7837		0.00382999		528.583		57.4354		40.4068		62.8326
446		139.879		16.989		119.384		67.6138		51.3702		1.28228e-05		960.422		57.0306		40.0416		62.3536
447		141.399		17.339		120.731		68.4461		51.8123		0.591147		951.22		57.8017		40.4627		62.9291
448		139.791		16.9923		119.245		67.5703		51.3491		0.000421688		903.674		56.9978		40.0055		62.2468
449		140.108		17.1848		119.492		67.8638		51.4587		0.0324497		593.625		57.2661		40.0813		62.2258
450		141.828		17.3656		121.118		68.7588		52.1515		0.71562		1089.62		58.1376		40.7719		62.9805
451		140.756		17.1029		120.133		68.0539		51.6999		0.46775		922.59		57.4606		40.3577		62.6727
452		141.444		17.1655		120.694		68.2998		51.904		6.28729e-07		899.272		57.5856		40.42		63.1085
453		140.949		17.2088		120.286		68.1283		51.6814		0.00397011		491.805		57.4152		40.2064		62.8705
454		141.095		17.1471		120.35		68.2081		51.8038		0.000219669		900.167		57.532		40.3849		62.8176
455		139.99		17.1369		119.362		67.74		51.3616		0.000472561		618.014		57.2254		40.0885		62.1365
456		140.457		17.1878		119.98		67.9404		51.5243		0.325109		718.661		57.3913		40.2035		62.5889
457		140.208		17.0638		119.672		67.7665		51.4671		0.00409429		817.136		57.2513		40.1875		62.4208
458		139.938		16.9892		119.455		67.6567		51.3698		0.000641864		882.599		57.0836		40.0944		62.3714
459		139.546		16.961		119.022		67.4585		51.2415		2.4832e-05		914.349		56.9819		40.0208		62.0404
460		139.697		17.0305		119.108		67.5371		51.2825		0.00200251		646.799		56.9574		39.9268		62.1508
461		139.677		17.0237		119.256		67.6194		51.3168		0.00201664		498.716		57.0107		39.987		62.2455
462		139.889		17.1183		119.482		67.7628		51.3642		0.00243516		421.435		57.171		40.0527		62.3107
463		140.147		17.1596		119.53		67.7979		51.4051		0.0125859		975.883		57.2211		40.0616		62.3092
464		139.861		16.9849		119.331		67.5718		51.3721		7.07402e-05		899.235		56.9307		39.9459		62.3998
465		141.136		17.2194		120.434		68.2403		51.84		8.04353e-05		489.524		57.4752		40.2558		62.959
466		141.171		17.2814		120.479		68.3564		51.7563		0.422544		638.977		57.7628		40.4815		62.7161
467		139.368		16.9843		118.992		67.446		51.2196		0.00436441		468.819		56.8963		39.912		62.0959
468		140.145		17.0283		119.62		67.7675		51.5244		0.00101647		655.105		57.1328		40.1045		62.4873
469		140.108		17.0443		119.471		67.6297		51.3978		0.00138804		1079.63		57.044		39.9996		62.4272
470		142.114		17.3958		121.129		68.7531		52.1057		1.14421		1033.93		58.0411		40.6453		63.0875
471		141		17.1393		120.147		68.1872		51.716		0.00739142		565.65		57.5806		40.4412		62.5665
472		140.301		17.228		119.711		67.927		51.4329		0.00877425		486.52		57.336		40.108		62.3751
473		138.62		16.8959		118.253		67.0513		50.9415		0.000312217		892.12		56.5131		39.6172		61.7396
474		140.784		17.2027		120.169		68.0995		51.6529		0.000506429		544.66		57.4112		40.2085		62.7577
475		139.067		17.0009		118.737		67.2753		50.9947		0.753801		947.593		56.7989		39.798		61.9381
476		139.983		17.0922		119.473		67.7594		51.4571		0.325174		683.359		57.2296		40.1375		62.2431
477		140.607		17.2432		119.975		68.0433		51.5151		0.812031		1034.09		57.5466		40.3034		62.4287
478		140.479		17.1983		120.004		68.0887		51.589		0.12431		635.808		57.5075		40.3091		62.4966
479		140.414		17.1319		119.787		68.0017		51.5665		0.25067		825.255		57.4303		40.2984		62.3569
480		143.035		17.5292		122.088		69.238		52.361		1.52556		888.649		58.5799		41.0507		63.5079
481		140.46		17.0921		119.929		67.9892		51.5496		0.0372015		930.328		57.4826		40.3905		62.4468
482		141.527		17.2809		120.728		68.4914		51.938		0.304672		769.576		57.8707		40.5898		62.8575
483		140.618		17.1732		119.706		67.9505		51.608		0.00266347		465.096		57.3002		40.127		62.4059
484		139.941		17.0952		119.42		67.6903		51.3644		0.00362113		487.244		57.1294		40.0342		62.2904
485		140.66		17.1386		120.078		68.0159		51.6209		0.00508941		631.041		57.465		40.3264		62.6134
486		141.468		17.3297		120.836		68.5153		51.9464		9.93415e-05		660.402		57.8026		40.4729		63.033
487		140.352		17.0835		119.684		67.8664		51.5333		0.00209876		490.2		57.2828		40.1994		62.4007
488		141.183		17.2413		120.451		68.348		51.8213		2.42501e-07		581.322		57.6879		40.4465		62.7628
489		140.635		17.1941		119.934		68.0314		51.562		0.735326		826.843		57.4216		40.2275		62.5125
490		140.914		17.3208		120.51		68.3581		51.7879		0.694343		799.591		57.7099		40.3891		62.8003
491		141.541		17.1938		120.733		68.4334		51.961		0.00110089		639.415		57.7791		40.5853		62.9538
492		141.495		17.1832		120.653		68.4019		51.9758		0.339876		553.849		57.652		40.4687		63.0014
493		139.82		17.0312		119.173		67.5846		51.3421		0.00102528		555.326		56.9727		39.9416		62.2007
494		140.209		17.1047		119.618		67.8043		51.4791		0.000258686		710.121		57.2431		40.1383		62.3746
495		140.413		17.0897		119.656		67.8986		51.4515		0.000329388		738.612		57.3436		40.2539		62.312
496		140.64		17.1516		120.016		68.0163		51.5639		0.421383		689.57		57.4065		40.2549		62.6098
497		139.037		16.9438		118.642		67.2619		51.1575		0.0117004		563.142		56.7608		39.8169		61.8814
498		140.716		17.2008		120.086		68.1336		51.6374		0.692723		1011.58		57.595		40.3942		62.4908
499		140.223		17.0711		119.401		67.8199		51.4954		0.000342718		427.526		57.1937		40.1225		62.2071
500		140.765		17.1936		120.212		68.0709		51.5611		0.742642		1049.48		57.5208		40.3272		62.6915
501		140.856		17.2265		120.188		68.1675		51.7063		0.0953619		1044.05		57.5879		40.3614		62.6004
502		140.468		17.0942		119.816		67.8686		51.5989		0.000122879		744.267		57.1276		40.0334		62.6887
503		139.937		17.0696		119.438		67.6629		51.3867		0.000325037		652.019		57.0869		40.0174		62.3515
504		139.524		17.0604		119.032		67.4513		51.2199		0.00036439		937.787		56.9526		39.8922		62.0798
505		139.911		17.0644		119.231		67.7202		51.3645		4.72026e-05		463.001		57.2028		40.1384		62.0285
506		140.598		17.1546		119.934		67.9384		51.6108		0.00184431		644.691		57.1911		40.0365		62.7427
507		142.329		17.3559		121.394		68.8147		52.1918		0.16965		889.344		58.1122		40.7564		63.2817
508		140.795		17.2343		120.113		68.1098		51.6917		0.0650513		835.804		57.4854		40.2511		62.6275
509		141.174		17.2338		120.417		68.3113		51.824		0.466944		801.051		57.6536		40.4199		62.7634
510		140.702		17.041		120.127		68.0814		51.7414		0.000118872		699.417		57.47		40.4291		62.6568
511		139.478		17.0409		119.002		67.4746		51.1576		0.571426		933.617		56.9435		39.9027		62.0588
512		140.957		17.2069		120.22		68.1566		51.6964		0.000254166		975.365		57.541		40.3341		62.6786
513		139.883		17.1034		119.378		67.6907		51.2521		0.00786943		864.33		57.1746		40.0713		62.2035
514		141.466		17.2424		120.675		68.4864		51.9489		0.615501		873.969		57.8851		40.6427		62.79
515		140.835		17.0928		120.161		68.0834		51.7484		1.94662e-05		590.637		57.4188		40.326		62.742
516		139.69		17.117		119.165		67.5865		51.2069		4.80061e-08		558.385		57.0798		39.9628		62.0847
517		140.613		17.0627		120.004		67.9467		51.6095		0.000698129		921.016		57.2804		40.2177		62.7234
518		140.206		16.9964		119.659		67.7401		51.4954		0.00395332		580.561		57.1061		40.1098		62.5533
519		141.109		17.2638		120.28		68.2765		51.6896		0.00040278		548.597		57.6584		40.3946		62.622
520		140.327		17.087		119.658		67.7265		51.4569		1.50758e-05		1045.83		57.1024		40.0154		62.5555
521		141.153		17.2145		120.477		68.2654		51.8056		0.000868175		664.222		57.5216		40.3071		62.9554
522		139.735		17.082		119.178		67.5686		51.2423		0.347304		657.549		57.0306		39.9487		62.1474
523		140.885		17.2348		120.266		68.1878		51.6574		0.391105		817.021		57.6919		40.4571		62.5746
524		140.64		17.2118		120.093		68.0723		51.6197		0.476511		785.738		57.4105		40.1986		62.6823
525		140.807		17.1852		120.044		68.0312		51.6772		0.149287		614.298		57.4206		40.2354		62.6233
526		140.041		16.9524		119.384		67.5843		51.5024		0.000157108		951.671		56.8335		39.8811		62.5502
527		140.01		17.1011		119.581		67.8104		51.4201		0.2276		507.524		57.2769		40.1758		62.304
528		140.71		17.0948		120.036		67.9632		51.6238		0.00619314		801.239		57.4216		40.3268		62.6146
529		142.096		17.5042		121.384		68.8817		52.0684		0.949153		950.445		58.1984		40.6942		63.1859
530		140.196		17.0357		119.722		67.7967		51.4878		7.00774e-06		554.672		57.1993		40.1636		62.5224
531		140.112		17.0594		119.523		67.6459		51.3954		0.000232637		776.787		57.0922		40.0328		62.4313
532		139.756		17.0606		119.251		67.5182		51.3009		0.000295909		687.177		56.9127		39.8521		62.3385
533		141.074		17.259		120.37		68.2167		51.7184		0.213635		663.058		57.4701		40.2112		62.9
534		139.746		17.091		119.304		67.674		51.3279		0.00453025		713.979		57.1969		40.1059		62.1067
535		140.078		17.1929		119.529		67.8724		51.4154		0.00100905		811.083		57.3143		40.1214		62.2147
536		140.466		17.0895		119.905		67.8817		51.5248		0.000934513		941.036		57.3096		40.2201		62.5952
537		141.155		17.1286		120.246		68.2333		51.806		0.543634		689.489		57.6063		40.4777		62.6399
538		139.692		17.108		119.242		67.6		51.2391		7.50387e-05		899.559		57.0066		39.8986		62.2359
539		139.537		17.0837		119.08		67.5803		51.2584		0.00047122		811.244		57.0459		39.9622		62.0343
540		141.152		17.3019		120.401		68.4345		51.8361		0.639976		959.844		57.8342		40.5323		62.5669
541		141.023		17.1827		120.206		68.1187		51.7073		0.00136946		706.016		57.4854		40.3027		62.7204
542		139.852		17.0352		119.392		67.6419		51.3484		0.000469661		640.826		57.0661		40.0309		62.3263
543		140.469		17.1428		119.728		67.8208		51.5071		8.61197e-06		862.689		57.188		40.0452		62.5395
544		142.64		17.5441		121.934		69.2294		52.3		1.91653		802.332		58.5408		40.9967		63.393
545		140.274		17.143		119.775		67.9331		51.4777		2.07754e-05		605.838		57.2698		40.1268		62.5049
546		139.785		17.0729		119.182		67.5358		51.1974		0.000385282		496.433		57.0018		39.9289		62.1803
547		139.355		16.9537		118.779		67.3751		51.2123		0.000507841		835.329		56.8402		39.8864		61.9387
548		140.313		17.05		119.557		67.8516		51.4448		0.000150951		713.907		57.3227		40.2727		62.234
549		141.205		17.2291		120.551		68.3381		51.7534		0.715213		1024.5		57.7875		40.5584		62.7636
550		140.978		17.2818		120.209		68.1429		51.6761		0.788746		1119.74		57.4958		40.2139		62.7132
551		139.519		17.16		119.27		67.6951		51.2821		0.000653269		636.807		57.1676		40.0076		62.1022
552		141.167		17.3179		120.564		68.3861		51.7667		0.00297418		868.218		57.8175		40.4996		62.7461
553		140.02		16.9569		119.519		67.6175		51.4543		0.000145399		1020.11		57.0086		40.0517		62.5101
554		141.364		17.3994		120.586		68.4147		51.769		0.410762		926.309		57.88		40.4806		62.7063
555		140.258		17.061		119.558		67.8238		51.5696		1.06734e-06		969.602		57.1841		40.1231		62.3735
556		140.044		17.1662		119.49		67.7919		51.3573		0.750119		1001.47		57.2094		40.0431		62.281
557		140.571		17.1499		119.883		67.9925		51.5844		5.74063e-05		543.684		57.3885		40.2386		62.4948
558		140.377		17.2014		119.846		67.946		51.5331		0.00382347		423.985		57.2828		40.0814		62.5635
559		140.524		17.1085		119.904		67.985		51.559		0.000290495		469.652		57.4148		40.3063		62.4897
560		141.297		17.219		120.631		68.3065		51.8101		2.1942e-05		536.585		57.703		40.484		62.9284
561		141.016		17.2177		120.556		68.2988		51.693		0.367558		534.614		57.6286		40.4109		62.927
562		141.419		17.3156		120.702		68.4386		51.7958		1.44676		934.418		57.9009		40.5854		62.8007
563		139.629		16.9308		119.127		67.4437		51.337		0.00158463		893.898		56.825		39.8941		62.3021
564		141.411		17.2199		120.683		68.4113		51.9777		0.00257559		886.998		57.7196		40.4997		62.9629
565		141.248		17.3177		120.605		68.494		51.8672		0.293421		509.607		57.9422		40.6245		62.6628
566		139.325		16.9731		118.809		67.3414		51.1614		0.00224841		518.509		56.8066		39.8335		62.0026
567		141.884		17.5452		121.285		68.8614		51.9871		1.83907		889.335		58.3522		40.807		62.9325
568		140.435		17.1413		119.656		67.9701		51.5624		0.0445221		779.412		57.401		40.2596		62.2552
569		141.069		17.1702		120.355		68.2357		51.8571		0.0228985		821.367		57.4651		40.295		62.8897
570		140.399		17.2584		119.883		68.0325		51.5527		0.751458		1017.5		57.5168		40.2584		62.3666
571		140.329		17.0656		119.573		67.6634		51.4498		1.0685e-05		1222.94		57.0907		40.0251		62.482
572		140.509		17.0931		119.779		67.8975		51.5898		0.000326603		856.83		57.2368		40.1437		62.5424
573		140.891		17.0709		120.165		68.112		51.769		0.000230662		732.777		57.4263		40.3555		62.7391
574		140.275		17.1444		119.748		67.8504		51.4546		0.00106454		608.946		57.3556		40.2111		62.3928
575		140.932		17.2788		120.291		68.2674		51.6634		1.05487		817.073		57.6871		40.4083		62.6042
576		141.217		17.2559		120.455		68.3954		51.7457		0.80211		853.914		57.8427		40.5867		62.6124
577		141.799		17.2914		121.04		68.6133		52.0163		0.190619		490.368		57.9333		40.6419		63.1062
578		141.241		17.2266		120.544		68.2956		51.7339		0.0508694		904.737		57.6592		40.4326		62.8849
579		141.336		17.3054		120.694		68.4639		51.8204		1.33403		805.803		57.8525		40.5471		62.8414
580		140.987		17.1089		120.232		68.1521		51.7585		0.759858		979.055		57.4993		40.3905		62.7327
581		140.671		17.1589		120.129		67.9975		51.6329		0.000796872		884.31		57.3252		40.1663		62.8033
582		140.498		17.1983		120.026		68.0014		51.5577		0.311295		420.443		57.2983		40.0999		62.7281
583		140.929		17.334		120.227		68.2353		51.6772		0.517769		991.06		57.6789		40.3449		62.5482
584		141.006		17.2521		120.462		68.2557		51.7981		7.34023e-05		736.679		57.5311		40.279		62.9307
585		140.362		17.1062		119.784		67.8966		51.5		0.000102477		579.283		57.2529		40.1467		62.5315
586		140.987		17.2423		120.393		68.3085		51.7374		0.433402		673.552		57.7543		40.5119		62.6385
587		140.015		17.0195		119.529		67.7179		51.3804		0.00951668		879.81		57.1682		40.1486		62.3607
588		140.737		17.1841		120.146		68.1219		51.704		0.00426384		797.268		57.395		40.2109		62.7509
589		140.395		16.9294		119.714		67.7214		51.5743		0.000104031		844.79		57.0452		40.1158		62.6688
590		139.614		16.978		118.986		67.4165		51.2357		1.58131e-06		962.501		56.8829		39.9049		62.1032
591		140.278		17.0569		119.565		67.8496		51.4851		0.0020386		588.614		57.2713		40.2144		62.2934
592		141.626		17.3345		120.831		68.6365		52.0339		0.224142		520.758		57.9868		40.6523		62.8444
593		141.216		17.2313		120.623		68.4089		51.838		1.00505		892.567		57.847		40.6157		62.7757
594		140.573		17.0693		120.079		68.0599		51.6437		0.604022		821.319		57.5015		40.4322		62.5778
595		139.694		16.9794		119.101		67.5457		51.3657		0.000339912		991.936		57.0497		40.0703		62.0512
596		141.024		17.2241		120.306		68.2337		51.7268		0.772133		1091.5		57.6316		40.4075		62.6741
597		141.091		17.2777		120.454		68.2262		51.7621		0.44149		912.354		57.5988		40.3212		62.8556
598		140.671		17.2028		119.949		68.1075		51.6466		0.00223118		920.74		57.5751		40.3723		62.3735
599		140.601		17.1058		120.207		68.0843		51.6761		0.334306		508.416		57.4962		40.3905		62.7107
600		141.176		17.2195		120.435		68.3201		51.7575		0.00718425		797.013		57.7518		40.5323		62.6834
601		140.977		17.2861		120.385		68.3444		51.7746		0.409901		598.872		57.7307		40.4445		62.6542
602		140.337		17.1927		119.854		67.9606		51.4994		0.00185976		715.001		57.4755		40.2828		62.3781
603		141.626		17.3081		121		68.5896		52.0169		0.902083		941.3		57.8313		40.5232		63.1685
604		141.16		17.2238		120.437		68.2392		51.7539		0.272234		633.236		57.6872		40.4634		62.7503
605		141.945		17.4113		121.106		68.7635		52.0226		1.44917		899.91		58.0972		40.6859		63.0084
606		140.379		17.0668		119.824		67.8777		51.5593		0.00048021		846.349		57.248		40.1812		62.5763
607		140.885		17.2454		120.217		68.221		51.6204		0.431625		650.106		57.764		40.5185		62.453
608		142.007		17.3291		121.164		68.6765		52.0862		0.376338		810.704		58.0311		40.702		63.1324
609		141.932		17.4069		121.143		68.6931		52.0555		1.07758		961.968		57.8994		40.4924		63.2435
610		140.957		17.2912		120.367		68.2444		51.7308		0.0580142		585.875		57.7254		40.4341		62.6414
611		141.022		17.2077		120.268		68.2185		51.7099		0.00151845		505.488		57.5881		40.3803		62.6796
612		140.715		17.1783		120.046		68.0415		51.5754		0.226029		853.061		57.4073		40.229		62.6384
613		139.022		16.8501		118.522		67.1865		51.1097		4.43215e-10		852.118		56.6482		39.7981		61.8742
614		140.535		17.0833		119.917		67.9125		51.6064		0.000207287		730.83		57.3482		40.2648		62.5693
615		140.849		17.0776		120.238		68.0977		51.7891		0.000206481		686.088		57.3607		40.2832		62.877
616		141.202		17.156		120.389		68.2658		51.7913		0.600415		794.078		57.6705		40.5146		62.7184
617		139.904		17.1436		119.439		67.7571		51.3151		0.408405		603.715		57.2506		40.1071		62.1883
618		141.766		17.319		120.792		68.5369		52.0039		0.128248		833.731		57.8301		40.5111		62.9623
619		140.991		17.2465		120.337		68.2432		51.7393		0.00125468		644.392		57.6045		40.358		62.7327
620		141.1		17.3401		120.465		68.3986		51.7764		0.955448		1065.05		57.8241		40.484		62.641
621		141.532		17.2646		120.707		68.4373		51.9213		0.00098664		680.474		57.8264		40.5617		62.8809
622		141.297		17.3238		120.755		68.5015		51.8621		0.731501		823.695		57.9016		40.5777		62.8539
623		140.48		17.0866		119.714		67.831		51.5919		0.000650135		859.288		57.1349		40.0482		62.5786
624		140.52		17.2552		119.929		68.0895		51.5258		0.338472		670.197		57.515		40.2598		62.4143
625		140.077		17.0062		119.287		67.6417		51.421		4.84463e-06		793.957		56.9756		39.9694		62.3118
626		139.78		17.069		119.195		67.5918		51.3314		0.000214146		575.397		57.0141		39.9451		62.1814
627		140.456		17.186		119.925		68.0575		51.4854		0.758045		902.193		57.5538		40.3678		62.3715
628		141.116		17.2448		120.526		68.2967		51.8174		0.0890118		847.105		57.6954		40.4506		62.8305
629		139.517		17.0139		119.036		67.4752		51.1742		0.000398294		734.322		56.9622		39.9483		62.0739
630		141.141		17.2963		120.509		68.3584		51.7663		0.005347		499.963		57.6697		40.3734		62.8389
631		140.917		17.2571		120.429		68.2889		51.7767		0.888242		939.267		57.6319		40.3748		62.7969
632		139.767		17.1243		119.199		67.5931		51.2185		0.379052		629.909		57.0911		39.9669		62.1084
633		140.712		17.2195		120.153		68.1295		51.6618		0.883195		984.895		57.4941		40.2746		62.6585
634		140.103		17.079		119.494		67.8151		51.356		0.0366478		761.821		57.3505		40.2716		62.1437
635		140.908		17.3145		120.341		68.3065		51.6335		0.828949		986.06		57.7818		40.4674		62.5593
636		139.497		16.932		118.95		67.3554		51.2081		1.70561e-06		1010.82		56.8644		39.9324		62.0854
637		141.305		17.288		120.531		68.3716		51.8705		0.00890716		811.391		57.7501		40.4622		62.7806
638		140.396		17.1596		119.665		67.9156		51.567		2.18044e-05		579.071		57.2899		40.1303		62.3751
639		141.179		17.2478		120.465		68.423		51.8762		5.29021e-05		489.172		57.8187		40.5709		62.6467
640		140.29		17.2316		119.785		67.8869		51.4246		0.00291615		514.11		57.3576		40.126		62.4274
641		140.393		17.1158		119.823		67.9349		51.529		0.602994		797.923		57.3614		40.2456		62.4613
642		141.767		17.3303		120.825		68.5728		51.9853		0.304759		980.035		57.8832		40.5529		62.9417
643		140.798		17.143		120.073		68.0396		51.6749		0.000372732		570.88		57.4568		40.3139		62.6158
644		140.367		17.0699		119.55		67.8612		51.5829		1.65914e-06		826.431		57.2176		40.1477		62.3329
645		139.898		16.9009		119.211		67.5048		51.4081		6.73508e-05		895.569		56.8879		39.9869		62.323
646		140.57		17.1208		119.906		67.9644		51.6331		0.000139932		444.527		57.2527		40.1319		62.6533
647		141.51		17.3611		120.766		68.5991		52.0129		0.00555717		809.631		57.9541		40.593		62.812
648		140.299		17.1359		119.665		67.8271		51.4754		0.0193353		940.918		57.2828		40.1469		62.3822
649		139.764		17.0005		119.277		67.5918		51.3573		0.00474662		466.008		57.0285		40.0281		62.2488
650		140.762		17.1865		120.098		68.081		51.6632		0.457358		812.207		57.3431		40.1565		62.7554
651		139.279		16.9584		118.713		67.2671		51.1152		7.44052e-05		1138.84		56.712		39.7536		62.0014
652		141.364		17.222		120.515		68.3443		51.8571		0.0908744		885.474		57.7144		40.4924		62.8006
653		141.648		17.235		120.803		68.4153		51.891		0.657123		1052.94		57.7837		40.5487		63.0188
654		140.325		17.12		119.642		67.7797		51.4092		0.0286504		812.266		57.0983		39.9782		62.5435
655		140.161		17.1473		119.617		67.8572		51.4238		0.000245157		566.091		57.329		40.1818		62.2879
656		140.048		17.1198		119.496		67.7956		51.4257		0.00154163		944.64		57.2794		40.1595		62.2165
657		139.842		17.052		119.4		67.6394		51.3951		0.00104418		553.978		57.0962		40.0442		62.3041
658		141.865		17.4502		120.979		68.7114		51.922		0.413502		721.562		58.0958		40.6456		62.8837
659		141.478		17.2108		120.686		68.3923		51.9239		0.000330715		919.32		57.7165		40.5057		62.9695
660		140.392		17.1347		119.65		67.9385		51.5522		4.38436e-05		794.902		57.3908		40.2561		62.2594
661		140.596		17.1789		120.243		68.1824		51.6928		0.00414308		414.786		57.5223		40.3434		62.7204
662		141.878		17.2731		120.967		68.6482		52.0942		0.0525563		490.173		57.9661		40.6929		63.0012
663		140.644		17.2583		119.892		68.1393		51.6542		0.00315478		554.394		57.5787		40.3204		62.3132
664		142.2		17.4167		121.374		68.8734		52.09		0.68039		992.631		58.23		40.8132		63.1438
665		261.326		96.2282		239.785		168.594		70.9184		154.411		71.7726		167.02		70.7917		72.7649
666		140.866		17.1878		120.156		68.0655		51.6172		0.000992549		553.247		57.4665		40.2787		62.6897
667		140.091		17.0399		119.469		67.6922		51.4117		7.99276e-05		900.755		57.0482		40.0082		62.4205
668		140.229		17.1418		119.571		67.863		51.404		0.466025		725.843		57.3113		40.1694		62.2592
669		140.906		17.2121		120.191		68.1426		51.7404		0.000382985		888.035		57.5041		40.2921		62.6869
670		141.148		17.2615		120.482		68.3111		51.7767		0.502189		921.866		57.7402		40.4788		62.7421
671		140.853		17.3166		120.143		68.1224		51.6338		1.27702		1019.61		57.4966		40.18		62.6462
672		139.918		17.0301		119.243		67.5389		51.2441		0.000124431		754.982		57.0289		39.9988		62.2145
673		140.943		17.0744		120.288		68.0778		51.7301		5.60817e-06		767.234		57.4712		40.3968		62.8171
674		141.065		17.2358		120.34		68.249		51.6973		0.512989		834.439		57.6669		40.4311		62.6734
675		139.44		17.0355		119.112		67.5216		51.2435		1.6311e-08		536.985		57.0073		39.9717		62.1049
676		141.076		17.2009		120.28		68.2168		51.8123		0.000295064		775.812		57.4506		40.2497		62.8291
677		140.748		17.1878		120.212		68.1495		51.6333		0.45269		690.346		57.594		40.4061		62.6185
678		139.265		16.9154		118.783		67.251		51.149		0.000283272		1031.8		56.716		39.8006		62.0668
679		140.091		17.0722		119.627		67.8012		51.5199		1.01893e-06		987.914		57.1814		40.1092		62.446
680		141.164		17.2127		120.445		68.3435		51.8314		0.00155979		458.582		57.6954		40.4827		62.7496
681		140.758		17.095		120.084		67.9873		51.6862		0.00195175		609.811		57.3919		40.2969		62.6917
682		141.643		17.297		121.006		68.6389		52.024		1.59018		761.074		57.9295		40.6325		63.0762
683		141		17.1995		120.357		68.234		51.7941		0.000303236		539.672		57.5836		40.3842		62.7731
684		141.316		17.2085		120.606		68.426		51.9397		0.370213		789.831		57.8573		40.6488		62.749
685		141.935		17.3926		121.228		68.7568		52.0265		1.09495		879.224		58.1076		40.7149		63.1204
686		141.207		17.3804		120.719		68.501		51.8242		1.05035		1110.58		57.9076		40.5273		62.8117
687		141.062		17.1607		120.477		68.2905		51.9206		0.338869		554.521		57.6275		40.4668		62.8497
688		140.265		17.07		119.649		67.8342		51.4666		0.377714		709.341		57.2541		40.184		62.3947
689		140.321		17.1745		119.708		67.9867		51.5528		0.17417		906.98		57.4175		40.243		62.2905
690		140.386		17.1298		119.889		67.8737		51.5114		7.33278e-05		497.058		57.2308		40.101		62.6582
691		139.986		17.1326		119.4		67.7172		51.4442		0.00316993		850.26		57.0913		39.9587		62.3084
692		141.012		17.1783		120.112		68.1139		51.7713		0.000229477		496.923		57.3796		40.2013		62.7328
693		140.699		17.0702		119.913		67.9332		51.6254		0.000386213		484.199		57.2755		40.2053		62.6371
694		141.129		17.1592		120.435		68.2618		51.8753		0.0223829		917.67		57.5828		40.4236		62.8519
695		140.444		17.2031		119.889		67.984		51.4965		0.00393062		557.527		57.4827		40.2796		62.4064
696		140.486		17.1365		119.931		67.903		51.5044		0.384611		873.715		57.4206		40.2841		62.5108
697		140.66		17.2531		119.941		68.0047		51.5313		0.00357962		580.326		57.4128		40.1597		62.5285
698		140.839		17.252		120.235		68.2203		51.7072		0.00487945		1000.91		57.6698		40.4178		62.5654
699		141.796		17.3976		120.945		68.6329		51.9751		0.448232		737.665		57.9837		40.5861		62.9616
700		141.6		17.2561		120.836		68.4845		51.951		0.0042197		642.239		57.9224		40.6663		62.9132
701		141.481		17.3326		120.773		68.4929		51.9118		0.492231		678.42		57.7515		40.4189		63.0214
702		139.902		17.1039		119.244		67.5999		51.3087		0.0528322		895.189		56.9619		39.858		62.2817
703		140.568		17.2616		120.009		68.0717		51.5321		0.209157		911.166		57.4998		40.2382		62.5096
704		141.097		17.1382		120.404		68.1564		51.7839		0.00194434		672.926		57.5099		40.3716		62.8945
705		140.308		17.0747		119.708		67.8618		51.4855		0.17679		503.896		57.2806		40.206		62.4275
706		141.895		17.2796		121.084		68.582		52.0068		0.345091		545.25		57.8723		40.5927		63.2119
707		140.933		17.2399		120.299		68.233		51.7418		0.738337		1083.62		57.6685		40.4286		62.6304
708		139.422		16.9084		118.894		67.3289		51.2659		0.000455712		984.675		56.6683		39.7599		62.2258
709		140.502		17.217		119.917		68.002		51.476		0.317935		954.592		57.4188		40.2018		62.4978
710		140.306		16.9732		119.579		67.7999		51.536		0.0282344		621.263		57.314		40.3408		62.2651
711		139.443		16.9627		118.852		67.3547		51.2477		0.000238165		842.163		56.7142		39.7515		62.1383
712		141.487		17.3768		120.61		68.5221		51.851		0.268472		465.865		57.886		40.5092		62.7239
713		139.838		16.9343		119.281		67.5677		51.4222		1.00078e-05		798.474		56.9064		39.9721		62.3742
714		140.486		17.1958		119.688		67.9698		51.5296		0.610342		876.273		57.3532		40.1574		62.3352
715		140.802		17.0864		120.088		67.9482		51.6948		0.00160454		1049.2		57.3275		40.2411		62.7609
716		140.037		17.1123		119.4		67.6909		51.3659		0.000313335		960.853		57.0505		39.9382		62.3496
717		140.989		17.1313		120.297		68.1551		51.7941		0.000117958		883.5		57.4869		40.3557		62.8105
718		140.146		17.0236		119.431		67.7692		51.5075		0.000593516		992.363		57.2097		40.1861		62.2211
719		139.586		16.9935		119.193		67.4754		51.2143		0.000708816		600.239		56.9069		39.9133		62.2856
720		140.904		17.2265		120.192		68.2098		51.7022		0.595589		861.511		57.5836		40.3572		62.6081
721		141.571		17.396		120.818		68.5083		51.8995		0.610105		1040.55		57.8526		40.4565		62.9655
722		140.855		17.1657		120.155		68.1152		51.6825		0.00919414		449.246		57.521		40.3553		62.6335
723		140.833		17.1786		120.106		68.012		51.6253		0.00499476		711.852		57.4553		40.2766		62.6507
724		139.893		16.9569		119.321		67.6238		51.465		2.19595e-06		1001.81		57.0504		40.0936		62.2705
725		141.094		17.3542		120.566		68.3794		51.7599		0.910122		823.549		57.647		40.2928		62.9189
726		140.879		17.1087		120.117		68.0067		51.7266		0.000624099		495.834		57.2393		40.1305		62.8778
727		140.514		17.068		119.886		67.9255		51.6326		3.74965e-08		501.955		57.2077		40.1396		62.6786
728		140.732		17.0517		119.845		67.9896		51.7549		1.72974e-07		1087.87		57.3682		40.3165		62.4769
729		140.647		17.2623		120.056		68.1842		51.6224		0.504305		798.881		57.634		40.3718		62.4216
730		141.081		17.322		120.405		68.3367		51.7374		0.00626868		668.618		57.7696		40.4476		62.6357
731		142.154		17.4978		121.254		68.8343		52.0584		0.666663		965.826		58.1607		40.6629		63.0932
732		140.093		17.0382		119.559		67.7431		51.4613		0.000956453		491.518		57.1059		40.0677		62.4534
733		140.586		17.0838		119.88		67.9548		51.5883		2.56473e-05		616.704		57.4179		40.3341		62.4619
734		140.245		17.0719		119.744		67.8751		51.5647		0.00108105		603.918		57.2899		40.2179		62.4538
735		142.312		17.3609		121.578		68.9331		52.168		1.43929		906.267		58.3219		40.9611		63.2565
736		141.865		17.2634		121.089		68.5699		52.0341		1.47854		833.142		57.888		40.6246		63.201
737		140.328		17.1372		119.92		68.0044		51.5388		0.076956		927.344		57.4198		40.2826		62.5001
738		140.987		17.2959		120.315		68.2694		51.7109		0.552881		718.149		57.6641		40.3682		62.651
739		140.294		17.1963		119.682		67.9885		51.4866		1.06133e-05		709.839		57.5251		40.3288		62.1573
740		141.739		17.2805		120.987		68.5567		51.9275		0.733296		898.901		57.9302		40.6497		63.057
741		141.489		17.1937		120.856		68.3707		51.9062		0.000305364		871.476		57.7075		40.5138		63.1481
742		139.675		16.9486		119.137		67.4376		51.33		4.13088e-05		1035.69		56.9092		39.9606		62.2275
743		140.372		17.2785		119.695		67.9868		51.4292		0.294531		648.348		57.5276		40.2491		62.1676
744		140.154		17.1146		119.597		67.7857		51.3639		2.0208e-06		489.641		57.1876		40.0729		62.4094
745		141.447		17.2361		120.772		68.4081		51.9311		0.508122		690.565		57.65		40.4138		63.1217
746		141.005		17.259		120.307		68.2949		51.743		0.422595		742.211		57.7181		40.4591		62.589
747		141.341		17.3731		120.666		68.4282		51.7711		0.574187		939.493		57.8179		40.4448		62.8476
748		140.508		17.1023		119.756		67.8763		51.6006		0.000544357		600.302		57.1381		40.0358		62.6182
749		140.189		16.9564		119.564		67.6751		51.435		0.000276499		603.345		57.0259		40.0695		62.5379
750		140.916		17.1325		120.301		68.1447		51.749		0.000895804		588.732		57.4753		40.3428		62.8255
751		139.682		16.9003		119.311		67.4804		51.3565		0.000224943		993.588		56.8638		39.9635		62.4474
752		140.457		17.2006		120.009		68.0978		51.5734		0.451419		590.863		57.4767		40.2761		62.5318
753		141.036		17.2653		120.385		68.2603		51.682		0.555576		813.91		57.7043		40.439		62.6806
754		140.814		17.2149		120.013		68.1861		51.6359		0.269902		856.883		57.6027		40.3878		62.4101
755		140.472		17.1617		119.909		68.0208		51.5487		0.543054		807.123		57.4524		40.2907		62.4563
756		141.733		17.2601		121.019		68.6018		51.982		1.3992		842.595		58.0552		40.7951		62.964
757		141.606		17.2863		120.902		68.419		51.9179		0.28873		531.543		57.72		40.4337		63.1818
758		141.121		17.2251		120.51		68.309		51.8208		0.330222		437.428		57.7128		40.4877		62.7968
759		140.395		17.1014		119.774		67.9146		51.5016		0.00082025		446.211		57.2974		40.196		62.4763
760		139.78		16.9752		119.257		67.6084		51.3527		0.000632708		768.907		57.0258		40.0506		62.2312
761		142.034		17.3846		121.273		68.735		52.058		0.737391		1036.02		58.1028		40.7183		63.1701
762		140.96		17.3517		120.173		68.2777		51.6647		0.0119434		552.092		57.7235		40.3718		62.45
763		140.294		17.1054		119.904		67.9282		51.5552		2.34887e-05		818.381		57.3167		40.2113		62.5871
764		139.276		17.0093		118.702		67.3022		51.1291		4.81026e-05		556.079		56.7915		39.7822		61.9104
765		139.874		17.0749		119.589		67.6937		51.2563		0.11218		846.902		57.2		40.1251		62.3887
766		140.094		17.066		119.517		67.6914		51.462		2.59932e-06		1036.86		57.0854		40.0193		62.4317
767		140.505		17.3275		119.848		68.0744		51.5491		0.318019		745.71		57.5213		40.1939		62.3268
768		141.762		17.2932		121.123		68.5867		52.0091		0.180518		534.935		57.9538		40.6606		63.1688
769		140.438		17.3097		120.03		68.1483		51.5308		0.760708		933.393		57.6259		40.3163		62.4045
770		140.507		17.2188		120.103		68.1785		51.6105		0.156288		530.626		57.6736		40.4548		62.4295
771		140.442		17.1612		119.985		68.0425		51.5644		0.776687		865.993		57.5666		40.4055		62.4186
772		141.142		17.3494		120.421		68.3109		51.7949		0.725664		1029.41		57.7217		40.3723		62.6992
773		141.052		17.2176		120.45		68.3218		51.8574		0.00968744		625.5		57.7522		40.5346		62.6974
774		138.984		16.857		118.572		67.1516		51.0722		1.31572e-05		896.696		56.6209		39.7638		61.9509
775		140.689		17.2057		120.009		67.9988		51.5964		0.000147441		999.449		57.4403		40.2345		62.5691
776		140.789		17.2576		120.222		68.1637		51.6917		0.425759		787.517		57.5315		40.2738		62.6902
777		141.519		17.2197		120.742		68.4109		51.938		0.524987		949.209		57.7917		40.5719		62.9504
778		141.466		17.3123		120.593		68.5092		51.9466		0.938116		1076.26		57.8992		40.587		62.694
779		140.763		17.2086		120.004		68.0252		51.6887		0.00261951		663.692		57.3568		40.1483		62.6469
780		140.491		17.1491		119.913		68.0201		51.5759		0.000141009		430.143		57.4189		40.2698		62.494
781		140.723		17.1943		120.146		68.0385		51.6617		0.00155087		760.604		57.3759		40.1816		62.7703
782		141.642		17.3291		121.143		68.6826		52.0341		1.34648		880.839		58.0154		40.6864		63.1275
783		141.425		17.3365		120.618		68.4056		51.8418		0.0131076		1046.88		57.8276		40.4911		62.7906
784		139.564		16.9476		118.911		67.4111		51.2831		0.000175239		1080.49		56.8113		39.8637		62.1
785		139.408		17.0494		119.011		67.4817		51.199		0.00252088		855.806		56.8606		39.8112		62.1503
786		140.302		17.1298		119.74		67.848		51.4794		0.000115753		759.337		57.3009		40.1711		62.4393
787		140.525		17.1542		119.913		68.0069		51.4945		1.04467		881.522		57.5185		40.3642		62.3947
788		140.27		17.0984		119.664		67.8147		51.4505		0.00347136		494.206		57.2132		40.1148		62.4504
789		140.509		17.061		119.917		67.9272		51.6109		7.44139e-05		778.186		57.3957		40.3347		62.5215
790		139.224		17.0133		118.65		67.3166		51.1038		0.00609966		628.543		56.7856		39.7723		61.8641
791		140.378		17.1527		119.885		67.9693		51.5785		0.00466168		443.445		57.2957		40.143		62.5892
792		140.315		17.1854		119.672		67.9189		51.4667		0.0854778		776.601		57.3824		40.197		62.2893
793		141.087		17.1869		120.407		68.1843		51.7076		7.19713e-05		835.498		57.6242		40.4374		62.7832
794		139.579		17.003		119.218		67.5564		51.3305		8.02807e-05		1021.79		57.0473		40.0442		62.1712
795		140.434		17.1522		119.835		67.9565		51.4954		0.00617828		866.871		57.4472		40.295		62.3878
797		140.182		17.268		119.794		68.0082		51.4726		0.110009		707.323		57.5437		40.2757		62.2506
798		141.082		17.3247		120.563		68.3476		51.7597		0.000426883		665.821		57.8154		40.4908		62.7472
799		140.691		17.1486		120.143		68.1143		51.6769		0.000181681		510.515		57.4383		40.2897		62.7044
800		140.229		17.1307		119.56		67.8417		51.4623		0.000829866		419.841		57.2311		40.1004		62.3285
801		139.467		16.8821		118.949		67.3256		51.2358		0.000480655		934.874		56.6583		39.7762		62.2911
802		140.664		17.113		120.047		68.0156		51.7071		6.41406e-05		985.446		57.3305		40.2175		62.7165
803		140.379		17.1594		119.691		67.8804		51.4727		0.309059		564.238		57.3033		40.1439		62.3878
804		141.43		17.2641		120.57		68.3957		51.9091		0.06783		880.841		57.7417		40.4776		62.8288
805		139.805		17.1125		119.229		67.6028		51.2314		0.000679069		515.036		57.0116		39.8991		62.2172
806		141.061		17.1965		120.361		68.2029		51.7366		0.000578209		595.714		57.5323		40.3358		62.8287
807		139.563		17.0021		119.09		67.53		51.2632		8.71932e-05		940.077		56.9586		39.9565		62.1312
808		140.638		17.2146		119.971		68.1114		51.574		1.57135e-05		538.274		57.5372		40.3226		62.4343
809		141.619		17.2784		120.872		68.461		51.944		0.714763		1039.66		57.7993		40.5209		63.0729
810		140.669		17.1198		119.999		67.985		51.5949		0.256688		549.581		57.4695		40.3497		62.5297
811		141.584		17.3768		120.668		68.5565		51.9562		0.126266		704.531		57.9		40.5233		62.7683
812		140.303		17.1841		119.504		67.911		51.4275		5.22208e-06		831.553		57.3697		40.1857		62.1346
813		140.782		17.1351		120.084		68.0599		51.74		0.000233212		631.167		57.4297		40.2946		62.6542
814		139.94		17.0132		119.378		67.6041		51.3631		0.00121667		901.504		56.9187		39.9055		62.4591
815		140.711		17.2737		120.444		68.2263		51.676		0.865386		1150.84		57.639		40.3653		62.8047
816		140.106		17.1787		119.37		67.8517		51.353		0.000633958		525.365		57.3881		40.2094		61.9819
817		141.637		17.3341		120.78		68.5339		51.9873		0.974488		1072.31		57.8376		40.5035		62.9421
818		140.11		17.1163		119.515		67.7086		51.3763		0.00151428		692.552		57.1209		40.0046		62.3944
819		141.167		17.2624		120.341		68.2394		51.7722		0.000263355		763.793		57.5024		40.24		62.8385
820		140.938		17.2473		120.214		68.1882		51.6708		0.449061		934.376		57.6194		40.3722		62.5942
821		139.46		17.0966		118.97		67.5654		51.2282		0.0018596		948.955		57.094		39.9974		61.8758
822		139.683		16.978		118.95		67.4934		51.3408		0.000394117		965.486		56.9023		39.9244		62.0479
823		141.685		17.3383		120.859		68.5488		51.9138		0.977588		1027.42		58.0301		40.6918		62.8288
824		141.604		17.293		120.707		68.5517		51.9489		0.627167		886.841		57.9484		40.6554		62.7586
825		140.417		17.1608		119.784		67.9232		51.5362		0.162038		539.465		57.3958		40.235		62.3877
826		139.733		17.0153		119.232		67.5275		51.2904		0.000159347		935.473		56.9552		39.9399		62.2765
827		138.967		16.7909		118.341		67.0493		50.9991		6.85239e-06		842.672		56.486		39.6951		61.8551
828		140.636		17.0493		119.873		67.8761		51.6258		0.00172249		644.752		57.2834		40.234		62.5901
829		139.594		17.0326		119.073		67.5377		51.3069		3.66935e-05		575.771		56.9121		39.8796		62.1613
830		140.543		17.1402		119.989		68.0667		51.6199		0.00581099		692.859		57.5562		40.4159		62.4332
831		139.8		17.0818		119.321		67.623		51.3299		0.00078046		462.029		57.0468		39.965		62.2746
832		140.654		17.0467		119.918		67.8534		51.6671		2.16884e-06		1050.93		57.1991		40.1524		62.7192
833		141.015		17.1872		120.35		68.2027		51.8366		0.0110053		928.636		57.4948		40.3077		62.855
834		141.164		17.2882		120.505		68.3306		51.813		0.268811		525.619		57.6304		40.3422		62.875
835		141.308		17.1108		120.513		68.2792		51.8748		1.84709e-05		849.121		57.5939		40.4831		62.9193
836		141.685		17.5189		120.98		68.7591		51.9213		1.03499		887.661		58.222		40.7031		62.7577
837		139.922		17.1454		119.456		67.7354		51.3732		0.000195751		481.476		57.1777		40.0323		62.2785
838		141.042		17.337		120.348		68.2164		51.5962		1.45414		929.553		57.6827		40.3457		62.6651
839		140.307		17.174		119.72		67.8891		51.4592		0.38521		749.885		57.2811		40.1071		62.4391
840		139.664		17.002		119.173		67.5794		51.2715		0.00283121		617.137		57.0614		40.0594		62.1112
841		140.37		17.1697		119.854		67.9564		51.4912		0.816519		1028.97		57.467		40.2972		62.3871
842		141.133		17.0876		120.335		68.1119		51.8115		8.98094e-07		609.568		57.3717		40.2841		62.9631
843		139.844		16.9253		119.37		67.6443		51.3776		0.0024414		439.021		57.0725		40.1471		62.2975
844		140.103		17.0556		119.659		67.8531		51.5135		0.000122753		753.428		57.272		40.2164		62.3874
845		140.334		17.055		119.807		67.8385		51.5459		0.000357112		941.616		57.2187		40.1637		62.5885
846		140.093		16.9921		119.564		67.7175		51.5125		1.38769e-06		459.303		57.0623		40.0702		62.5019
847		140.562		17.1396		120.098		68.1086		51.6444		0.00820461		780.997		57.4682		40.3286		62.6296
848		140.749		17.1777		120.089		68.0731		51.6563		5.10222e-05		542.692		57.5238		40.3461		62.5648
849		140.021		17.1079		119.474		67.7244		51.321		6.29431e-05		1014.77		57.257		40.1491		62.2172
850		141.998		17.4076		121.15		68.7153		51.9986		0.187691		619.656		58.0959		40.6883		63.054
851		139.963		17.0793		119.395		67.6634		51.3348		0.000886936		1047.05		57.2073		40.128		62.1873
852		140.995		17.1679		120.094		68.0335		51.7459		9.42559e-08		1102.6		57.3019		40.1341		62.7923
853		140.572		17.0905		120.023		68.0101		51.6406		0.0008448		581.167		57.329		40.2385		62.6935
854		139.606		17.042		118.964		67.4898		51.2196		0.000237123		588.125		56.946		39.9041		62.0179
855		139.868		17.0627		119.373		67.6633		51.3424		0.00148932		702.731		57.1107		40.048		62.262
856		140.754		17.1046		120.16		68.0593		51.7033		0.00175182		472.921		57.2968		40.1922		62.8633
857		140.594		17.1182		120.056		68.0399		51.6031		0.00025468		615.29		57.495		40.3768		62.5605
858		140.329		17.1164		119.681		67.879		51.5058		5.19932e-05		466.612		57.2949		40.1784		62.3859
859		140.874		17.175		120.265		68.204		51.7509		0.0359001		795.566		57.6276		40.4525		62.6371
860		140.569		17.1104		119.852		67.9612		51.5453		0.00400008		670.22		57.4041		40.2937		62.448
861		139.431		17.0006		118.888		67.4471		51.2146		6.23839e-05		894.242		56.9477		39.9472		61.9405
862		140.685		17.1795		119.948		68.0169		51.5772		0.000500067		821.229		57.4672		40.2877		62.4803
863		140.715		17.2012		120.229		68.1522		51.6733		0.105115		812.105		57.5022		40.301		62.7273
864		141.194		17.2981		120.551		68.3018		51.7044		1.92973e-05		590.394		57.6966		40.3986		62.8547
865		139.678		16.9424		119.114		67.4626		51.3078		4.81959e-05		853.755		56.8933		39.9509		62.2205
866		141.305		17.3573		120.612		68.3851		51.743		0.391951		806.923		57.7819		40.4246		62.8304
867		139.516		17.0169		119.045		67.4386		51.2148		2.00745e-05		924.992		56.7954		39.7785		62.2494
868		139.612		17.0702		119.183		67.6049		51.2975		0.128854		725.55		57.1099		40.0397		62.0735
869		141.192		17.1595		120.486		68.2331		51.7375		0.888946		910.939		57.5668		40.4073		62.9197
870		140.069		17.042		119.589		67.7531		51.4903		0.000610581		706.658		57.102		40.0601		62.4873
871		141.026		17.1713		120.31		68.1575		51.7699		0.242703		537.055		57.5384		40.3671		62.7717
872		140.822		17.2519		120.166		68.1719		51.6252		1.33037		807.848		57.5505		40.2986		62.6157
873		140.317		17.1231		119.754		67.8029		51.4475		0.00187129		1016.12		57.2564		40.1332		62.4981
874		139.94		17.0035		119.381		67.6537		51.3899		7.04728e-05		801.443		57.1118		40.1082		62.2696
875		140.282		17.0525		119.754		67.8542		51.5024		0.54468		808.387		57.3141		40.2616		62.4404
876		140.297		17.1274		119.711		67.8989		51.5098		0.000523005		681.867		57.3218		40.1945		62.3895
877		141.023		17.3008		120.444		68.3393		51.7682		0.00172489		437.809		57.6829		40.3821		62.7611
878		140.184		17.0793		119.722		67.8873		51.5681		0.000413603		535.631		57.3003		40.2209		62.4213
879		140.296		17.2424		119.954		67.9933		51.4943		0.0454516		971.794		57.4658		40.2233		62.488
880		140.859		17.2107		120.383		68.248		51.7498		0.4873		936.554		57.6289		40.4183		62.754
881		140.475		17.0483		119.738		67.8925		51.4974		0.424537		775.062		57.3955		40.3473		62.3428
882		140.056		17.1372		119.453		67.7497		51.4163		0.64154		1004.13		57.1913		40.0541		62.2614
883		140.034		17.0457		119.52		67.7403		51.3747		0.432002		856.249		57.2627		40.217		62.257
884		139.775		17.017		119.297		67.6309		51.3796		0.000218741		682.222		57.0809		40.0638		62.2163
885		139.196		16.9449		118.916		67.307		51.1731		0.00211569		768.488		56.6973		39.7524		62.2184
886		141.339		17.3668		120.618		68.4322		51.8159		0.246812		549.46		57.8641		40.4973		62.754
887		140.774		17.2694		120.074		68.1326		51.5862		0.589793		925.757		57.5302		40.2608		62.5438
888		140.103		17.1424		119.538		67.8077		51.3826		0.403748		568.968		57.1973		40.0549		62.3403
889		140.802		17.1936		120.118		68.122		51.7213		0.000436101		581.341		57.4824		40.2889		62.6357
890		142.112		17.4794		121.365		68.888		52.0848		1.38084		917.141		58.2602		40.7807		63.105
891		140.95		17.2774		120.233		68.2032		51.7403		0.000449018		529.595		57.5342		40.2568		62.6989
892		141.094		17.1502		120.296		68.2874		51.7616		0.00114559		899.372		57.7226		40.5724		62.5733
893		140.156		17.0854		119.703		67.8448		51.4702		8.46558e-05		729.99		57.2762		40.1908		62.4271
894		139.483		17.0106		119.104		67.5064		51.2837		0.000243955		673.83		56.8725		39.862		62.2313
895		140.781		17.0031		120.076		67.9007		51.7028		3.73455e-05		1025.42		57.2702		40.2671		62.8057
896		141.61		17.3305		120.737		68.5367		51.9499		0.599177		868.683		57.8847		40.5542		62.852
897		140.319		17.1192		120.007		68.0337		51.5291		0.0415873		805.061		57.4743		40.3551		62.5325
898		139.394		17.0062		119.022		67.4492		51.2231		0.000330779		672.013		56.8523		39.8461		62.1699
899		141.765		17.4033		120.915		68.7068		51.9469		1.89396		738.062		58.1328		40.7294		62.7819
900		139.536		17.0195		119.019		67.4257		51.1604		0.00272311		498.264		56.8389		39.8193		62.1806
901		139.74		17.1851		119.35		67.7095		51.2491		0.00191317		825.918		57.2158		40.0306		62.1344
902		140.518		17.1902		119.896		68.0757		51.5737		8.15857e-05		838.914		57.5993		40.4091		62.2972
903		140.52		17.151		120.01		68.0036		51.6346		0.566506		952.165		57.3778		40.2268		62.6323
904		140.857		17.171		120.145		68.1952		51.7147		0.00389732		872.398		57.5809		40.4098		62.5643
905		140.864		17.1238		120.162		68.1315		51.6732		0.00139431		446.424		57.6061		40.4824		62.5557
906		141.401		17.2874		120.728		68.4867		51.9322		0.178758		572.136		57.7928		40.5053		62.935
907		141.449		17.3399		120.719		68.4933		51.8298		0.767196		908.51		57.963		40.6231		62.7556
908		139.875		16.9802		119.356		67.6382		51.4867		0.00288373		561.371		56.9369		39.9568		62.4194
909		141.826		17.4273		121.104		68.726		52.0495		0.433257		812.065		58.0694		40.6421		63.0341
910		141.248		17.2527		120.602		68.3997		51.8273		0.00280894		814.554		57.7252		40.4724		62.8766
911		140.657		17.2176		120.069		68.0883		51.6106		0.00220565		517.297		57.4721		40.2545		62.5971
912		139.95		17.0507		119.376		67.7156		51.3164		0.447411		867.481		57.2479		40.1973		62.1285
913		139.766		17.1015		119.211		67.6591		51.3362		0.0164409		949.101		57.0847		39.9832		62.1265
914		139.388		17.0056		118.958		67.5179		51.2187		0.0186188		833.39		57.0538		40.0482		61.9041
915		140.444		17.0843		119.907		67.9636		51.6194		4.9389e-05		518.432		57.3998		40.3155		62.5072
916		140.269		17.1729		119.61		67.8277		51.4261		0.00437639		507.659		57.2125		40.0397		62.3979
917		140.634		17.0819		120.007		67.9575		51.6259		0.000398199		705.198		57.3796		40.2977		62.6278
918		141.809		17.4215		121.111		68.6743		51.9759		0.424362		723.21		57.9598		40.5384		63.1511
919		140.579		17.1446		120.03		68.039		51.6376		0.00309411		781.671		57.3408		40.1963		62.689
920		140.163		16.9979		119.711		67.7333		51.5108		0.000418831		752.06		57.0783		40.0804		62.6326
921		140.356		17.0568		119.688		67.8193		51.5529		0.00203942		698.714		57.2134		40.1566		62.4748
922		141.412		17.2694		120.547		68.4203		51.8913		0.0494746		808.981		57.7772		40.5079		62.7697
923		140.482		17.1322		119.837		67.9513		51.559		0.119593		748.455		57.3737		40.2415		62.4634
924		140.649		17.2352		120.067		68.2295		51.6109		0.934441		923.978		57.7182		40.4831		62.3483
925		140.064		17.0579		119.433		67.7615		51.4201		1.83436e-05		507.758		57.2175		40.1596		62.2154
926		142.701		17.5247		121.878		69.0951		52.2259		1.4714		939.568		58.4825		40.9578		63.3956
927		140.572		17.1403		119.878		67.9594		51.5752		9.34082e-05		560.428		57.4405		40.3002		62.4379
928		139.714		16.9906		119.334		67.6544		51.4137		0.000369859		928.202		57.068		40.0774		62.2663
929		141.668		17.2365		120.765		68.3997		51.9455		9.13306e-05		904.26		57.6173		40.3808		63.148
930		141.43		17.3621		120.727		68.582		51.8938		0.480298		723.203		58.0293		40.6673		62.6972
931		140.242		17.0913		119.554		67.7484		51.4754		0.000415189		833.862		57.1494		40.0582		62.4043
932		140.022		17.1434		119.696		67.8245		51.3919		0.0972205		579.557		57.2794		40.136		62.4163
933		142.251		17.3957		121.367		68.8302		52.1627		0.744831		1045.45		58.2346		40.8388		63.1326
934		140.087		17.047		119.597		67.7462		51.4382		0.0037525		452.06		57.1815		40.1345		62.4152
935		141.971		17.3593		121.153		68.7337		52.1101		0.980675		986.839		58.0553		40.696		63.0974
936		141.406		17.2106		120.778		68.4313		51.9229		0.454512		745.564		57.7281		40.5175		63.0495
937		140.625		17.2339		120.061		68.0651		51.656		0.00708407		698.63		57.3863		40.1523		62.6744
938		141.521		17.278		120.772		68.5009		51.9024		0.44001		839.623		57.8418		40.5638		62.9305
939		140.811		17.1717		120.063		68.1554		51.7277		0.00116122		679.257		57.5584		40.3867		62.5048
940		141.215		17.183		120.375		68.216		51.8474		0.000626779		611.875		57.5063		40.3232		62.8685
941		139.933		17.1064		119.445		67.6965		51.4132		0.00115361		451.503		57.061		39.9546		62.3837
942		141.629		17.3398		120.99		68.4741		51.8763		0.158883		618.272		57.7725		40.4327		63.2178
943		140.313		17.2043		119.819		68.0469		51.5046		0.0562216		783.607		57.4917		40.2874		62.3273
944		140.43		17.0884		119.952		67.9188		51.4967		0.000725112		687.762		57.4253		40.3369		62.5266
945		139.789		17.0532		119.17		67.6033		51.3265		0.205329		658.47		57.0835		40.0304		62.0861
946		141.582		17.4195		120.872		68.6318		51.8606		1.86136		800.975		58.0107		40.5912		62.8613
947		140.278		17.1508		119.731		67.8666		51.4733		0.00348677		857.568		57.3116		40.1608		62.4197
948		140.225		17.1738		119.645		67.8348		51.4239		0.194312		570.008		57.2989		40.1251		62.3459
949		140.082		17.1326		119.634		67.8127		51.3973		0.413003		844.463		57.2762		40.1436		62.3579
950		140.489		17.0131		119.799		67.7799		51.5901		0.000163262		1046.15		57.1784		40.1654		62.6209
951		139.659		17.052		119.11		67.5534		51.29		0.003476		607.639		57.0351		39.983		62.0753
952		141.041		17.2372		120.356		68.3352		51.8236		0.219247		583.065		57.7266		40.4894		62.6296
953		140.631		17.2381		119.945		68.0723		51.5943		0.172895		554.377		57.5312		40.2931		62.414
954		140.013		17.0969		119.447		67.7438		51.3899		2.45439e-07		682.031		57.1576		40.0607		62.2893
955		141.221		17.283		120.631		68.3497		51.7817		0.94725		885.96		57.7082		40.4251		62.9226
956		141.019		17.1786		120.231		68.2188		51.7213		0.10627		505.736		57.5716		40.393		62.659
957		139.711		16.8982		119.055		67.4636		51.3428		0.000730192		892.878		56.8937		39.9955		62.1609
958		140.8		17.1789		120.001		68.0401		51.6562		0.0027697		775.699		57.4133		40.2344		62.5877
959		140.291		17.1989		119.83		67.9459		51.4789		0.00428343		739.827		57.292		40.0931		62.5376
960		142.285		17.4831		121.452		68.9186		52.1222		1.84642		745.552		58.2317		40.7486		63.2206
961		140.821		17.1011		120.103		68.0638		51.6928		0.687748		1021.44		57.4852		40.3841		62.6181
962		139.624		16.936		119.177		67.5898		51.353		0.00075616		539.526		57.021		40.085		62.1563
963		140.307		17.1526		119.87		67.9073		51.5092		0.00296097		559.201		57.2854		40.1327		62.5843
964		139.842		17.1022		119.354		67.7105		51.4		0.00104181		646.459		57.1138		40.0116		62.2399
965		142.35		17.4031		121.624		68.9335		52.1927		0.774165		962.048		58.2242		40.8211		63.3994
966		139.995		17.0565		119.392		67.7274		51.5459		0.000276596		990.432		57.0526		39.9961		62.3391
967		140.694		17.2912		120.109		68.1231		51.5527		0.963391		943.472		57.5601		40.2689		62.5485
968		141.068		17.2834		120.531		68.3963		51.8248		0.261072		478.688		57.7642		40.4808		62.7672
969		141.503		17.3236		120.863		68.4928		51.9183		0.000381452		515.716		57.7871		40.4635		63.0757
970		140.817		17.2218		120.104		68.1144		51.6931		0.582779		855.004		57.5027		40.2808		62.6014
971		141.413		17.3127		120.777		68.4392		51.9342		3.52425e-05		922.73		57.7295		40.4168		63.0478
972		141.027		17.2268		120.317		68.2764		51.73		0.750268		828.714		57.5947		40.3679		62.7227
973		139.888		17.1194		119.328		67.7107		51.3149		0.392377		756.833		57.1841		40.0647		62.144
974		141.206		17.1857		120.346		68.272		51.8738		0.00531125		770.87		57.5759		40.3902		62.77
975		140.119		16.9237		119.517		67.5613		51.448		0.000118169		1038.83		56.974		40.0502		62.5427
976		140.565		17.1565		120.085		68.0219		51.541		0.181119		492.576		57.4333		40.2768		62.6519
977		141.198		17.3795		120.554		68.4724		51.6919		1.87081		822.798		58.0017		40.6222		62.5523
978		139.69		17.066		119.066		67.5827		51.2533		0.00799621		865.36		57.0476		39.9817		62.0181
979		141.166		17.3549		120.423		68.3483		51.6803		1.89047		823.916		57.8078		40.453		62.6154
980		141.19		17.1865		120.567		68.3829		51.8579		0.219713		506.475		57.7942		40.6077		62.7724
981		141.322		17.2623		120.776		68.4628		51.9066		0.295335		421.287		57.7419		40.4796		63.0345
982		139.642		16.9315		119.134		67.4273		51.3013		4.59109e-05		1027.03		56.903		39.9715		62.231
983		139.685		17.0332		119.232		67.5012		51.227		2.0282e-05		697.663		56.9174		39.8842		62.3148
984		139.488		16.8826		118.924		67.394		51.3072		0.00100685		676.233		56.8012		39.9186		62.1225
985		140.83		17.1555		120.137		68.1847		51.6621		0.602477		967.186		57.7082		40.5527		62.4288
986		139.102		16.9151		118.645		67.1427		51.0367		8.99777e-06		1043.17		56.6154		39.7003		62.0297
987		140.925		17.2138		120.063		68.2031		51.7262		0.000268396		586.434		57.5535		40.3397		62.5093
988		139.287		16.9343		118.756		67.2231		51.1113		0.000431627		885.203		56.5845		39.6502		62.1716
989		141.852		17.5655		121.262		68.8447		51.9048		1.88263		769.71		58.3434		40.7779		62.9187
990		140.487		17.1582		120.048		68.0322		51.5479		0.0750273		679.419		57.4982		40.3399		62.55
991		140.546		17.0767		119.88		67.9504		51.5857		5.25183e-07		874.521		57.3792		40.3025		62.5006
992		139.914		17.0358		119.393		67.6999		51.3169		0.526237		735.547		57.1401		40.1043		62.2528
993		140.973		17.1887		120.312		68.2506		51.7628		0.333495		543.398		57.635		40.4463		62.677
994		139.516		16.9119		118.908		67.3568		51.2878		0.000121173		938.386		56.7184		39.8065		62.1896
995		141.128		17.1682		120.351		68.1679		51.811		0.0139047		648.787		57.4232		40.255		62.9279
996		139.604		16.9884		119.128		67.4604		51.2619		2.64422e-05		820.241		56.907		39.9186		62.2209
997		140.841		17.2172		120.198		68.2256		51.6663		0.325519		538.663		57.6995		40.4824		62.4982
998		139.76		16.9492		119.223		67.5589		51.3497		7.51934e-05		558.915		56.9067		39.9575		62.3165
999		140.1		17.1299		119.702		67.8456		51.3958		0.397668		743.629		57.2477		40.1178		62.4543
1000		141.174		17.3234		120.473		68.3834		51.811		0.331955		500.792		57.7214		40.398		62.7516
