1		227500000
2		326300000
3		115400000
4		53790000
5		29430000
6		17860000
7		11650000
8		8048000
9		5785000
10		4306000
11		3291000
12		19440000
13		15830000
14		13060000
15		10900000
16		9178000
17		7794000
18		6671000
19		5753000
20		4996000
21		4367000
22		3839000
23		3394000
24		3015000
25		2690000
26		2411000
27		2168000
28		1957000
29		1772000
30		1610000
31		1467000
32		1340000
33		1227000
34		1126000
35		1036000
36		955500
37		882900
38		817400
39		758200
40		704500
41		655700
42		611400
43		570900
44		533800
45		499900
46		468800
47		440100
48		413800
49		389500
50		367000
51		346200
52		326900
53		309100
54		292500
55		277000
56		262600
57		249200
58		236700
59		225000
60		214000
61		203700
62		194100
63		185100
64		176600
65		168600
66		161100
67		154100
68		147400
69		141100
70		135200
71		129600
72		124300
73		119200
74		114500
75		110000
76		105700
77		101600
78		97770
79		94100
80		90610
81		87290
82		84130
83		81120
84		78250
85		75510
86		72890
87		70400
88		68020
89		65740
90		63560
91		61480
92		59480
93		57570
94		55740
95		53990
96		52310
97		50700
98		49150
99		47670
100		46240
101		44870
102		43550
103		42290
104		41070
105		39900
106		38770
107		37680
108		36640
109		35630
110		34660
111		33720
112		32820
113		31950
114		31110
115		30300
116		29510
117		28760
118		28030
119		27320
120		26640
121		25970
122		25340
123		24720
124		24120
125		23540
126		22980
127		22430
128		21910
129		21400
130		20900
131		20420
132		19960
133		19510
134		19070
135		18650
136		18240
137		17840
138		17450
139		17070
140		16710
141		16350
142		16000
143		15670
144		15340
145		15020
146		14710
147		14410
148		14120
149		13840
150		13560
151		13290
152		13030
153		12770
154		12520
155		12280
156		12040
157		11810
158		11590
159		11370
160		11160
161		10950
162		10750
163		10550
164		10360
165		10170
166		9986
167		9807
168		9632
169		9461
170		9294
171		9132
172		8973
173		8818
174		8666
175		8518
176		8373
177		8231
178		8093
179		7958
180		7826
181		7697
182		7570
183		7447
184		7326
185		7207
186		7092
187		6979
188		6868
189		6759
190		6653
191		6549
192		6448
193		6348
194		6251
195		6155
196		6062
197		5970
198		5880
199		5792
200		5706
201		5622
202		5539
203		5458
204		5378
205		5300
206		5224
207		5149
208		5075
209		5003
210		4933
211		4863
212		4795
213		4728
214		4663
215		4599
216		4536
217		4474
218		4413
219		4353
220		4295
221		4237
222		4181
223		4126
224		4071
225		4018
226		3965
227		3914
228		3863
229		3813
230		3764
231		3716
232		3669
233		3623
234		3577
235		3532
236		3488
237		3445
238		3403
239		3361
240		3320
241		3279
242		3239
243		3200
244		3162
245		3124
246		3087
247		3050
248		3014
249		2979
250		2944
251		2909
252		2876
253		2843
254		2810
255		2778
256		2746
257		2715
258		2684
259		2654
260		2624
261		2595
262		2566
263		2538
264		2510
265		2482
266		2455
267		2428
268		2402
269		2376
270		2350
271		2325
272		2301
273		2276
274		2252
275		2228
276		2205
277		2182
278		2159
279		2137
280		2115
281		2093
282		2072
283		2050
284		2030
285		2009
286		1989
287		1969
288		1949
289		1930
290		1911
291		1892
292		1873
293		1855
294		1837
295		1819
296		1801
297		1784
298		1767
299		1750
300		1733
301		1717
302		1700
303		1684
304		1668
305		1653
306		1637
307		1622
308		1607
309		1592
310		1578
311		1563
312		1549
313		1535
314		1521
315		1507
316		1494
317		1480
318		1467
319		1454
320		1441
321		1428
322		1416
323		1403
324		1391
325		1379
326		1367
327		1355
328		1343
329		1332
330		1321
331		1309
332		1298
333		1287
334		1276
335		1266
336		1255
337		1245
338		1234
339		1224
340		1214
341		1204
342		1194
343		1184
344		1175
345		1165
346		1156
347		1146
348		1137
349		1128
350		1119
351		1110
352		1101
353		1092
354		1084
355		1075
356		1067
357		1059
358		1050
359		1042
360		1034
361		1026
362		1018
363		1010
364		1003
365		995.2
366		987.6
367		980.2
368		972.8
369		965.5
370		958.2
371		951.1
372		944
373		937
374		930.1
375		923.3
376		916.5
377		909.8
378		903.1
379		896.6
380		890.1
381		883.6
382		877.3
383		871
384		864.7
385		858.6
386		852.4
387		846.4
388		840.4
389		834.5
390		828.6
391		822.8
392		817.1
393		811.4
394		805.7
395		800.2
396		794.6
397		789.2
398		783.8
399		778.4
400		773.1
401		767.8
402		762.6
403		757.5
404		752.4
405		747.3
406		742.3
407		737.4
408		732.5
409		727.6
410		722.8
411		718
412		713.3
413		708.6
414		704
415		699.4
416		694.8
417		690.3
418		685.9
419		681.5
420		677.1
421		672.7
422		668.4
423		664.2
424		660
425		655.8
426		651.6
427		647.5
428		643.5
429		639.4
430		635.4
431		631.5
432		627.6
433		623.7
434		619.8
435		616
436		612.2
437		608.5
438		604.8
439		601.1
440		597.5
441		593.8
442		590.3
443		586.7
444		583.2
445		579.7
446		576.2
447		572.8
448		569.4
449		566.1
450		562.7
451		559.4
452		556.1
453		552.9
454		549.6
455		546.4
456		543.3
457		540.1
458		537
459		533.9
460		530.9
461		527.8
462		524.8
463		521.8
464		518.9
465		515.9
466		513
467		510.1
468		507.3
469		504.4
470		501.6
471		498.8
472		496.1
473		493.3
474		490.6
475		487.9
476		485.2
477		482.6
478		479.9
479		477.3
480		474.7
481		472.1
482		469.6
483		467.1
484		464.5
485		462.1
486		459.6
487		457.1
488		454.7
489		452.3
490		449.9
491		447.5
492		445.2
493		442.8
494		440.5
495		438.2
496		435.9
497		433.7
498		431.4
499		429.2
500		427
501		424.8
502		422.6
503		420.5
504		418.3
505		416.2
506		414.1
507		412
508		409.9
509		407.9
510		405.8
511		403.8
512		401.8
513		399.8
514		397.8
515		395.8
516		393.8
517		391.9
518		390
519		388.1
520		386.2
521		384.3
522		382.4
523		380.6
524		378.7
525		376.9
526		375.1
527		373.3
528		371.5
529		369.7
530		367.9
531		366.2
532		364.4
533		362.7
534		361
535		359.3
536		357.6
537		355.9
538		354.2
539		352.6
540		350.9
541		349.3
542		347.7
543		346.1
544		344.5
545		342.9
546		341.3
547		339.7
548		338.2
549		336.6
550		335.1
551		333.6
552		332.1
553		330.6
554		329.1
555		327.6
556		326.1
557		324.7
558		323.2
559		321.8
560		320.3
561		318.9
562		317.5
563		316.1
564		314.7
565		313.3
566		311.9
567		310.5
568		309.2
569		307.8
570		306.5
571		305.1
572		303.8
573		302.5
574		301.2
575		299.9
576		298.6
577		297.3
578		296
579		294.8
580		293.5
581		292.3
582		291
583		289.8
584		288.6
585		287.3
586		286.1
587		284.9
588		283.7
589		282.5
590		281.3
591		280.2
592		279
593		277.8
594		276.7
595		275.5
596		274.4
597		273.3
598		272.1
599		271
600		269.9
601		268.8
602		267.7
603		266.6
604		265.5
605		264.4
606		263.4
607		262.3
608		261.2
609		260.2
610		259.1
611		258.1
612		257.1
613		256
614		255
615		254
616		253
617		252
618		251
619		250
620		249
621		248
622		247
623		246.1
624		245.1
625		244.1
626		243.2
627		242.2
628		241.3
629		240.4
630		239.4
631		238.5
632		237.6
633		236.7
634		235.8
635		234.9
636		234
637		233.1
638		232.2
639		231.3
640		230.4
641		229.6
642		228.7
643		227.8
644		227
645		226.1
646		225.3
647		224.4
648		223.6
649		222.8
650		221.9
651		221.1
652		220.3
653		219.5
654		218.7
655		217.9
656		217.1
657		216.3
658		215.5
659		214.7
660		213.9
661		213.1
662		212.4
663		211.6
664		210.8
665		210.1
666		209.3
667		208.6
668		207.8
669		207.1
670		206.3
671		205.6
672		204.9
673		204.1
674		203.4
675		202.7
676		202
677		201.3
678		200.6
679		199.9
680		199.2
681		198.5
682		197.8
683		197.1
684		196.4
685		195.8
686		195.1
687		194.4
688		193.7
689		193.1
690		192.4
691		191.8
692		191.1
693		190.5
694		189.8
695		189.2
696		188.5
697		187.9
698		187.3
699		186.6
700		186
701		185.4
702		184.8
703		184.2
704		183.6
705		183
706		182.4
707		181.8
708		181.2
709		180.6
710		180
711		179.4
712		178.8
713		178.2
714		177.6
715		177.1
716		176.5
717		175.9
718		175.4
719		174.8
720		174.2
721		173.7
722		173.1
723		172.6
724		172
725		171.5
726		171
727		170.4
728		169.9
729		169.3
730		168.8
731		168.3
732		167.8
733		167.2
734		166.7
735		166.2
736		165.7
737		165.2
738		164.7
739		164.2
740		163.7
741		163.2
742		162.7
743		162.2
744		161.7
745		161.2
746		160.7
747		160.2
748		159.8
749		159.3
750		158.8
751		158.3
752		157.9
753		157.4
754		156.9
755		156.5
756		156
757		155.5
758		155.1
759		154.6
760		154.2
761		153.7
762		153.3
763		152.8
764		152.4
765		152
766		151.5
767		151.1
768		150.6
769		150.2
770		149.8
771		149.4
772		148.9
773		148.5
774		148.1
775		147.7
776		147.3
777		146.8
778		146.4
779		146
780		145.6
781		145.2
782		144.8
783		144.4
784		144
785		143.6
786		143.2
787		142.8
788		142.4
789		142
790		141.7
791		141.3
792		140.9
793		140.5
794		140.1
795		139.8
796		139.4
797		139
798		138.6
799		138.3
800		137.9
801		137.5
802		137.2
803		136.8
804		136.4
805		136.1
806		135.7
807		135.4
808		135
809		134.7
810		134.3
811		134
812		133.6
813		133.3
814		132.9
815		132.6
816		132.3
817		131.9
818		131.6
819		131.2
820		130.9
821		130.6
822		130.3
823		129.9
824		129.6
825		129.3
826		128.9
827		128.6
828		128.3
829		128
830		127.7
831		127.3
832		127
833		126.7
834		126.4
835		126.1
836		125.8
837		125.5
838		125.1
839		124.8
840		124.5
841		124.2
842		123.9
843		123.6
844		123.3
845		123
846		122.7
847		122.4
848		122.1
849		121.8
850		121.5
851		121.2
852		121
853		120.7
854		120.4
855		120.1
856		119.8
857		119.5
858		119.2
859		118.9
860		118.7
861		118.4
862		118.1
863		117.8
864		117.5
865		117.2
866		117
867		116.7
868		116.4
869		116.1
870		115.9
871		115.6
872		115.3
873		115.1
874		114.8
875		114.5
876		114.2
877		114
878		113.7
879		113.4
880		113.2
881		112.9
882		112.7
883		112.4
884		112.1
885		111.9
886		111.6
887		111.3
888		111.1
889		110.8
890		110.6
891		110.3
892		110.1
893		109.8
894		109.6
895		109.3
896		109
897		108.8
898		108.5
899		108.3
900		108
901		107.8
902		107.5
903		107.3
904		107.1
905		106.8
906		106.6
907		106.3
908		106.1
909		105.8
910		105.6
911		105.3
912		105.1
913		104.9
914		104.6
915		104.4
916		104.1
917		103.9
918		103.7
919		103.4
920		103.2
921		103
922		102.7
923		102.5
924		102.3
925		102
926		101.8
927		101.6
928		101.3
929		101.1
930		100.9
931		100.6
932		100.4
933		100.2
934		99.94
935		99.71
936		99.48
937		99.26
938		99.03
939		98.8
940		98.58
941		98.35
942		98.13
943		97.91
944		97.68
945		97.46
946		97.24
947		97.01
948		96.79
949		96.57
950		96.35
951		96.13
952		95.91
953		95.69
954		95.47
955		95.25
956		95.04
957		94.82
958		94.6
959		94.38
960		94.17
961		93.95
962		93.74
963		93.52
964		93.31
965		93.09
966		92.88
967		92.67
968		92.45
969		92.24
970		92.03
971		91.82
972		91.61
973		91.4
974		91.19
975		90.98
976		90.77
977		90.56
978		90.35
979		90.14
980		89.93
981		89.72
982		89.52
983		89.31
984		89.1
985		88.9
986		88.69
987		88.49
988		88.28
989		88.08
990		87.87
991		87.67
992		87.47
993		87.26
994		87.06
995		86.86
996		86.66
997		86.45
998		86.25
999		86.05
1000		85.85
