59.77825954916426	 7.499877549533569e-26
60.953417168307226	 8.520011384772028e-26
61.83861128076176	 9.851695618993218e-26
62.889329704285025	 9.756359677093e-26
64.02283153869382	 7.979682585032381e-26
64.94187301246285	 8.921715465261774e-26
65.93942689650444	 8.931676729631607e-26
67.49322394195299	 1.406394516322788e-25
68.88341127185967	 2.6289087139968404e-25
70.2127065499992	 2.784192165254386e-25
72.08630114143114	 3.5126930085877318e-25
72.30095254730162	 3.83947578568643e-25
72.51624312074365	 4.58707040808223e-25
73.91564390228137	 7.176955849175373e-25
74.95900524449965	 7.557386013540969e-25
75.95254456489103	 6.325693311999342e-25
76.79598249235593	 4.693587155341545e-25
77.97930416004972	 3.9739843604540594e-25
79.6531150266634	 5.704866295095212e-25
80.46925878168821	 6.9739434913020745e-25
80.8804612217556	 8.379811846450227e-25
82.05698152491244	 8.574400161239607e-25
82.75703090858767	 7.600881742018041e-25
83.8895534899543	 6.7378944497256125e-25
85.18217744131401	 7.471139839724403e-25
85.83593943710541	 9.133133777850272e-25
87.08454415526363	 9.345215044487547e-25
87.97683200675199	 8.525333514247216e-25
89.9416115162179	 1.1960827142942004e-24
90.86317352331903	 1.1293732916534228e-24
92.10662794284087	 1.2594836816620016e-24
93.05037319582665	 1.036219978668648e-24
94.16363785261127	 1.1229105001365663e-24
94.72525497259905	 1.2740230492629377e-24
96.67635230643425	 1.3648525216682588e-24
98.75149173962228	 1.3806082577865808e-24
100.87117364430858	 2.1850434388181133e-24
101.94801600681143	 2.36784492792334e-24
102.94886114185255	 2.2229883439367433e-24
103.82714456701778	 1.797709409441795e-24
105.96571748511681	 6.182137380586174e-25
106.8697384939037	 7.2598059891701615e-25
107.78147194029516	 1.1100956546328826e-24
109.07098104430321	 1.2451102397955784e-24
110.18854687966237	 1.2379851484243088e-24
111.12859394083482	 1.1229105001365663e-24
112.26724254132127	 1.1293732916534228e-24
113.03281583763949	 1.5844821435721614e-24
113.70697378164546	 2.7488742904300096e-24
115.16516834214596	 3.228057354372093e-24
115.55716861767581	 1.9148535432662215e-24
117.0390903424481	 1.2168535805852961e-24
118.03758116598974	 1.504721125512031e-24
118.94350405924551	 3.579347834121507e-24
119.95824192994779	 7.591094331609281e-24
121.08445525129525	 6.501452522226304e-24
121.91015492504926	 4.037789520703115e-24
124.9507990486537	 1.9093668479245362e-24
126.07032417440388	 2.135455839393597e-24
126.87612096148472	 2.978846063405599e-24
128.2850550942593	 3.118796382354819e-24
128.94059894389315	 3.923573801891327e-24
129.93020106297706	 3.704743331486054e-24
130.92739824802234	 3.379715965362639e-24
132.83192178747103	 5.863375844170938e-24
133.96514535055667	 6.729218280235249e-24
134.87868108543523	 6.0687878254279554e-24
135.91385720307878	 6.576504711894966e-24
136.84068160277835	 5.796462002360801e-24
137.65683602556308	 3.55886516555727e-24
138.83122218293252	 2.8615508660242774e-24
139.8967335330622	 3.0743697376114162e-24
141.21013695064426	 2.7966105378109206e-24
142.77824748504415	 4.251821341898068e-24
144.11870364486532	 3.7907714875843544e-24
145.22479571900425	 3.228057354372093e-24
146.83748824194018	 6.034059440432807e-24
147.83880311662497	 7.045366286729137e-24
149.10005427504902	 6.353907893308514e-24
149.8619639416761	 5.108940572040025e-24
151.9128115420373	 9.069176657734961e-24
152.68909455656149	 6.538870938211176e-24
153.9917248087576	 5.931062133419525e-24
154.77863118704724	 9.66015139396942e-24
155.70177233861335	 1.1809102344236583e-23
156.89676293981614	 9.386897642223316e-24
157.96667406675297	 8.914371955892745e-24
158.77389265940596	 1.2222811301988052e-23
160.26452198273046	 1.0589168387146872e-23
160.81003185936441	 8.417188442348152e-24
162.04422767977627	 8.965677672107565e-24
163.14924042192578	 7.993476807547278e-24
163.8436966552381	 6.846076162614097e-24
165.1011754535107	 6.353907893308514e-24
166.79283927919445	 8.179094003946206e-24
167.64516007269708	 1.1150470303262293e-23
169.0753843973561	 1.236391034854495e-23
169.86720207902096	 9.386897642223316e-24
171.24363140669277	 9.173870426447102e-24
171.68060617247897	 8.637393701765778e-24
173.2188176419334	 6.2454509898785784e-24
174.0300399443094	 6.885478023173935e-24
175.81319092641135	 1.1809102344236583e-23
176.41162550760473	 1.2797055926839099e-23
177.76556150498055	 1.4189684192824118e-23
181.11909063261606	 1.7148294895391663e-23
181.42707620030026	 1.528880499036205e-23
182.89717487420245	 1.1607528967025478e-23
184.06618873091276	 1.485633523363142e-23
184.69271494310775	 1.591549432178763e-23
186.0311730011347	 1.6285069352332904e-23
186.7436908729054	 1.3709401930978108e-23
187.2202182620465	 1.3094217437466932e-23
189.78231023830858	 1.1809102344236583e-23
191.0764746405255	 1.2435069514752794e-23
194.02070330054917	 3.554282529601762e-23
196.75941584807765	 9.771667322474644e-24
197.68088401482373	 1.046832299753009e-23
198.85990567635713	 9.440922929585384e-24
199.7063668716143	 1.046832299753009e-23
200.89746905461624	 7.722919332907849e-24
201.75260328190905	 1.236391034854495e-23
203.64673298718873	 6.885478023173935e-24
205.9081895241578	 5.4731744663772905e-24
207.48850776650187	 8.514355717090645e-24
211.40275723391122	 1.3475391727135615e-23
213.20628896465018	 1.2944784002271187e-23
214.84261915924787	 6.767947577727161e-24
215.7571119001911	 8.812639627836928e-24
217.59779175950834	 2.8090843002140605e-23
219.64068208394687	 9.27977277071365e-24
221.89116997726012	 8.514355717090645e-24
223.9743681593719	 6.846076162614097e-24
225.88515156226143	 1.5554306464808855e-23
227.6187903578501	 1.1541105367057099e-23
229.75576160522576	 1.3867662047536703e-23
233.69269571597886	 5.568220213356457e-24
234.88687854006886	 7.250457771014064e-24
238.1012845076676	 7.846916324574524e-23
239.7249458812965	 1.5465297595363938e-23
241.1547295723833	 2.120501760219561e-23
244.24733245509418	 8.465632671923328e-24
246.95965058814582	 3.678799912719663e-23
248.85503338884584	 2.3784062608794535e-23
250.1266966115701	 5.1023619539494286e-23
251.19137851343163	 1.2797055926839099e-23
252.6895510754056	 1.8797446830192997e-23
255.06189610154104	 2.4336354324490903e-23
257.4565135995657	 1.912387848082873e-23
260.09447101898866	 2.6676782108423553e-23
261.868108431156	 1.537679807545883e-23
263.2062691995414	 1.9233943922019513e-23
264.77610178292076	 1.6663226315706712e-23
267.0349753537063	 2.5626355749926625e-23
268.39953910278575	 4.2463464086113715e-23
270.2298104734	 2.5044788609858757e-23
270.68932515676795	 1.912387848082873e-23
272.76683008525873	 2.7296245906608793e-23
273.46286894353153	 2.2329035709776072e-23
275.09387463088655	 1.7546496891611795e-23
275.7958515771159	 2.392094924227584e-23
276.26483108455653	 2.841512119532001e-23
277.44077179684814	 2.761135134159014e-23
280.7601029825755	 6.309413017812442e-23
284.36061086137084	 9.27977277071365e-24
288.0072921702495	 3.43397972163513e-23
288.4970367303979	 2.025348097943269e-23
291.4530423403709	 1.4686792210615105e-23
295.6926376214877	 1.3152621764763027e-22
297.9620396809199	 4.7902170519771456e-23
301.52688951921266	 5.625246464528038e-23
304.6164019352782	 2.2586800112035303e-23
306.69364350337247	 4.523051069188134e-23
309.04747683442844	 3.98656958457983e-23
310.362959187408	 5.1023619539494286e-23
313.0107460576672	 3.317748836900267e-23
315.94940926466006	 6.682095197151226e-23
319.186698066094	 2.745334653614766e-23
321.3632974645286	 3.851635034164936e-23
321.9097625403902	 5.434847153400984e-23
324.3803775815254	 2.890857091743355e-23
325.7611255065115	 4.1026191184197804e-23
327.42578318716414	 6.09585652748214e-23
329.65856659272356	 4.222046868547846e-23
331.90657580514403	 2.0723788762545344e-23
333.03632250754254	 4.055799331663266e-23
335.3073653286215	 4.270785802083844e-23
337.3072281325766	 8.215575335150097e-23
339.03088704730277	 5.822316045610195e-23
341.0529579306352	 1.4922599160402976e-22
342.5046738682145	 4.471433241543039e-23
344.25489202308995	 5.690183809397574e-23
345.2799799438255	 4.845514891576871e-23
347.4868870831867	 3.851635034164936e-23
351.9431088234908	 3.6530381694209257e-22
353.44117945539597	 4.270785802083844e-23
356.75941885446883	 6.026289576596202e-23
357.97375989613914	 4.8734027352939587e-23
361.0277268509331	 2.607137648507213e-23
363.4896487851587	 1.1659302196248729e-22
366.5906732181273	 6.759232709792673e-23
370.3468438148091	 1.2854134820354258e-22
373.5063687563878	 4.36995807793941e-23
376.2131490922577	 6.759232709792673e-23
377.6540828239487	 5.561050195676422e-23
379.2615940276455	 6.026289576596202e-23
381.1996421127049	 4.929660863023208e-23
382.49717301454945	 1.0515015009901956e-22
384.77848845234166	 6.916189420321263e-23
386.0882010647791	 8.215575335150097e-23
388.39093435427543	 5.923424895895047e-23
390.0441477227638	 8.902893206475247e-23
392.03729526389765	 7.494800217025727e-23
395.381867070306	 1.4090317276889993e-22
397.40229065763896	 6.026289576596202e-23
400.4523009118547	 1.0217579992173764e-22
401.81536419351943	 6.605837990916191e-23
403.18306708271194	 6.876611815073323e-23
405.2433552410515	 6.060973242969443e-23
406.2774440348262	 7.892078413850362e-23
410.26595523167066	 6.720553282768723e-23
410.78907438685076	 1.3002521809456413e-22
413.5903291308969	 1.1930043831927485e-22
414.99811175570954	 1.3691748776027082e-22
417.1187754571149	 9.592503697344789e-23
420.3201071360658	 7.409268282957537e-23
422.28855981163304	 1.5269118089002694e-22
424.9876784737424	 8.121817792914079e-23
426.43425550268796	 1.0821108397795864e-22
429.70708226440524	 8.503392055689608e-23
431.53616072658593	 1.0821108397795864e-22
433.00502754058	 1.0217579992173764e-22
435.95777741447614	 1.5895000452777208e-22
437.44169456864586	 1.0217579992173764e-22
441.5485625571232	 6.026289576596202e-23
445.3155278212173	 1.5269118089002694e-22
447.21104473129526	 1.3381026828048793e-22
448.73326586185306	 1.441750971796111e-22
450.26066834291015	 1.2137217919738041e-22
451.79326981079663	 1.7828218444700879e-22
456.03487581276886	 7.076790835809376e-23
457.97602038259225	 1.9996562683736072e-22
461.09905256564383	 1.0946026310696105e-22
463.45529466850854	 2.5446900597655605e-22
467.0122530312053	 9.321163475329824e-23
470.1969051334644	 1.683388072461996e-22
473.8056044688008	 7.494800217025727e-23
479.4742655985263	 5.154617174326045e-22
480.6977747777548	 2.8378531959703564e-22
481.9244060738915	 1.9996562683736072e-22
486.0358281269638	 5.855825764099293e-23
488.9346757950071	 1.1200204907121375e-22
491.4331594987769	 1.0454843275447244e-22
491.85081296583286	 2.375343663804017e-22
493.5249793563969	 2.1299598648697435e-22
496.0469197696434	 3.201324494576619e-22
498.58174744030197	 1.8989958599348918e-22
500.2788246484904	 2.1545479321083085e-22
501.98167838392897	 1.1329499076407919e-22
505.8343216688123	 2.034381787338279e-22
507.12509571058035	 1.2490533835042188e-22
510.14972541076594	 1.6546537784376356e-22
512.3212136494961	 1.3152621764763027e-22
514.0650573810802	 1.3060517145417551e-21
517.5705721830172	 9.005667413815592e-23
521.0999918076029	 4.389449465116463e-22
525.9922755147157	 1.4752299922190574e-22
530.029196971065	 2.6949989133051527e-22
534.0971012680434	 1.8989958599348918e-22
537.28259922297	 3.737865675607686e-22
541.8662963740926	 1.6171028962474685e-22
546.4890982339916	 3.913475788502402e-22
548.3492429302185	 1.965523490493657e-22
551.6197444697183	 2.444490211743455e-22
553.9677527655238	 1.6737549544887903e-22
558.6937952873501	 5.365905341894989e-22
563.4601569032155	 1.5269118089002694e-22
565.3780678474328	 3.022776216797205e-22
568.267181585763	 3.8466754078869087e-22
569.7172700739461	 2.950373025445717e-21
573.1152162421583	 2.3347981565848626e-22
575.0659911675219	 3.2945154466932087e-22
578.4958385388392	 1.3002521809456413e-22
580.9582468220741	 8.204996403615853e-22
586.9108758550411	 2.3347981565848626e-22
587.9088936711033	 6.711899442940067e-22
593.4284046037308	 2.2687544343037624e-22
595.4483217493442	 4.595671888020795e-22
598.999734791456	 4.050576809600514e-22
600.0183092151574	 2.9037512234132336e-22
603.0844365359492	 3.913475788502402e-22
606.1662319398694	 7.44231594937128e-22
611.3375932206326	 6.987020734443397e-22
613.418469829714	 3.2197493759752156e-22
616.5530727252213	 4.050576809600514e-22
620.7574742724275	 3.1466800541179094e-22
621.8130468376412	 4.702388370968248e-22
626.0533172244897	 3.6740628406562697e-22
627.6508627765012	 5.365905341894989e-22
633.0055150130864	 3.057670876594136e-22
635.6999475736362	 9.150259843067768e-22
641.123268639453	 8.252219384562846e-22
642.213472400734	 4.289834849725493e-22
645.221101126009	 5.037637764632722e-22
649.3451255040598	 2.348235838143735e-22
652.1091087675488	 9.525329721128047e-22
654.8848571204807	 8.840548405224162e-22
657.1139603131134	 1.4481816344942348e-21
659.3506509480094	 6.158286501894479e-22
663.2831945719823	 1.3991646203361384e-21
666.1065062081916	 2.588880496055651e-22
668.9418354692398	 6.193729862481075e-22
670.6488227567526	 5.585854228241893e-22
675.222114291198	 1.4072173629526643e-21
678.6725372873547	 5.748459135928137e-22
682.1405921391637	 6.559578910065769e-22
683.8812596491592	 5.459088280712895e-22
685.6263689463981	 7.44231594937128e-22
690.3017954326581	 4.811582926330431e-22
690.3017954326581	 7.927279565269378e-22
695.0091046087001	 6.789381013144016e-22
695.5997708194851	 8.443844864076991e-22
698.5606402387165	 5.98408893269069e-22
702.1303244156333	 1.375281828098909e-21
708.1203802491838	 3.7810152645161077e-22
709.3245098444575	 1.811446323875169e-21
712.9491980007008	 9.416625039202768e-22
715.9839164787415	 1.0807174405324865e-21
717.8109444484223	 7.528229382761308e-22
720.866357292656	 9.802613247818307e-22
723.3200489317741	 8.347482271174765e-22
727.6341231537814	 1.72026018868285e-21
728.8714350666418	 6.63530210558581e-22
733.8417585065419	 8.541319858180992e-22
737.5917311829389	 6.229377213546076e-22
738.2185870184601	 1.58745329730613e-21
745.7825409132523	 8.158043654206051e-22
748.9570168280233	 2.1891407396292742e-21
750.8681846438666	 7.399727607023511e-22
754.7051633158364	 1.4072173629526643e-21
760.4974260710745	 4.867127411683342e-22
763.0860143122148	 1.811446323875169e-21
768.2896539681566	 8.541319858180992e-22
773.5287783075578	 1.6150206049744475e-21
777.4815538881711	 7.357382974687015e-22
780.790958884399	 2.4134815046631286e-21
784.1144505960905	 1.2261519763252593e-21
788.7911188889378	 1.896550584179205e-21
794.1700469121514	 6.789381013144016e-22
798.9066894707723	 1.7602064950258567e-21
800.2651974525883	 1.1380032204891488e-21
802.3072920656906	 2.7225994174247195e-21
805.0381931191655	 8.942602909723822e-22
809.8396562084258	 3.0188838853004665e-21
815.362118514066	 6.711899442940067e-22
816.7486082764755	 1.9629925492525833e-21
821.2710034317588	 1.105812870999197e-21
823.7165024058489	 2.6608124676065727e-21
827.2227097170105	 9.635289280233131e-22
829.3335937648566	 1.3363796511132807e-21
834.2799611213134	 1.0146028758310085e-21
837.8311325385371	 3.6693318683678756e-21
842.1124967673146	 1.8749068265304684e-21
846.4157390081986	 2.4695251614150013e-21
850.7409710590603	 7.703043029628503e-22
857.998862848272	 4.163121971989015e-21
865.3186735940354	 8.840548405224162e-22
868.2640533764193	 2.9673535824519025e-21
874.1849235997461	 1.8856976526309668e-21
875.6714391239559	 2.7698793820857875e-21
879.3987962827166	 2.305180908873492e-21
882.3921021182041	 3.0889856415868296e-21
887.6549246088468	 1.5425494907797335e-21
892.1908912184969	 3.1607152366444298e-21
897.5121563079977	 1.647788103054915e-21
899.8024030229925	 3.1789063957938904e-21
906.7082679878023	 1.8535100711230984e-21
910.5677355947086	 4.284310967670148e-21
912.1161185949903	 2.1394601556408013e-21
916.7770832822459	 2.834198983886638e-21
919.897617680098	 1.3674118352474646e-21
923.0287737820744	 4.7233625017861415e-21
927.7455027513488	 1.9970813754547098e-21
930.1128980842075	 5.328329208573603e-21
937.2513921075816	 1.5693370104365912e-21
938.8451495687812	 2.214411985622437e-21
943.6427011082499	 1.8010803979039235e-21
948.4647684060268	 7.518535524453713e-21
953.3114767390143	 2.214411985622437e-21
958.182952024289	 2.754028862947822e-21
961.4444241048524	 1.5249456537831625e-21
962.2615252494284	 2.7698793820857875e-21
966.3574592087758	 2.265833032350837e-21
969.6467557532355	 1.3423403245867585e-20
975.4299883342032	 2.2788737924989605e-21
977.9190636194668	 4.888836330425624e-21
984.5876937926175	 2.372285010336113e-21
988.7786606609181	 2.7822339151286825e-20
996.3674066874578	 1.7501337868362427e-21
998.0616885011465	 1.0017324936022892e-20
1004.014395340527	 2.239974960631686e-21