0
0
0
0
0
8
8
16
66
114
272
770
2532
6196
12332
23238
37292
51352
61506
65740
64326
59824
54066
47752
41414
34216
28856
24900
20554
16986
14536
11800
10200
9054
7410
6450
5658
4972
4472
4042
3700
3482
3388
3174
3020
3170
3036
2888
2806
3012
2886
2860
2940
2932
2992
3014
3038
3200
3266
3360
3326
3400
3502
3712
3540
3742
3714
3802
3920
4030
3900
4012
4108
4296
4320
4220
3974
4362
4344
4378
4428
4368
4414
4520
4460
4452
4346
4472
4452
4528
4240
4332
4470
4414
4390
4492
4414
4332
4174
4324
4316
4184
4322
4304
4368
4136
4042
3964
4028
4008
4066
3852
3978
3860
3844
3790
3704
3766
3568
3938
3690
3686
3522
3646
3432
3290
3382
3260
3172
3210
3278
3190
3166
3092
2958
3014
2900
2880
2746
2890
2886
2646
2638
2702
2580
2520
2530
2510
2532
2424
2404
2478
2384
2306
2240
2274
2226
2134
2236
2184
2088
2026
2024
2072
1974
3690
3624
3562
3632
3482
3450
3332
3274
3352
3270
3310
3292
3268
3200
3024
3164
3096
2924
2980
2954
2890
3052
2686
2750
2730
2680
2610
2580
2548
2558
2556
2380
2380
2326
2276
2296
2250
2418
2160
2118
2148
2106
2092
2102
2006
2124
1946
2030
1900
1794
1888
1858
1996
1838
1836
1798
1760
1818
1792
1662
1730
1626
1736
1626
1590
1700
1546
1588
1458
1496
1542
1618
1716
1938
1630
1540
1494
1432
1358
1324
1302
1430
1282
1332
1262
1292
1284
1302
1240
1182
1248
1158
1210
1184
1162
1220
1082
1106
1100
1052
1084
1096
1078
1112
1074
1016
1002
1096
1014
922
1000
990
980
976
928
1026
1006
864
920
822
864
892
976
874
858
874
858
782
890
1002
1038
930
826
772
784
760
820
782
738
754
702
756
762
764
730
742
746
722
638
630
740
702
648
656
656
630
656
686
630
626
600
654
652
610
614
548
526
616
518
590
536
684
582
612
592
566
566
492
584
498
512
530
484
568
566
662
746
738
500
488
478
476
476
470
460
458
442
502
496
468
418
450
464
464
440
470
450
442
430
418
456
418
432
406
414
418
402
474
426
410
400
370
412
350
356
372
382
374
424
420
370
380
348
360
388
348
354
322
352
344
312
340
386
344
350
352
358
340
340
352
356
326
310
348
374
340
318
380
328
316
288
352
244
364
268
350
260
308
338
308
314
318
322
324
290
288
282
310
284
278
278
296
332
322
278
296
290
290
298
318
236
288
296
332
318
278
270
260
312
292
244
296
286
270
286
296
282
268
278
278
276
274
316
334
322
320
254
256
300
232
250
268
266
236
262
244
264
266
282
262
270
276
258
232
268
274
250
246
252
290
266
250
290
212
266
238
246
288
386
386
294
230
274
248
266
304
264
240
250
244
256
226
242
248
264
292
288
264
254
224
260
272
274
210
244
260
262
268
242
236
244
278
270
238
244
260
276
250
264
210
264
274
240
244
284
216
236
240
242
262
214
292
258
274
262
242
280
214
270
302
258
258
220
258
242
264
314
268
234
270
238
252
274
290
276
222
292
232
246
234
252
288
252
246
264
294
284
254
270
316
294
290
292
270
290
284
268
246
286
262
274
232
258
236
272
230
264
260
256
272
256
220
286
226
280
300
220
262
300
244
310
292
286
278
304
238
330
246
240
260
282
268
282
238
230
274
282
258
302
312
276
294
274
264
228
298
376
322
290
274
238
258
294
238
276
256
260
288
312
244
316
266
264
242
282
290
286
236
262
250
226
272
262
260
272
220
284
256
258
262
286
302
276
270
266
254
244
272
330
228
264
266
252
272
298
316
256
258
258
272
282
246
226
242
284
232
270
256
268
288
236
284
290
304
238
262
248
280
260
284
280
308
224
250
264
268
254
262
280
260
254
270
230
248
324
302
226
224
270
254
264
276
262
220
214
270
250
308
228
248
260
248
278
226
270
230
280
268
290
222
252
264
222
234
276
292
268
270
254
268
224
286
294
234
274
260
212
226
252
252
278
224
240
276
232
240
202
282
294
248
250
238
242
208
270
250
250
232
200
232
296
224
246
264
260
214
224
276
248
258
232
244
216
236
226
248
262
240
234
260
244
262
258
254
238
298
242
222
274
246
200
270
240
248
236
234
244
244
244
232
218
236
274
252
234
228
234
212
226
194
216
228
260
240
244
242
224
256
188
208
262
264
218
246
218
266
230
208
250
216
236
226
198
228
230
248
240
206
250
226
236
210
224
226
202
234
236
208
228
222
216
230
254
250
248
262
292
236
224
230
212
266
222
208
242
168
218
244
222
222
196
208
224
196
222
244
212
196
210
208
176
220
188
230
188
228
198
192
196
208
210
230
230
232
220
228
230
214
198
188
210
232
192
226
218
208
194
194
204
220
176
202
210
220
210
220
198
238
224
172
200
198
198
222
182
196
192
194
210
190
188
216
192
192
208
230
184
172
198
160
182
206
158
148
216
206
206
210
212
190
192
216
220
142
180
214
178
214
156
162
204
168
194
182
178
166
198
198
142
180
164
200
188
178
204
176
148
204
182
148
176
172
202
198
164
166
174
178
164
174
160
180
164
178
180
208
154
172
168
142
156
192
160
150
142
168
174
180
182
168
160
168
180
196
184
164
176
150
156
192
148
162
148
152
152
178
166
154
154
176
154
160
144
156
144
162
158
192
170
158
186
154
198
142
162
160
132
184
140
126
146
148
174
134
166
164
136
162
154
160
160
140
146
140
140
152
170
122
138
148
142
160
130
160
128
146
130
144
126
154
162
136
184
124
154
142
126
144
150
108
132
172
120
124
130
124
126
144
124
140
122
120
162
168
122
102
128
96
122
128
88
146
128
138
134
98
162
134
130
124
136
126
104
100
136
148
118
118
124
120
130
132
124
146
140
138
136
126
94
126
122
120
140
124
120
118
104
130
158
146
134
132
104
116
138
108
110
104
112
116
124
86
118
134
112
124
104
100
116
128
112
84
98
118
112
114
92
118
114
138
66
122
114
128
112
100
114
92
88
114
100
104
90
86
100
76
94
92
72
94
98
82
76
84
96
96
106
84
122
88
94
98
104
76
96
104
58
82
76
118
102
114
82
58
94
98
100
104
86
98
74
72
80
80
78
82
90
102
102
86
84
92
102
100
98
96
66
120
78
66
84
68
70
80
66
108
78
64
80
62
86
56
74
78
74
72
70
94
102
98
68
98
72
68
66
70
76
106
90
66
72
62
82
84
96
76
76
62
70
68
64
62
84
72
92
76
70
54
54
86
62
48
88
42
78
76
64
66
64
68
62
62
64
78
70
72
72
56
68
66
62
58
76
60
72
38
74
62
66
56
54
70
56
58
42
64
34
40
40
50
38
50
44
54
70
58
52
54
52
36
50
58
50
58
52
52
34
52
34
34
36
46
60
50
66
46
48
40
40
50
42
42
34
44
34
34
50
44
40
38
48
40
54
34
46
38
32
46
50
50
36
36
50
44
28
38
26
40
32
48
36
34
76
216
780
1642
1644
728
198
54
38
26
40
24
26
30
24
54
28
32
40
20
36
36
28
28
28
38
30
46
30
22
14
30
28
44
24
24
34
18
20
20
16
16
18
22
20
18
22
24
20
26
24
10
34
22
26
30
22
28
20
30
34
24
24
16
34
100
320
586
532
244
52
18
38
20
16
12
24
14
22
20
22
16
30
20
8
20
24
22
18
20
18
8
16
8
16
12
16
12
18
24
14
22
18
20
26
12
18
16
22
14
22
6
20
16
4
10
12
22
12
6
18
12
10
20
10
12
6
8
12
2
26
12
14
10
6
6
6
14
8
10
4
16
10
8
14
16
16
12
8
10
8
8
10
16
6
20
10
14
8
10
20
4
12
8
18
10
14
12
18
8
8
6
10
8
10
18
12
8
10
10
14
4
4
2
6
8
6
14
10
12
4
2
4
0
4
8
6
2
4
8
8
8
6
10
8
6
16
6
4
6
6
4
8
6
4
10
10
2
6
10
6
6
2
4
8
10
4
4
4
4
6
8
6
4
0
6
2
10
4
0
2
6
4
0
0
12
8
0
6
6
4
4
6
6
2
0
6
6
2
8
2
4
4
2
4
4
4
6
6
2
2
8
6
12
8
4
4
4
4
0
2
4
4
0
6
0
8
0
8
2
0
2
0
4
4
4
6
0
0
2
4
4
2
0
8
2
18
16
20
8
6
0
0
4
0
2
2
0
0
0
2
2
0
0
2
0
0
2
0
0
6
4
2
0
2
4
0
2
2
2
0
2
2
0
4
2
2
0
4
4
0
4
0
0
0
2
2
4
0
0
0
2
2
0
0
0
0
4
2
2
0
0
0
4
0
0
0
0
0
2
0
2
4
0
0
0
0
2
4
4
0
4
4
2
2
0
0
0
0
2
2
4
4
2
0
0
0
0
0
2
0
0
0
2
0
0
0
2
2
0
2
0
2
4
0
0
0
2
0
2
0
0
2
2
0
2
2
0
0
2
0
0
0
0
0
0
0
2
0
2
0
0
0
0
0
0
2
4
2
0
0
2
0
2
2
2
0
2
2
0
0
0
0
0
0
2
0
2
4
0
0
0
4
0
0
4
0
0
0
0
2
0
0
2
0
0
4
0
0
2
0
2
2
4
0
0
2
2
0
0
2
2
0
2
0
0
4
0
0
0
2
2
2
0
0
4
0
0
2
0
0
0
2
0
0
0
2
0
0
0
2
0
0
0
0
0
2
0
0
0
0
0
0
0
2
0
0
0
0
0
0
0
0
0
0
0
2
0
0
0
0
0
0
0
0
0
0
0
0
0
0
0
0
0
0
0
0
0
0
0
0
0
0
0
0
0
0
0
0
0
0
0
0
0
0
0
0
2
0
0
2
0
0
0
0
0
0
0
0
2
0
0
0
0
0
0
0
0
2
2
0
2
0
0
4
0
4
2
0
2
0
4
4
0
0
4
0
0
4
0
0
2
2
0
0
0
2
2
0
0
2
6
2
0
2
0
4
0
2
0
0
0
0
2
2
0
0
0
0
0
0
0
2
2
0
0
0
0
0
2
0
0
0
0
0
0
0
0
0
0
2
0
0
0
2
0
0
0
0
0
0
2
0
0
0
0
0
0
2
0
4
0
0
0
0
0
0
2
0
0
0
0
0
0
0
0
0
0
2
0
0
0
2
2
0
4
10
10
8
2
2
0
0
0
2
0
2
2
4
0
2
0
0
4
0
0
0
2
0
0
0
2
0
0
0
0
0
0
0
0
0
0
0
0
2
0
0
2
0
0
0
0
0
0
0
2
0
0
0
0
0
0
0
0
2
0
0
0
0
0
0
0
0
2
2
0
0
2
2
0
2
0
0
2
2
0
0
0
0
0
0
0
0
0
0
0
0
0
0
0
0
0
0
0
0
0
0
0
0
0
0
0
4
0
0
0
0
0
0
0
0
0
2
2
0
0
0
0
0
0
0
2
2
0
0
0
0
0
0
2
0
2
0
2
0
0
0
0
2
0
0
0
2
0
2
0
0
0
0
0
0
0
0
0
0
0
0
0
0
0
2
0
0
0
0
0
2
0
0
0
0
0
0
0
0
0
0
0
2
0
0
0
0
0
2
0
2
0
2
2
0
0
0
0
0
0
0
0
0
0
0
0
0
0
0
0
0
4
0
2
0
2
0
0
0
0
0
0
0
2
0
0
0
0
0
0
0
0
0
0
0
0
2
0
0
2
0
2
2
2
6
4
4
0
0
0
0
0
0
2
0
2
0
0
0
0
0
0
0
0
2
0
0
2
2
0
2
2
0
0
0
0
2
0
0
0
0
0
0
0
4
0
0
2
0
0
2
0
0
0
0
0
0
0
0
0
0
0
2
2
4
0
0
0
2
0
0
0
0
0
0
2
0
0
0
0
0
0
0
0
0
0
0
2
0
0
0
0
2
0
0
0
0
0
0
0
0
0
0
2
0
0
2
0
0
0
0
4
0
0
0
0
2
0
0
0
2
0
0
0
0
0
0
0
0
0
0
2
0
0
2
0
0
2
0
0
0
0
0
0
0
0
2
0
0
0
2
0
0
0
0
0
0
0
0
0
2
0
0
0
0
2
0
0
0
0
2
4
4
0
0
2
2
2
0
0
0
0
0
0
4
2
0
0
2
0
0
0
0
0
0
0
0
0
0
0
0
0
0
0
0
0
0
0
0
0
0
0
0
0
0
0
0
0
2
0
0
0
0
0
0
0
2
2
0
0
0
2
0
0
4
2
0
0
0
0
0
0
2
0
0
2
0
2
2
0
0
0
2
0
2
0
0
0
0
0
2
0
0
2
0
0
0
0
0
0
0
0
0
0
0
0
0
0
0
0
0
0
0
0
0
0
0
0
0
0
0
0
0
0
0
0
0
0
0
0
0
0
0
0
2
0
0
0
0
0
0
0
0
2
2
0
0
0
0
0
0
0
0
0
0
4
0
0
2
0
0
0
0
0
0
0
0
0
0
0
0
4
0
0
0
0
2
0
0
0
0
0
4
0
0
0
0
0
2
0
0
0
0
0
2
0
0
0
2
0
0
0
0
2
0
0
0
0
0
2
0
2
0
0
2
0
0
0
0
2
0
0
0
0
0
0
0
0
0
0
0
0
0
0
0
2
0
2
0
0
0
4
0
0
0
0
0
0
0
2
0
0
0
2
0
0
2
0
0
0
0
2
0
2
0
0
0
0
0
0
2
0
0
2
0
0
0
2
0
0
2
0
0
0
0
0
2
0
0
0
2
0
0
0
0
0
0
0
2
0
0
0
0
0
0
2
0
4
0
0
0
0
0
0
2
0
2
4
0
0
2
0
0
0
0
0
0
0
2
0
0
0
0
0
0
0
2
2
0
0
2
0
2
0
0
0
0
2
0
0
0
0
0
0
2
2
0
2
2
0
2
0
0
0
0
0
0
2
0
0
0
2
0
2
0
0
2
2
0
2
0
0
0
0
0
0
0
0
0
0
0
0
0
2
0
0
0
0
0
0
0
0
0
0
0
0
0
0
0
2
0
0
0
0
2
0
2
2
0
0
0
0
0
2
0
0
0
0
0
0
0
0
0
0
0
0
0
2
0
0
0
0
0
0
0
0
0
0
0
0
0
0
0
0
4
0
0
0
0
0
0
0
0
2
0
0
2
0
0
0
0
0
2
0
0
0
0
0
0
0
0
0
0
0
0
0
0
2
0
0
0
0
0
2
0
2
0
0
2
0
0
0
0
0
0
0
0
2
0
0
2
0
0
0
2
0
0
2
2
0
0
0
0
0
0
0
0
0
0
0
0
0
4
0
0
0
0
0
0
0
0
2
0
0
0
2
2
0
2
0
0
0
0
0
0
4
2
0
2
0
0
0
0
0
0
0
0
0
0
0
0
0
0
0
0
0
0
0
0
0
0
0
0
0
2
2
0
0
0
2
4
0
0
4
0
0
0
2
0
0
2
0
2
0
2
0
0
2
2
0
0
0
4
0
0
0
0
0
0
0
2
0
0
2
2
0
0
0
0
0
0
0
0
0
0
0
0
0
0
0
0
2
0
0
0
0
0
4
0
0
0
0
4
0
0
2
2
0
0
0
0
0
0
2
0
2
0
0
0
0
0
0
0
0
0
0
0
0
0
0
0
0
2
2
0
0
0
0
0
0
2
0
2
0
0
0
0
0
0
0
0
0
0
0
0
0
2
0
0
0
0
4
0
0
0
0
0
2
0
0
0
0
2
0
0
0
0
0
2
0
2
2
0
0
0
2
0
0
0
2
0
2
0
0
0
4
0
2
0
2
0
0
0
0
0
0
2
0
0
0
2
0
0
0
0
2
2
0
0
0
0
0
0
2
0
0
0
2
0
0
0
0
0
0
0
0
0
0
0
0
0
0
0
2
0
0
0
0
0
2
0
2
4
2
0
0
0
0
2
2
0
0
0
0
0
2
0
0
0
0
0
2
0
0
2
0
0
2
0
2
0
0
0
0
0
0
0
2
0
0
2
0
0
0
0
0
2
0
2
0
0
0
0
0
0
0
0
2
0
2
0
0
0
0
2
0
0
0
0
0
0
0
2
0
2
0
0
0
2
0
0
2
0
0
0
0
0
0
2
2
2
0
0
0
6
0
0
0
2
0
0
0
0
0
0
0
0
0
0
0
0
0
0
0
0
0
0
0
0
2
2
0
2
0
2
2
0
0
0
0
0
0
2
0
0
0
0
0
0
0
0
0
0
0
0
0
4
0
2
0
0
2
0
0
0
0
0
0
0
2
2
0
0
0
0
0
0
0
0
0
0
0
2
2
0
4
0
0
0
0
6
0
2
0
0
0
2
0
0
2
0
0
2
0
2
0
2
0
2
0
0
0
0
0
4
0
0
0
2
0
0
0
0
0
0
0
0
0
0
0
2
4
0
0
0
0
2
0
0
2
0
0
0
2
0
0
0
0
0
0
0
2
2
0
0
0
0
0
2
4
2
2
0
6
0
2
0
2
0
2
0
0
0
0
0
2
0
0
2
0
0
2
0
2
2
2
2
2
2
2
0
2
0
0
0
2
2
0
0
0
0
0
0
0
2
0
0
0
2
0
0
0
2
0
2
0
0
0
0
0
2
0
2
0
0
4
0
0
0
2
0
2
0
0
0
0
0
4
0
0
0
0
2
2
0
0
0
0
0
0
2
0
0
2
2
2
0
2
0
0
0
4
2
0
0
2
0
0
0
0
4
2
0
0
0
0
2
0
0
0
0
0
0
0
0
0
0
2
0
0
2
0
0
2
0
0
0
0
0
0
2
0
0
0
0
0
2
0
2
0
0
0
2
0
0
0
0
2
0
0
4
0
0
0
0
2
0
2
0
0
0
2
0
2
0
2
2
0
2
0
0
0
2
0
2
0
0
0
0
0
0
0
2
0
0
2
0
0
0
0
2
0
0
0
2
0
2
2
2
0
0
2
0
0
2
0
0
0
2
0
0
2
0
0
0
0
2
0
2
0
0
0
0
2
0
0
0
0
0
0
0
0
2
0
0
0
0
0
0
0
0
2
2
0
0
4
0
0
2
4
0
0
2
2
0
0
0
0
0
0
0
0
0
0
2
4
0
2
0
0
2
0
0
2
2
2
0
2
0
0
0
0
0
2
0
0
2
0
0
0
0
2
0
0
0
2
0
2
0
2
0
0
0
0
0
2
0
2
2
0
0
0
0
0
0
0
2
0
2
0
2
0
0
0
0
0
0
2
0
4
0
0
2
0
0
0
0
0
2
0
2
0
0
2
0
2
2
0
0
0
0
2
2
2
0
0
4
0
2
0
0
2
2
0
0
0
4
0
2
0
0
2
0
0
2
0
0
0
2
2
0
2
0
0
2
0
2
2
0
0
2
2
0
0
0
2
0
2
0
0
0
0
2
0
0
0
0
0
0
0
0
0
0
0
0
0
0
0
2
0
2
0
0
0
0
0
0
0
0
0
0
0
0
0
0
0
0
0
0
0
2
0
0
0
0
0
0
0
0
0
0
0
0
0
0
2
0
0
2
2
0
0
0
0
0
0
0
0
2
0
0
2
2
0
0
2
2
0
0
0
0
0
0
0
0
0
0
0
2
2
2
0
4
2
0
0
0
0
0
0
0
2
2
2
0
0
0
2
2
0
0
2
4
0
2
0
0
0
0
2
0
0
0
2
2
0
0
0
2
0
0
0
0
2
2
0
4
0
0
0
0
0
0
0
0
4
0
0
2
2
2
0
0
0
0
0
0
2
0
4
0
0
0
0
2
2
2
2
2
2
2
0
2
0
0
0
0
0
0
2
0
0
0
0
0
0
2
0
0
4
0
2
0
0
0
2
0
0
0
0
0
0
0
0
0
0
0
2
0
0
0
4
0
0
0
2
0
0
0
0
0
0
0
2
0
0
0
2
2
2
0
0
0
2
2
0
0
2
0
0
0
0
0
0
0
2
4
0
0
2
2
8
0
2
0
0
0
6
0
0
0
0
0
0
2
0
0
0
0
0
4
0
0
2
2
4
2
2
0
0
0
0
0
0
0
0
2
4
0
0
0
0
2
0
0
0
0
0
0
0
0
4
0
0
0
0
0
6
0
0
0
0
0
2
2
0
8
4
0
0
0
0
0
2
0
0
2
0
0
0
2
2
2
2
0
0
0
0
0
0
2
2
0
0
0
4
0
2
2
0
2
2
2
0
0
0
0
4
2
0
2
4
0
0
0
4
4
2
0
4
0
2
0
0
0
2
0
2
4
2
2
2
0
0
4
0
0
0
0
0
0
0
2
2
0
0
0
0
0
0
0
0
0
4
0
0
0
2
0
0
2
0
0
0
0
0
0
0
0
0
0
0
0
0
0
2
0
0
0
0
0
0
2
2
0
2
0
0
2
0
0
0
0
0
2
2
0
0
0
0
2
0
4
0
0
0
0
4
2
0
0
0
0
0
0
0
0
4
2
0
4
0
2
2
2
0
0
0
0
2
2
0
4
0
0
2
0
0
0
4
0
2
2
0
2
0
4
4
0
0
4
2
0
0
2
2
0
2
0
2
0
4
2
2
0
4
0
0
0
2
0
0
2
0
2
0
0
0
0
2
2
0
0
4
4
0
0
0
2
6
2
0
2
0
4
2
6
0
2
0
0
0
0
0
2
0
0
0
2
0
0
0
0
0
0
2
2
2
0
0
4
4
0
4
2
0
2
0
4
0
6
0
0
2
2
2
0
0
0
2
0
0
0
4
2
0
0
0
0
0
0
2
0
0
0
4
4
2
0
4
4
2
0
0
2
0
2
0
0
0
2
0
2
0
0
0
4
0
0
2
0
0
0
2
2
4
2
2
0
0
0
0
0
2
2
0
2
2
0
0
0
0
0
0
0
2
0
2
0
0
4
2
2
0
0
2
2
4
2
2
2
0
0
4
0
2
2
0
0
0
8
2
0
0
2
0
2
0
2
4
0
0
0
0
0
2
0
6
4
4
2
0
2
2
4
0
2
0
2
0
2
0
2
2
0
0
0
4
2
2
0
0
0
0
4
4
0
2
0
0
0
0
2
2
0
0
2
0
4
0
4
2
0
0
2
2
0
0
0
4
2
0
6
0
2
0
4
0
2
0
0
0
0
4
2
2
2
0
0
6
2
4
0
2
2
2
2
4
2
8
4
0
2
0
4
4
0
0
0
2
2
0
4
2
8
6
2
0
2
2
2
0
2
0
2
4
2
4
0
0
0
2
4
2
2
0
4
2
2
0
2
2
2
4
2
0
0
0
0
2
0
2
2
4
0
0
4
2
4
2
4
0
2
4
0
2
2
4
0
4
2
2
6
6
0
4
2
2
0
2
0
0
4
6
4
0
4
0
0
0
0
4
0
2
4
2
2
0
2
2
4
4
0
10
4
6
0
2
4
4
0
2
4
2
2
0
10
6
2
6
2
0
0
0
6
0
6
4
4
2
0
2
2
6
2
2
6
0
2
2
4
6
10
12
10
4
2
6
6
4
0
0
4
2
4
8
2
4
2
0
4
4
4
2
6
0
2
2
0
2
2
2
6
4
4
4
6
2
0
2
4
4
0
4
0
4
0
4
6
4
2
2
2
4
2
6
2
6
4
6
6
10
6
8
8
0
4
6
4
4
0
8
0
6
2
8
6
2
4
2
2
6
0
0
10
4
2
6
4
6
2
4
4
4
14
8
8
6
4
4
8
4
4
6
4
10
4
2
2
2
4
0
4
8
8
2
12
10
4
0
6
6
6
6
10
16
6
0
6
4
6
16
8
6
4
4
2
6
6
10
6
6
10
2
6
4
8
4
8
4
6
10
14
2
12
18
14
8
4
4
8
6
12
10
4
14
10
6
8
14
4
16
12
8
8
4
12
10
0
2
4
10
16
8
12
14
2
8
18
4
4
8
8
4
2
6
6
10
6
12
6
2
4
4
4
2
4
