0
0
0
0
0
4
4
8
33
57
136
385
1266
3098
6166
11619
18646
25676
30753
32870
32163
29912
27033
23876
20707
17108
14428
12450
10277
8493
7268
5900
5100
4527
3705
3225
2829
2486
2236
2021
1850
1741
1694
1587
1510
1585
1518
1444
1403
1506
1443
1430
1470
1466
1496
1507
1519
1600
1633
1680
1663
1700
1751
1856
1770
1871
1857
1901
1960
2015
1950
2006
2054
2148
2160
2110
1987
2181
2172
2189
2214
2184
2207
2260
2230
2226
2173
2236
2226
2264
2120
2166
2235
2207
2195
2246
2207
2166
2087
2162
2158
2092
2161
2152
2184
2068
2021
1982
2014
2004
2033
1926
1989
1930
1922
1895
1852
1883
1784
1969
1845
1843
1761
1823
1716
1645
1691
1630
1586
1605
1639
1595
1583
1546
1479
1507
1450
1440
1373
1445
1443
1323
1319
1351
1290
1260
1265
1255
1266
1212
1202
1239
1192
1153
1120
1137
1113
1067
1118
1092
1044
1013
1012
1036
987
1845
1812
1781
1816
1741
1725
1666
1637
1676
1635
1655
1646
1634
1600
1512
1582
1548
1462
1490
1477
1445
1526
1343
1375
1365
1340
1305
1290
1274
1279
1278
1190
1190
1163
1138
1148
1125
1209
1080
1059
1074
1053
1046
1051
1003
1062
973
1015
950
897
944
929
998
919
918
899
880
909
896
831
865
813
868
813
795
850
773
794
729
748
771
809
858
969
815
770
747
716
679
662
651
715
641
666
631
646
642
651
620
591
624
579
605
592
581
610
541
553
550
526
542
548
539
556
537
508
501
548
507
461
500
495
490
488
464
513
503
432
460
411
432
446
488
437
429
437
429
391
445
501
519
465
413
386
392
380
410
391
369
377
351
378
381
382
365
371
373
361
319
315
370
351
324
328
328
315
328
343
315
313
300
327
326
305
307
274
263
308
259
295
268
342
291
306
296
283
283
246
292
249
256
265
242
284
283
331
373
369
250
244
239
238
238
235
230
229
221
251
248
234
209
225
232
232
220
235
225
221
215
209
228
209
216
203
207
209
201
237
213
205
200
185
206
175
178
186
191
187
212
210
185
190
174
180
194
174
177
161
176
172
156
170
193
172
175
176
179
170
170
176
178
163
155
174
187
170
159
190
164
158
144
176
122
182
134
175
130
154
169
154
157
159
161
162
145
144
141
155
142
139
139
148
166
161
139
148
145
145
149
159
118
144
148
166
159
139
135
130
156
146
122
148
143
135
143
148
141
134
139
139
138
137
158
167
161
160
127
128
150
116
125
134
133
118
131
122
132
133
141
131
135
138
129
116
134
137
125
123
126
145
133
125
145
106
133
119
123
144
193
193
147
115
137
124
133
152
132
120
125
122
128
113
121
124
132
146
144
132
127
112
130
136
137
105
122
130
131
134
121
118
122
139
135
119
122
130
138
125
132
105
132
137
120
122
142
108
118
120
121
131
107
146
129
137
131
121
140
107
135
151
129
129
110
129
121
132
157
134
117
135
119
126
137
145
138
111
146
116
123
117
126
144
126
123
132
147
142
127
135
158
147
145
146
135
145
142
134
123
143
131
137
116
129
118
136
115
132
130
128
136
128
110
143
113
140
150
110
131
150
122
155
146
143
139
152
119
165
123
120
130
141
134
141
119
115
137
141
129
151
156
138
147
137
132
114
149
188
161
145
137
119
129
147
119
138
128
130
144
156
122
158
133
132
121
141
145
143
118
131
125
113
136
131
130
136
110
142
128
129
131
143
151
138
135
133
127
122
136
165
114
132
133
126
136
149
158
128
129
129
136
141
123
113
121
142
116
135
128
134
144
118
142
145
152
119
131
124
140
130
142
140
154
112
125
132
134
127
131
140
130
127
135
115
124
162
151
113
112
135
127
132
138
131
110
107
135
125
154
114
124
130
124
139
113
135
115
140
134
145
111
126
132
111
117
138
146
134
135
127
134
112
143
147
117
137
130
106
113
126
126
139
112
120
138
116
120
101
141
147
124
125
119
121
104
135
125
125
116
100
116
148
112
123
132
130
107
112
138
124
129
116
122
108
118
113
124
131
120
117
130
122
131
129
127
119
149
121
111
137
123
100
135
120
124
118
117
122
122
122
116
109
118
137
126
117
114
117
106
113
97
108
114
130
120
122
121
112
128
94
104
131
132
109
123
109
133
115
104
125
108
118
113
99
114
115
124
120
103
125
113
118
105
112
113
101
117
118
104
114
111
108
115
127
125
124
131
146
118
112
115
106
133
111
104
121
84
109
122
111
111
98
104
112
98
111
122
106
98
105
104
88
110
94
115
94
114
99
96
98
104
105
115
115
116
110
114
115
107
99
94
105
116
96
113
109
104
97
97
102
110
88
101
105
110
105
110
99
119
112
86
100
99
99
111
91
98
96
97
105
95
94
108
96
96
104
115
92
86
99
80
91
103
79
74
108
103
103
105
106
95
96
108
110
71
90
107
89
107
78
81
102
84
97
91
89
83
99
99
71
90
82
100
94
89
102
88
74
102
91
74
88
86
101
99
82
83
87
89
82
87
80
90
82
89
90
104
77
86
84
71
78
96
80
75
71
84
87
90
91
84
80
84
90
98
92
82
88
75
78
96
74
81
74
76
76
89
83
77
77
88
77
80
72
78
72
81
79
96
85
79
93
77
99
71
81
80
66
92
70
63
73
74
87
67
83
82
68
81
77
80
80
70
73
70
70
76
85
61
69
74
71
80
65
80
64
73
65
72
63
77
81
68
92
62
77
71
63
72
75
54
66
86
60
62
65
62
63
72
62
70
61
60
81
84
61
51
64
48
61
64
44
73
64
69
67
49
81
67
65
62
68
63
52
50
68
74
59
59
62
60
65
66
62
73
70
69
68
63
47
63
61
60
70
62
60
59
52
65
79
73
67
66
52
58
69
54
55
52
56
58
62
43
59
67
56
62
52
50
58
64
56
42
49
59
56
57
46
59
57
69
33
61
57
64
56
50
57
46
44
57
50
52
45
43
50
38
47
46
36
47
49
41
38
42
48
48
53
42
61
44
47
49
52
38
48
52
29
41
38
59
51
57
41
29
47
49
50
52
43
49
37
36
40
40
39
41
45
51
51
43
42
46
51
50
49
48
33
60
39
33
42
34
35
40
33
54
39
32
40
31
43
28
37
39
37
36
35
47
51
49
34
49
36
34
33
35
38
53
45
33
36
31
41
42
48
38
38
31
35
34
32
31
42
36
46
38
35
27
27
43
31
24
44
21
39
38
32
33
32
34
31
31
32
39
35
36
36
28
34
33
31
29
38
30
36
19
37
31
33
28
27
35
28
29
21
32
17
20
20
25
19
25
22
27
35
29
26
27
26
18
25
29
25
29
26
26
17
26
17
17
18
23
30
25
33
23
24
20
20
25
21
21
17
22
17
17
25
22
20
19
24
20
27
17
23
19
16
23
25
25
18
18
25
22
14
19
13
20
16
24
18
17
38
108
390
821
822
364
99
27
19
13
20
12
13
15
12
27
14
16
20
10
18
18
14
14
14
19
15
23
15
11
7
15
14
22
12
12
17
9
10
10
8
8
9
11
10
9
11
12
10
13
12
5
17
11
13
15
11
14
10
15
17
12
12
8
17
50
160
293
266
122
26
9
19
10
8
6
12
7
11
10
11
8
15
10
4
10
12
11
9
10
9
4
8
4
8
6
8
6
9
12
7
11
9
10
13
6
9
8
11
7
11
3
10
8
2
5
6
11
6
3
9
6
5
10
5
6
3
4
6
1
13
6
7
5
3
3
3
7
4
5
2
8
5
4
7
8
8
6
4
5
4
4
5
8
3
10
5
7
4
5
10
2
6
4
9
5
7
6
9
4
4
3
5
4
5
9
6
4
5
5
7
2
2
1
3
4
3
7
5
6
2
1
2
0
2
4
3
1
2
4
4
4
3
5
4
3
8
3
2
3
3
2
4
3
2
5
5
1
3
5
3
3
1
2
4
5
2
2
2
2
3
4
3
2
0
3
1
5
2
0
1
3
2
0
0
6
4
0
3
3
2
2
3
3
1
0
3
3
1
4
1
2
2
1
2
2
2
3
3
1
1
4
3
6
4
2
2
2
2
0
1
2
2
0
3
0
4
0
4
1
0
1
0
2
2
2
3
0
0
1
2
2
1
0
4
1
9
8
10
4
3
0
0
2
0
1
1
0
0
0
1
1
0
0
1
0
0
1
0
0
3
2
1
0
1
2
0
1
1
1
0
1
1
0
2
1
1
0
2
2
0
2
0
0
0
1
1
2
0
0
0
1
1
0
0
0
0
2
1
1
0
0
0
2
0
0
0
0
0
1
0
1
2
0
0
0
0
1
2
2
0
2
2
1
1
0
0
0
0
1
1
2
2
1
0
0
0
0
0
1
0
0
0
1
0
0
0
1
1
0
1
0
1
2
0
0
0
1
0
1
0
0
1
1
0
1
1
0
0
1
0
0
0
0
0
0
0
1
0
1
0
0
0
0
0
0
1
2
1
0
0
1
0
1
1
1
0
1
1
0
0
0
0
0
0
1
0
1
2
0
0
0
2
0
0
2
0
0
0
0
1
0
0
1
0
0
2
0
0
1
0
1
1
2
0
0
1
1
0
0
1
1
0
1
0
0
2
0
0
0
1
1
1
0
0
2
0
0
1
0
0
0
1
0
0
0
1
0
0
0
1
0
0
0
0
0
1
0
0
0
0
0
0
0
1
0
0
0
0
0
0
0
0
0
0
0
1
0
0
0
0
0
0
0
0
0
0
0
0
0
0
0
0
0
0
0
0
0
0
0
0
0
0
0
0
0
0
0
0
0
0
0
0
0
0
0
0
1
0
0
1
0
0
0
0
0
0
0
0
1
0
0
0
0
0
0
0
0
1
1
0
1
0
0
2
0
2
1
0
1
0
2
2
0
0
2
0
0
2
0
0
1
1
0
0
0
1
1
0
0
1
3
1
0
1
0
2
0
1
0
0
0
0
1
1
0
0
0
0
0
0
0
1
1
0
0
0
0
0
1
0
0
0
0
0
0
0
0
0
0
1
0
0
0
1
0
0
0
0
0
0
1
0
0
0
0
0
0
1
0
2
0
0
0
0
0
0
1
0
0
0
0
0
0
0
0
0
0
1
0
0
0
1
1
0
2
5
5
4
1
1
0
0
0
1
0
1
1
2
0
1
0
0
2
0
0
0
1
0
0
0
1
0
0
0
0
0
0
0
0
0
0
0
0
1
0
0
1
0
0
0
0
0
0
0
1
0
0
0
0
0
0
0
0
1
0
0
0
0
0
0
0
0
1
1
0
0
1
1
0
1
0
0
1
1
0
0
0
0
0
0
0
0
0
0
0
0
0
0
0
0
0
0
0
0
0
0
0
0
0
0
0
2
0
0
0
0
0
0
0
0
0
1
1
0
0
0
0
0
0
0
1
1
0
0
0
0
0
0
1
0
1
0
1
0
0
0
0
1
0
0
0
1
0
1
0
0
0
0
0
0
0
0
0
0
0
0
0
0
0
1
0
0
0
0
0
1
0
0
0
0
0
0
0
0
0
0
0
1
0
0
0
0
0
1
0
1
0
1
1
0
0
0
0
0
0
0
0
0
0
0
0
0
0
0
0
0
2
0
1
0
1
0
0
0
0
0
0
0
1
0
0
0
0
0
0
0
0
0
0
0
0
1
0
0
1
0
1
1
1
3
2
2
0
0
0
0
0
0
1
0
1
0
0
0
0
0
0
0
0
1
0
0
1
1
0
1
1
0
0
0
0
1
0
0
0
0
0
0
0
2
0
0
1
0
0
1
0
0
0
0
0
0
0
0
0
0
0
1
1
2
0
0
0
1
0
0
0
0
0
0
1
0
0
0
0
0
0
0
0
0
0
0
1
0
0
0
0
1
0
0
0
0
0
0
0
0
0
0
1
0
0
1
0
0
0
0
2
0
0
0
0
1
0
0
0
1
0
0
0
0
0
0
0
0
0
0
1
0
0
1
0
0
1
0
0
0
0
0
0
0
0
1
0
0
0
1
0
0
0
0
0
0
0
0
0
1
0
0
0
0
1
0
0
0
0
1
2
2
0
0
1
1
1
0
0
0
0
0
0
2
1
0
0
1
0
0
0
0
0
0
0
0
0
0
0
0
0
0
0
0
0
0
0
0
0
0
0
0
0
0
0
0
0
1
0
0
0
0
0
0
0
1
1
0
0
0
1
0
0
2
1
0
0
0
0
0
0
1
0
0
1
0
1
1
0
0
0
1
0
1
0
0
0
0
0
1
0
0
1
0
0
0
0
0
0
0
0
0
0
0
0
0
0
0
0
0
0
0
0
0
0
0
0
0
0
0
0
0
0
0
0
0
0
0
0
0
0
0
0
1
0
0
0
0
0
0
0
0
1
1
0
0
0
0
0
0
0
0
0
0
2
0
0
1
0
0
0
0
0
0
0
0
0
0
0
0
2
0
0
0
0
1
0
0
0
0
0
2
0
0
0
0
0
1
0
0
0
0
0
1
0
0
0
1
0
0
0
0
1
0
0
0
0
0
1
0
1
0
0
1
0
0
0
0
1
0
0
0
0
0
0
0
0
0
0
0
0
0
0
0
1
0
1
0
0
0
2
0
0
0
0
0
0
0
1
0
0
0
1
0
0
1
0
0
0
0
1
0
1
0
0
0
0
0
0
1
0
0
1
0
0
0
1
0
0
1
0
0
0
0
0
1
0
0
0
1
0
0
0
0
0
0
0
1
0
0
0
0
0
0
1
0
2
0
0
0
0
0
0
1
0
1
2
0
0
1
0
0
0
0
0
0
0
1
0
0
0
0
0
0
0
1
1
0
0
1
0
1
0
0
0
0
1
0
0
0
0
0
0
1
1
0
1
1
0
1
0
0
0
0
0
0
1
0
0
0
1
0
1
0
0
1
1
0
1
0
0
0
0
0
0
0
0
0
0
0
0
0
1
0
0
0
0
0
0
0
0
0
0
0
0
0
0
0
1
0
0
0
0
1
0
1
1
0
0
0
0
0
1
0
0
0
0
0
0
0
0
0
0
0
0
0
1
0
0
0
0
0
0
0
0
0
0
0
0
0
0
0
0
2
0
0
0
0
0
0
0
0
1
0
0
1
0
0
0
0
0
1
0
0
0
0
0
0
0
0
0
0
0
0
0
0
1
0
0
0
0
0
1
0
1
0
0
1
0
0
0
0
0
0
0
0
1
0
0
1
0
0
0
1
0
0
1
1
0
0
0
0
0
0
0
0
0
0
0
0
0
2
0
0
0
0
0
0
0
0
1
0
0
0
1
1
0
1
0
0
0
0
0
0
2
1
0
1
0
0
0
0
0
0
0
0
0
0
0
0
0
0
0
0
0
0
0
0
0
0
0
0
0
1
1
0
0
0
1
2
0
0
2
0
0
0
1
0
0
1
0
1
0
1
0
0
1
1
0
0
0
2
0
0
0
0
0
0
0
1
0
0
1
1
0
0
0
0
0
0
0
0
0
0
0
0
0
0
0
0
1
0
0
0
0
0
2
0
0
0
0
2
0
0
1
1
0
0
0
0
0
0
1
0
1
0
0
0
0
0
0
0
0
0
0
0
0
0
0
0
0
1
1
0
0
0
0
0
0
1
0
1
0
0
0
0
0
0
0
0
0
0
0
0
0
1
0
0
0
0
2
0
0
0
0
0
1
0
0
0
0
1
0
0
0
0
0
1
0
1
1
0
0
0
1
0
0
0
1
0
1
0
0
0
2
0
1
0
1
0
0
0
0
0
0
1
0
0
0
1
0
0
0
0
1
1
0
0
0
0
0
0
1
0
0
0
1
0
0
0
0
0
0
0
0
0
0
0
0
0
0
0
1
0
0
0
0
0
1
0
1
2
1
0
0
0
0
1
1
0
0
0
0
0
1
0
0
0
0
0
1
0
0
1
0
0
1
0
1
0
0
0
0
0
0
0
1
0
0
1
0
0
0
0
0
1
0
1
0
0
0
0
0
0
0
0
1
0
1
0
0
0
0
1
0
0
0
0
0
0
0
1
0
1
0
0
0
1
0
0
1
0
0
0
0
0
0
1
1
1
0
0
0
3
0
0
0
1
0
0
0
0
0
0
0
0
0
0
0
0
0
0
0
0
0
0
0
0
1
1
0
1
0
1
1
0
0
0
0
0
0
1
0
0
0
0
0
0
0
0
0
0
0
0
0
2
0
1
0
0
1
0
0
0
0
0
0
0
1
1
0
0
0
0
0
0
0
0
0
0
0
1
1
0
2
0
0
0
0
3
0
1
0
0
0
1
0
0
1
0
0
1
0
1
0
1
0
1
0
0
0
0
0
2
0
0
0
1
0
0
0
0
0
0
0
0
0
0
0
1
2
0
0
0
0
1
0
0
1
0
0
0
1
0
0
0
0
0
0
0
1
1
0
0
0
0
0
1
2
1
1
0
3
0
1
0
1
0
1
0
0
0
0
0
1
0
0
1
0
0
1
0
1
1
1
1
1
1
1
0
1
0
0
0
1
1
0
0
0
0
0
0
0
1
0
0
0
1
0
0
0
1
0
1
0
0
0
0
0
1
0
1
0
0
2
0
0
0
1
0
1
0
0
0
0
0
2
0
0
0
0
1
1
0
0
0
0
0
0
1
0
0
1
1
1
0
1
0
0
0
2
1
0
0
1
0
0
0
0
2
1
0
0
0
0
1
0
0
0
0
0
0
0
0
0
0
1
0
0
1
0
0
1
0
0
0
0
0
0
1
0
0
0
0
0
1
0
1
0
0
0
1
0
0
0
0
1
0
0
2
0
0
0
0
1
0
1
0
0
0
1
0
1
0
1
1
0
1
0
0
0
1
0
1
0
0
0
0
0
0
0
1
0
0
1
0
0
0
0
1
0
0
0
1
0
1
1
1
0
0
1
0
0
1
0
0
0
1
0
0
1
0
0
0
0
1
0
1
0
0
0
0
1
0
0
0
0
0
0
0
0
1
0
0
0
0
0
0
0
0
1
1
0
0
2
0
0
1
2
0
0
1
1
0
0
0
0
0
0
0
0
0
0
1
2
0
1
0
0
1
0
0
1
1
1
0
1
0
0
0
0
0
1
0
0
1
0
0
0
0
1
0
0
0
1
0
1
0
1
0
0
0
0
0
1
0
1
1
0
0
0
0
0
0
0
1
0
1
0
1
0
0
0
0
0
0
1
0
2
0
0
1
0
0
0
0
0
1
0
1
0
0
1
0
1
1
0
0
0
0
1
1
1
0
0
2
0
1
0
0
1
1
0
0
0
2
0
1
0
0
1
0
0
1
0
0
0
1
1
0
1
0
0
1
0
1
1
0
0
1
1
0
0
0
1
0
1
0
0
0
0
1
0
0
0
0
0
0
0
0
0
0
0
0
0
0
0
1
0
1
0
0
0
0
0
0
0
0
0
0
0
0
0
0
0
0
0
0
0
1
0
0
0
0
0
0
0
0
0
0
0
0
0
0
1
0
0
1
1
0
0
0
0
0
0
0
0
1
0
0
1
1
0
0
1
1
0
0
0
0
0
0
0
0
0
0
0
1
1
1
0
2
1
0
0
0
0
0
0
0
1
1
1
0
0
0
1
1
0
0
1
2
0
1
0
0
0
0
1
0
0
0
1
1
0
0
0
1
0
0
0
0
1
1
0
2
0
0
0
0
0
0
0
0
2
0
0
1
1
1
0
0
0
0
0
0
1
0
2
0
0
0
0
1
1
1
1
1
1
1
0
1
0
0
0
0
0
0
1
0
0
0
0
0
0
1
0
0
2
0
1
0
0
0
1
0
0
0
0
0
0
0
0
0
0
0
1
0
0
0
2
0
0
0
1
0
0
0
0
0
0
0
1
0
0
0
1
1
1
0
0
0
1
1
0
0
1
0
0
0
0
0
0
0
1
2
0
0
1
1
4
0
1
0
0
0
3
0
0
0
0
0
0
1
0
0
0
0
0
2
0
0
1
1
2
1
1
0
0
0
0
0
0
0
0
1
2
0
0
0
0
1
0
0
0
0
0
0
0
0
2
0
0
0
0
0
3
0
0
0
0
0
1
1
0
4
2
0
0
0
0
0
1
0
0
1
0
0
0
1
1
1
1
0
0
0
0
0
0
1
1
0
0
0
2
0
1
1
0
1
1
1
0
0
0
0
2
1
0
1
2
0
0
0
2
2
1
0
2
0
1
0
0
0
1
0
1
2
1
1
1
0
0
2
0
0
0
0
0
0
0
1
1
0
0
0
0
0
0
0
0
0
2
0
0
0
1
0
0
1
0
0
0
0
0
0
0
0
0
0
0
0
0
0
1
0
0
0
0
0
0
1
1
0
1
0
0
1
0
0
0
0
0
1
1
0
0
0
0
1
0
2
0
0
0
0
2
1
0
0
0
0
0
0
0
0
2
1
0
2
0
1
1
1
0
0
0
0
1
1
0
2
0
0
1
0
0
0
2
0
1
1
0
1
0
2
2
0
0
2
1
0
0
1
1
0
1
0
1
0
2
1
1
0
2
0
0
0
1
0
0
1
0
1
0
0
0
0
1
1
0
0
2
2
0
0
0
1
3
1
0
1
0
2
1
3
0
1
0
0
0
0
0
1
0
0
0
1
0
0
0
0
0
0
1
1
1
0
0
2
2
0
2
1
0
1
0
2
0
3
0
0
1
1
1
0
0
0
1
0
0
0
2
1
0
0
0
0
0
0
1
0
0
0
2
2
1
0
2
2
1
0
0
1
0
1
0
0
0
1
0
1
0
0
0
2
0
0
1
0
0
0
1
1
2
1
1
0
0
0
0
0
1
1
0
1
1
0
0
0
0
0
0
0
1
0
1
0
0
2
1
1
0
0
1
1
2
1
1
1
0
0
2
0
1
1
0
0
0
4
1
0
0
1
0
1
0
1
2
0
0
0
0
0
1
0
3
2
2
1
0
1
1
2
0
1
0
1
0
1
0
1
1
0
0
0
2
1
1
0
0
0
0
2
2
0
1
0
0
0
0
1
1
0
0
1
0
2
0
2
1
0
0
1
1
0
0
0
2
1
0
3
0
1
0
2
0
1
0
0
0
0
2
1
1
1
0
0
3
1
2
0
1
1
1
1
2
1
4
2
0
1
0
2
2
0
0
0
1
1
0
2
1
4
3
1
0
1
1
1
0
1
0
1
2
1
2
0
0
0
1
2
1
1
0
2
1
1
0
1
1
1
2
1
0
0
0
0
1
0
1
1
2
0
0
2
1
2
1
2
0
1
2
0
1
1
2
0
2
1
1
3
3
0
2
1
1
0
1
0
0
2
3
2
0
2
0
0
0
0
2
0
1
2
1
1
0
1
1
2
2
0
5
2
3
0
1
2
2
0
1
2
1
1
0
5
3
1
3
1
0
0
0
3
0
3
2
2
1
0
1
1
3
1
1
3
0
1
1
2
3
5
6
5
2
1
3
3
2
0
0
2
1
2
4
1
2
1
0
2
2
2
1
3
0
1
1
0
1
1
1
3
2
2
2
3
1
0
1
2
2
0
2
0
2
0
2
3
2
1
1
1
2
1
3
1
3
2
3
3
5
3
4
4
0
2
3
2
2
0
4
0
3
1
4
3
1
2
1
1
3
0
0
5
2
1
3
2
3
1
2
2
2
7
4
4
3
2
2
4
2
2
3
2
5
2
1
1
1
2
0
2
4
4
1
6
5
2
0
3
3
3
3
5
8
3
0
3
2
3
8
4
3
2
2
1
3
3
5
3
3
5
1
3
2
4
2
4
2
3
5
7
1
6
9
7
4
2
2
4
3
6
5
2
7
5
3
4
7
2
8
6
4
4
2
6
5
0
1
2
5
8
4
6
7
1
4
9
2
2
4
4
2
1
3
3
5
3
6
3
1
2
2
2
1
2
